1 -2.32178 209.788 -1.0 209.788 -1.0
1 -2.32178 209.788 -1.0 209.788 -1.0
1 -2.32178 209.788 -1.0 209.788 -1.0
1 -2.32178 209.788 -1.0 209.788 -1.0
5 -15.4146 370.772 1210.4 74.1544 242.08
7 -19.3554 262.678 582.178 37.52542857142857 83.16828571428572
7 -23.4107 843.989 2209.96 120.56985714285715 315.7085714285714
8 -23.0868 367.448 768.857 45.931 96.107125
1 -2.32178 209.788 -1.0 209.788 -1.0
1 -2.32178 209.788 -1.0 209.788 -1.0
1 -2.32178 209.788 -1.0 209.788 -1.0
1 -2.32178 209.788 -1.0 209.788 -1.0
1 -2.32178 209.788 -1.0 209.788 -1.0
1 -2.32178 209.788 -1.0 209.788 -1.0
1 -2.32178 209.788 -1.0 209.788 -1.0
1 -2.32178 209.788 -1.0 209.788 -1.0
1 -2.32178 209.788 -1.0 209.788 -1.0
1 -2.32178 209.788 -1.0 209.788 -1.0
