1 -2.32178 209.788 -1.0 209.788 -1.0
1 -2.32178 209.788 -1.0 209.788 -1.0
1 -2.32178 209.788 -1.0 209.788 -1.0
1 -2.32178 209.788 -1.0 209.788 -1.0
10 -33.7651 1173.69 2379.63 117.369 237.96300000000002
10 -25.9921 230.629 397.379 23.0629 39.7379
10 -24.0158 152.496 252.106 15.249600000000001 25.2106
4 -18.1214 33912.6 1097700.0 8478.15 274425.0
1 -2.32178 209.788 -1.0 209.788 -1.0
1 -2.32178 209.788 -1.0 209.788 -1.0
1 -2.32178 209.788 -1.0 209.788 -1.0
1 -2.32178 209.788 -1.0 209.788 -1.0
1 -2.32178 209.788 -1.0 209.788 -1.0
1 -2.32178 209.788 -1.0 209.788 -1.0
1 -2.32178 209.788 -1.0 209.788 -1.0
1 -2.32178 209.788 -1.0 209.788 -1.0
1 -2.32178 209.788 -1.0 209.788 -1.0
1 -2.32178 209.788 -1.0 209.788 -1.0
