1 -2.32178 209.788 -1.0 209.788 -1.0
1 -2.32178 209.788 -1.0 209.788 -1.0
1 -2.32178 209.788 -1.0 209.788 -1.0
1 -2.32178 209.788 -1.0 209.788 -1.0
12 -50.4248 15924.5 38377.0 1327.0416666666667 3198.0833333333335
24 -82.3971 1976.45 2711.53 82.35208333333334 112.98041666666667
18 -53.5384 942.657 1410.31 52.36983333333333 78.35055555555556
20 -63.5394 1060.93 1503.04 53.0465 75.152
1 -2.32178 209.788 -1.0 209.788 -1.0
1 -2.32178 209.788 -1.0 209.788 -1.0
1 -2.32178 209.788 -1.0 209.788 -1.0
1 -2.32178 209.788 -1.0 209.788 -1.0
1 -2.32178 209.788 -1.0 209.788 -1.0
1 -2.32178 209.788 -1.0 209.788 -1.0
1 -2.32178 209.788 -1.0 209.788 -1.0
1 -2.32178 209.788 -1.0 209.788 -1.0
1 -2.32178 209.788 -1.0 209.788 -1.0
1 -2.32178 209.788 -1.0 209.788 -1.0
