1 -2.32178 209.788 -1.0 209.788 -1.0
1 -2.32178 209.788 -1.0 209.788 -1.0
1 -2.32178 209.788 -1.0 209.788 -1.0
1 -2.32178 209.788 -1.0 209.788 -1.0
1 -7.9282 9206.64 8.47622E7 9206.64 8.47622E7
1 -2.32178 209.788 -1.0 209.788 -1.0
1 -2.32178 209.788 -1.0 209.788 -1.0
1 -2.32178 209.788 -1.0 209.788 -1.0
1 -2.32178 209.788 -1.0 209.788 -1.0
1 -2.32178 209.788 -1.0 209.788 -1.0
1 -2.32178 209.788 -1.0 209.788 -1.0
1 -2.32178 209.788 -1.0 209.788 -1.0
1 -2.32178 209.788 -1.0 209.788 -1.0
1 -2.32178 209.788 -1.0 209.788 -1.0
1 -2.32178 209.788 -1.0 209.788 -1.0
1 -2.32178 209.788 -1.0 209.788 -1.0
1 -2.32178 209.788 -1.0 209.788 -1.0
1 -2.32178 209.788 -1.0 209.788 -1.0
