1 -2.32178 209.788 -1.0 209.788 -1.0
1 -2.32178 209.788 -1.0 209.788 -1.0
1 -2.32178 209.788 -1.0 209.788 -1.0
1 -2.32178 209.788 -1.0 209.788 -1.0
6 -21.0739 1024.6 3253.22 170.76666666666665 542.2033333333333
7 -17.2844 144.728 294.58 20.675428571428572 42.082857142857144
11 -34.2915 720.492 1310.43 65.49927272727273 119.13000000000001
5 -26.0369 21852.0 161209.0 4370.4 32241.8
1 -2.32178 209.788 -1.0 209.788 -1.0
1 -2.32178 209.788 -1.0 209.788 -1.0
1 -2.32178 209.788 -1.0 209.788 -1.0
1 -2.32178 209.788 -1.0 209.788 -1.0
1 -2.32178 209.788 -1.0 209.788 -1.0
1 -2.32178 209.788 -1.0 209.788 -1.0
1 -2.32178 209.788 -1.0 209.788 -1.0
1 -2.32178 209.788 -1.0 209.788 -1.0
1 -2.32178 209.788 -1.0 209.788 -1.0
1 -2.32178 209.788 -1.0 209.788 -1.0
