-4.759 
n/a 
n/a 
n/a 
n/a 
-4.759 
n/a 
n/a 
n/a 
n/a 
-4.759 
n/a 
n/a 
n/a 
n/a 
-4.759 
n/a 
n/a 
n/a 
n/a 
-4.7445 -4.698 -1.756 -6.318501 -2.229 -3.4075 -4.304 -3.152 -4.196 -1.934 -3.7485 -1.756 -1.934 -2.9705 -1.4985 -4.1205 -2.7415 -4.494 -1.7695 -4.392 -4.179 0 
-6.224 -5.804501 -8.1385 -7.757 -5.1175 -5.7825 -7.497001 -6.0035 -5.016 -5.12 -5.521 -4.0205 -4.051 -4.186 -4.752501 -7.016 -6.5375 -5.2735 -7.334001 -9.828001 -4.179 
-7.55 -13.3072 -9.337 -11.1439 -7.594501 -8.453 -9.127001 -6.6395 -6.8795 -6.1365 -7.283 -6.128 -4.6815 -7.292001 -7.026501 -10.4505 -6.9845 -12.5136 -13.0964 -9.828001 
-15.2715 -14.5057 -12.7877 -13.6209 -10.2805 -10.333 -9.1745 -8.3865 -7.8535 -7.778501 -9.873501 -6.773 -7.7555 -8.987501 -10.4505 -10.8975 -14.2402 -18.276 -13.0964 
-16.47 -17.9564 -15.2647 -16.3069 -12.1605 -10.3805 -9.187 -9.144 -9.966001 -10.45 -10.578 -9.878 -9.519501 -12.4451 -10.8975 -18.1532 -20.0026 -18.276 
-1.934 -3.7485 0 -4.7445 -4.698 -1.756 -4.4925 -3.4075 -4.304 -2.7415 -4.196 -1.756 -1.4985 -3.0835 -2.871 -3.251 -1.4985 -3.2895 -4.204 -3.5035 0 
-5.12 -3.7485 -4.7445 -6.224 -5.804501 -5.4075 -7.297 -5.7825 -6.757 -5.228 -5.6835 -3.0405 -3.535 -5.3085 -5.912 -4.5775 -4.862 -8.798 -8.960501 -3.5035 
-5.12 -8.363501 -6.224 -7.55 -9.8695 -8.302 -8.249001 -8.0135 -8.695001 -6.8805 -6.888 -5.3975 -5.406 -7.795 -7.231 -7.883 -10.044 -13.9117 -8.960501 
-9.634501 -9.209001 -7.55 -11.8338 -12.998 -10.3955 -11.4922 -9.585001 -9.818501 -7.794 -8.626 -7.198 -7.878 -8.960501 -10.6735 -13.6352 -15.1577 -13.9117 
-10.608 -10.5045 -11.8338 -14.9623 -15.0915 -14.2409 -13.0637 -10.599 -10.9552 -9.115001 -10.5417 -9.503 -9.072001 -12.5302 -16.4257 -18.7489 -15.1577 
-1.934 -3.7485 -3.9535 -8.226001 -4.698 -1.756 -6.0395 -3.4075 -3.774 0 -2.0935 -3.5035 -1.756 -3.333 
-5.12 -8.3735 -13.3673 -10.6215 -5.804501 -7.508 -10.647 -5.686 -3.774 -2.0935 -5.7365 -4.74 -5.3565 
-8.901 -17.9319 -15.7628 -11.728 -12.6767 -12.6115 -12.9255 -5.686 -4.8635 -5.7365 -6.498 -5.9205 
-18.5158 -20.3274 -16.8693 -18.6002 -17.7802 -14.89 -12.9255 -6.323 -9.22 -6.498 -7.582 
-20.9113 -21.4339 -23.7415 -23.7037 -20.0587 -14.89 -13.5625 -10.155 -9.780001 -7.582 
-1.934 -3.7485 0 -7.438 -4.698 -1.756 -4.4925 0 -3.4075 -3.545 -3.152 -4.5485 
-5.12 -3.7485 -7.438 -9.7325 -5.804501 -5.4075 -4.4925 -3.4075 -7.3675 -6.7895 -6.251 
-5.12 -11.1355 -9.7325 -10.839 -9.8695 -5.4075 -7.297 -7.3675 -11.5636 -10.4345 
-13.013 -13.43 -10.839 -14.904 -9.8695 -8.302 -10.7175 -11.5636 -15.2086 
-15.3075 -14.5365 -14.904 -14.904 -12.998 -12.0681 -16.0776 -15.2086 
