-4.759 
n/a 
n/a 
n/a 
n/a 
-4.759 
n/a 
n/a 
n/a 
n/a 
-4.759 
n/a 
n/a 
n/a 
n/a 
-4.759 
n/a 
n/a 
n/a 
n/a 
-2.3615 -2.186 -1.4985 -3.699 -4.002 -2.3335 -3.345 -1.7565 -1.4985 -3.6765 -2.742 -3.8185 -2.4265 -1.934 -1.4985 -3.3435 0 
-3.5005 -3.339 -5.264 -7.4645 -5.6105 -5.1365 -4.3855 -2.4195 -4.501 -5.9375 -5.5055 -6.086 -4.3385 -2.6125 -4.6745 -3.3435 
-4.3105 -6.9335 -8.8695 -8.8985 -8.820001 -6.0915 -4.688 -5.357 -6.7885 -8.927 -7.503 -7.7475 -4.9635 -5.4705 -4.6745 
-7.7365 -11.1118 -9.767 -12.3384 -10.1675 -6.489501 -8.7075 -8.598001 -9.696501 -10.6215 -9.1765 -8.303 -8.627 -5.4705 
-12.1964 -12.0093 -13.4251 -13.6859 -10.4255 -10.617 -12.6297 -11.7662 -11.468 -12.7928 -9.818001 -12.2593 -8.627 
-4.0215 -3.2645 -3.8185 -3.1495 -6.526 -1.934 -3.237 -3.3435 0 
-5.9435 -5.8795 -5.514 -9.384501 -7.177501 -4.921 -6.059501 -3.3435 
-8.1235 -7.518 -13.1268 -10.3295 -9.853001 -6.561 -6.059501 
-9.896 -15.1374 -14.0718 -13.005 -10.517 -6.561 
-17.5676 -16.0824 -16.7473 -13.669 -10.517 
-1.934 -3.8225 -3.3435 -3.6055 -2.871 -3.3875 -3.8185 -3.1495 -5.438 -2.5045 -2.3615 -2.871 -2.186 -3.9005 -2.871 -2.0935 -4.0215 0 
-5.219 -6.9965 -6.797501 -5.363 -5.659 -5.922 -5.514 -9.599501 -8.774 -4.9645 -4.583 -4.751 -6.5725 -7.2205 -4.9555 -4.962501 -4.0215 
-8.288 -10.2185 -8.429001 -7.6975 -8.153501 -7.261 -13.3418 -13.0005 -11.3956 -6.2825 -5.619 -9.0175 -9.635 -8.761001 -7.7375 -4.962501 
-11.815 -12.0952 -10.426 -10.181 -9.894 -15.5468 -16.7428 -15.6221 -12.7136 -7.553 -9.694 -12.2324 -11.2415 -11.646 -7.7375 
-13.6917 -14.0922 -12.9095 -11.9839 -18.2852 -18.9478 -19.3644 -16.9401 -13.9841 -11.7532 -13.1559 -13.8389 -14.1265 -11.646 
-1.7695 -3.956 -1.934 -3.564 -3.3435 -3.6055 -8.4425 -3.564 -3.3435 
-4.6005 -5.707 -5.3585 -5.8305 -6.797501 -10.4765 -12.4155 -5.8305 
-6.287 -10.085 -7.3535 -9.356501 -14.1535 -14.4495 -14.682 
-10.328 -12.1588 -10.757 -16.6789 -18.1265 -16.716 
-12.4018 -15.5623 -18.0794 -20.6519 -20.393 
