-4.759 
n/a 
n/a 
n/a 
n/a 
-4.759 
n/a 
n/a 
n/a 
n/a 
-4.759 
n/a 
n/a 
n/a 
n/a 
-4.759 
n/a 
n/a 
n/a 
n/a 
-2.7835 -1.4985 -4.764 -1.7565 -1.4985 -3.995 -6.4125 -2.664 -5.411 -5.005 -4.257 0 -3.851 -1.7695 -1.4985 -4.4915 -3.6615 -1.934 -1.4985 -4.113 0 -4.51 -3.251 -4.1455 -4.7425 -2.742 -2.674 -1.7695 -2.489 -5.059 0 
-3.7575 -5.909 -5.776 -2.4195 -4.712 -9.783 -8.118 -6.5265 -9.771 -6.7865 -4.257 -3.851 -4.0015 -2.7955 -5.5765 -7.647 -4.437 -2.6125 -5.425 -4.113 -4.51 -9.401001 -8.5415 -7.738 -6.917 -4.275 -3.787 -3.1405 -6.491 -5.059 
-8.068501 -6.313 -6.1685 -5.2205 -10.1265 -11.7875 -12.4217 -10.264 -11.6813 -6.7865 -7.788 -4.0015 -4.5775 -6.3885 -8.821501 -7.841001 -5.0245 -6.684 -5.425 -9.059501 -9.401001 -14.8655 -12.316 -9.992001 -8.169001 -4.849 -4.6775 -7.065001 -6.491 
-8.8205 -6.753 -8.123 -10.7728 -12.2992 -16.0912 -16.1592 -12.1743 -11.6813 -10.1345 -7.8285 -4.5775 -7.3745 -9.746501 -9.157001 -8.826501 -7.673 -6.684 -10.3885 -14.3779 -14.8655 -18.64 -14.57 -11.3986 -9.675501 -5.7245 -9.3135 -7.065001 
-9.160501 -8.372001 -13.9567 -12.9455 -16.6029 -19.8287 -18.0695 -12.1743 -15.0293 -10.22 -8.365 -7.3745 -10.199 -10.024 -9.836 -10.2135 -7.673 -12.1057 -15.7069 -19.8424 -18.64 -20.894 -15.9766 -12.9051 -10.08 -10.328 -9.3135 
-3.995 -5.0685 -1.756 -4.993 -2.4265 -4.3765 -2.356 -3.299 -3.518 -3.6615 -2.9705 -2.742 -3.6845 -3.383 -3.869 -3.741 -4.1445 0 
-10.0925 -6.4835 -6.6275 -7.472 -8.152 -6.684 -5.0835 -4.972 -6.7075 -6.2585 -4.601501 -4.8705 -7.1355 -5.7275 -6.0365 -7.0395 -4.1445 
-11.6317 -11.8836 -9.21 -9.961 -10.304 -9.311501 -6.8955 -8.457001 -9.1055 -7.5065 -6.474 -8.432 -9.403501 -8.1335 -8.954 -7.0395 
-17.0318 -14.4661 -11.7446 -12.211 -13.0479 -11.3243 -10.757 -11.389 -10.5985 -9.822001 -9.989 -10.1765 -12.1157 -10.6335 -8.954 
-19.6143 -17.0007 -13.9946 -14.9549 -15.0607 -15.1858 -13.689 -12.882 -12.914 -13.1778 -11.7335 -13.0813 -14.6157 -10.6335 
-2.7835 -1.4985 -3.995 -2.229 -4.9375 -4.4995 -1.7695 -4.2615 -1.4985 -3.949 0 -3.851 -1.7695 -3.299 -5.473 -4.9895 -3.6615 0 -4.869 -4.237 -3.618 -3.2645 -2.674 -3.1125 -5.059 
-3.7575 -4.712 -5.324 -6.736001 -9.125 -5.291 -4.7355 -5.128 -5.016 -3.949 -3.851 -4.0015 -4.948 -9.007501 -10.884 -8.932 -3.6615 -4.869 -9.645 -7.9105 -6.6855 -4.542 -3.6315 -6.999001 
-7.2355 -5.586 -7.0505 -11.4695 -10.3045 -9.281 -5.475 -8.955501 -5.016 -7.8455 -4.0015 -6.3225 -10.1465 -14.8577 -14.8265 -8.932 -8.8715 -9.645 -10.7195 -10.7175 -8.507 -5.3235 -7.3815 
-8.244 -7.2665 -12.0334 -12.649 -14.3119 -9.807501 -9.587501 -8.955501 -9.449 -7.914 -6.3225 -12.0808 -15.9713 -18.8002 -14.8265 -14.3728 -14.1325 -10.7195 -13.5265 -12.539 -9.0535 -10.2425 
-9.239 -12.2608 -13.2129 -16.6564 -14.8384 -13.92 -9.587501 -13.4331 -9.469001 -10.733 -12.0808 -17.9056 -19.9138 -18.8002 -20.2673 -19.6338 -15.207 -13.5265 -15.348 -13.0855 -14.0517 
-3.995 -4.07 -4.1555 -4.07 -1.4985 -3.995 -1.756 -1.4985 -3.7075 -1.934 -2.3615 -3.6065 -3.299 -4.2485 -1.934 -1.4985 -3.034 -3.5285 0 
-8.1785 -7.9645 -7.083001 -5.3895 -4.712 -5.3025 -3.0405 -4.6235 -6.0775 -3.539 -6.81 -7.264 -5.627501 -5.861001 -2.6125 -6.466001 -7.4175 -3.5285 
-12.6054 -8.902 -7.867001 -7.8735 -5.7925 -6.282 -6.186 -6.389501 -7.845 -7.695 -11.0203 -9.517 -7.5855 -6.4115 -7.6235 -11.0593 -7.4175 
-13.5429 -10.554 -9.0965 -8.898001 -6.587501 -7.568 -7.995501 -8.038501 -12.1728 -12.7709 -13.2733 -11.475 -8.120501 -11.9625 -12.4082 -11.0593 
-15.1949 -12.3853 -10.0715 -9.856501 -7.701 -9.1185 -9.741501 -12.4723 -17.2487 -15.0239 -15.2313 -12.01 -13.8939 -16.7472 -12.4082 
