-4.759 
n/a 
n/a 
n/a 
n/a 
-4.759 
n/a 
n/a 
n/a 
n/a 
-4.759 
n/a 
n/a 
n/a 
n/a 
-4.759 
n/a 
n/a 
n/a 
n/a 
-3.5865 -1.7695 -4.176 -4.1965 -2.0935 -4.4545 -3.873 -3.2875 0 
-4.1825 -6.225 -7.806 -6.2285 -6.632 -9 -7.458 -3.2875 
-8.677 -10.3815 -9.7885 -11.3304 -11.6037 -12.7678 -7.458 
-13.2411 -12.364 -15.5924 -16.3021 -15.3715 -12.7678 
-15.2236 -18.1679 -20.5641 -20.0699 -15.3715 
-4.176 -4.795 -3.8055 -12.16972 -3.2875 -3.152 -3.849 -3.251 
-7.0065 -8.4275 -17.12862 -15.45722 -6.6555 -5.9565 -6.446 
-10.4675 -22.09662 -20.41612 -18.82522 -9.288 -7.9445 
-24.13662 -25.38412 -23.78412 -21.45772 -10.7035 
-27.42412 -28.75212 -26.41662 -22.87322 
-1.4985 -4.348 -2.5045 -8.63 -3.152 -3.849 -3.251 
-5.722 -6.4655 -10.4035 -12.141 -5.9565 -6.446 
-7.533501 -14.8931 -13.9145 -14.9455 -7.9445 
-16.4191 -18.4041 -16.719 -16.9335 
-19.9301 -21.2086 -18.707 
-3.982 -4.795 -4.948 -1.934 -8.797501 -2.7415 -5.2645 0 
-9.189501 -8.561001 -6.006001 -10.575 -11.9886 -6.613501 -5.2645 
-13.2201 -9.83 -15.6478 -13.7661 -15.8606 -6.613501 
-14.4891 -19.3776 -18.8389 -17.6381 -15.8606 
-24.0367 -22.5687 -22.7109 -17.6381 
