-4.759 
n/a 
n/a 
n/a 
n/a 
-4.759 
n/a 
n/a 
n/a 
n/a 
-4.759 
n/a 
n/a 
n/a 
n/a 
-4.759 
n/a 
n/a 
n/a 
n/a 
-10.9935 -8.6875 0 -12.16972 -3.594 -2.7455 -5.3885 
-19.681 -8.6875 -12.16972 -15.76372 -5.7965 -8.467001 
-19.681 -21.18562 -15.76372 -17.96622 -12.05 
-32.17912 -24.77962 -17.96622 -24.21972 
-35.77312 -26.98212 -24.21972 
-8.8715 -8.867001 0 -5.3885 -2.229 0 -3.5015 0 -3.5905 -3.098 0 -3.1435 -3.594 -1.7565 -10.9655 0 -3.098 0 -2.7455 -5.3885 
-17.9491 -8.867001 -5.3885 -7.854 -2.229 -3.5015 -3.5015 -3.5905 -6.4015 -3.098 -3.1435 -6.7745 -5.572 -13.6712 -10.9655 -3.098 -3.098 -2.7455 -8.467001 
-17.9491 -14.4921 -7.854 -7.854 -5.486 -3.5015 -7.601501 -6.4015 -6.4015 -6.947001 -6.7745 -8.3695 -18.3875 -13.6712 -14.0635 -3.098 -6.851501 -8.467001 
-23.5742 -16.9576 -7.854 -11.3744 -5.486 -7.601501 -9.915501 -6.4015 -10.2865 -10.9974 -8.3695 -21.8844 -18.3875 -16.7692 -14.0635 -6.851501 -13.179 
-26.0397 -16.9576 -11.3744 -11.3744 -8.966001 -9.915501 -9.915501 -10.2865 -14.3369 -12.5924 -21.8844 -21.8844 -21.4855 -16.7692 -17.817 -13.179 
-24.33944 -3.881 -2.7455 -5.3885 
-28.22044 -5.784 -8.467001 
-30.12344 -11.9569 
-36.29634 
n/a 
-12.16972 0 -2.7455 -5.3885 -12.16972 -2.229 -5.671 
-12.16972 -2.7455 -8.467001 -18.52602 -14.39872 -7.109 
-14.91522 -8.467001 -21.97032 -20.75502 -19.27872 
-20.63672 -21.97032 -24.19932 -25.63502 
-34.14004 -24.19932 -29.07932 
