-4.759 
n/a 
n/a 
n/a 
n/a 
-4.759 
n/a 
n/a 
n/a 
n/a 
-4.759 
n/a 
n/a 
n/a 
n/a 
-4.759 
n/a 
n/a 
n/a 
n/a 
-1.4985 -7.633501 -3.8275 -3.9175 -5.131 -4.281 -6.2515 -2.186 -4.901 -3.147 0 
-9.122001 -12.1314 -7.311 -9.149 -9.175 -9.778 -8.367001 -6.217501 -7.874 -3.147 
-13.9511 -15.6149 -13.0231 -13.5594 -14.8122 -12.0943 -12.6715 -8.961 -7.874 
-17.4346 -21.327 -17.4335 -19.1966 -17.1285 -16.3988 -15.415 -8.961 
-23.1467 -25.7374 -23.0707 -21.5129 -21.433 -19.1423 -15.415 
-3.699 -3.8275 -3.7855 -6.2515 -2.8645 -3.1125 -3.8755 -2.3345 -3.8735 
-8.1765 -8.148001 -11.0145 -8.923 -3.5345 -5.496 -4.4955 -6.6665 
-12.8066 -15.7602 -13.686 -9.816501 -5.7495 -6.4585 -9.259501 
-20.4188 -18.4317 -14.5795 -12.0315 -6.74 -11.7963 
-23.0903 -19.3252 -16.7945 -13.022 -12.1952 
-4.1865 -3.699 -4.525 -6.2515 -2.7415 -3.43 -1.934 -5.3885 
-9.8655 -9.403001 -9.5135 -9.0035 -4.913 -4.639 -6.4035 
-15.7957 -14.4983 -12.3449 -11.2258 -6.030001 -9.173 
-20.891 -17.3297 -14.5672 -12.3428 -10.728 
-23.7224 -19.552 -15.6842 -17.0408 
-3.8735 -2.229 -4.377 -3.8275 -5.1405 -6.2515 -2.186 -4.705 -3.147 0 
-5.3655 -6.2315 -8.415501 -8.51 -10.7025 -8.367001 -6.283 -8.745001 -3.147 
-9.2685 -10.0505 -13.5264 -14.4762 -12.818 -12.737 -10.0575 -8.745001 
-13.1935 -15.1728 -19.4926 -16.5917 -17.188 -16.5115 -10.0575 
-18.3158 -21.139 -21.6081 -20.9617 -20.9625 -16.5115 
