-4.759 
n/a 
n/a 
n/a 
n/a 
-4.759 
n/a 
n/a 
n/a 
n/a 
-4.759 
n/a 
n/a 
n/a 
n/a 
-4.759 
n/a 
n/a 
n/a 
n/a 
-8.110001 -2.7415 -2.664 -4.212 -6.4655 -1.756 -1.8085 -3.237 -4.4385 0 
-9.8325 -4.6625 -4.883 -8.859501 -7.435 -3.584 -4.709 -6.5105 -4.4385 
-11.8347 -6.42 -8.922 -9.408 -8.440001 -6.5625 -7.3785 -6.5105 
-13.5922 -9.8065 -9.448 -10.376 -11.8125 -8.967501 -7.3785 
-16.9787 -10.1665 -10.3975 -13.7485 -14.2175 -8.967501 
-8.110001 -2.186 -1.8085 -3.383 -3.301 -4.4385 
-10.293 -3.164 -4.1695 -4.6415 -7.357 
-11.271 -4.954 -5.2935 -8.1835 
-13.061 -6.0075 -8.290501 
-14.1145 -8.604501 
-8.110001 -2.186 -2.871 -1.7565 -1.4985 -3.2825 -5.1845 -5.003 -1.756 -3.074 -4.126 -5.003 0 
-10.293 -4.247 -3.5385 -2.4195 -3.712 -8.7215 -10.4765 -5.889 -4.566 -7.997001 -9.668001 -5.003 
-12.354 -4.411 -3.7675 -4.687 -9.196501 -14.3243 -11.3625 -9.236501 -9.404 -13.893 -9.668001 
-12.518 -4.5655 -4.982 -10.031 -14.8617 -15.2103 -14.71 -14.0771 -15.3382 -13.893 
-12.6725 -5.5725 -10.176 -15.6962 -15.7477 -18.5578 -19.5506 -20.0113 -15.3382 
-9.634001 -2.7415 -1.4985 -3.4155 -4.0615 -1.756 -3.074 -1.4985 -4.126 -4.4385 0 
-12.6327 -4.063 -4.4155 -7.7345 -5.8355 -4.566 -4.6505 -5.0885 -8.4585 -4.4385 
-13.9542 -6.8325 -9.411501 -8.5845 -8.435 -5.66 -8.328 -9.972 -8.4585 
-16.7237 -12.0493 -10.3871 -11.4508 -9.6785 -9.667 -13.6913 -9.972 
-21.9405 -13.0249 -13.2534 -12.6943 -13.6855 -15.1189 -13.6913 
