-4.759 
n/a 
n/a 
n/a 
n/a 
-4.759 
n/a 
n/a 
n/a 
n/a 
-4.759 
n/a 
n/a 
n/a 
n/a 
-4.759 
n/a 
n/a 
n/a 
n/a 
-3.473 -3.6055 -3.6765 -1.7565 -3.473 0 
-7.6955 -5.728001 -5.5875 -6.304 -3.473 
-10.504 -7.843501 -11.118 -6.304 
-12.6195 -13.7088 -11.118 
-18.4848 -13.7088 
-1.4985 -3.522 -2.7765 -2.489 -3.8535 -2.3345 -4.8975 0 
-4.7705 -6.378 -3.495 -4.6325 -5.069 -6.868 -4.8975 
-7.3155 -6.526 -5.238501 -5.7075 -8.5845 -6.868 
-7.4625 -9.309 -6.2105 -8.829 -8.5845 
-9.631001 -10.369 -8.973001 -8.829 
-4.96 -2.9995 -1.7565 -3.6765 -3.5185 -1.756 -3.8095 -1.4985 -4.928 0 
-8.6495 -4.1995 -5.6915 -7.726 -5.195 -5.2615 -5.2515 -6.494 -4.928 
-10.6345 -9.6555 -9.5865 -9.749001 -7.9985 -6.546 -8.909 -6.494 
-16.0905 -13.6763 -12.0099 -12.6223 -9.1975 -10.194 -8.909 
-20.1113 -16.0997 -14.8832 -13.8213 -12.9781 -10.194 
-2.9995 -2.871 -2.7765 -3.074 -3.7765 -1.4985 -4.928 
-5.056 -4.952 -4.359 -6.609 -5.333 -6.494 
-7.0055 -6.6385 -7.198501 -7.5135 -9.878501 
-10.2585 -9.9375 -7.739 -12.2368 
-13.5575 -10.463 -12.6123 
