-4.759 
n/a 
n/a 
n/a 
n/a 
-4.759 
n/a 
n/a 
n/a 
n/a 
-4.759 
n/a 
n/a 
n/a 
n/a 
-4.759 
n/a 
n/a 
n/a 
n/a 
-3.982 -12.16972 -4.493 0 -3.2615 -10.9655 -3.8275 -4.034 -4.9385 -3.982 -2.229 -4.6805 -3.6445 -5.072 -10.9655 -4.06 -1.934 -12.16972 -6.928 -7.0735 -3.892 
-16.93392 -16.66272 -4.493 -3.2615 -15.3406 -14.793 -7.503 -8.9385 -9.7995 -5.746 -6.596 -7.476 -9.908501 -16.9747 -15.0255 -4.483 -15.11012 -19.09772 -14.8249 -11.5205 
-21.42692 -16.66272 -8.089001 -15.3406 -19.1681 -18.4685 -12.8603 -14.1415 -10.4455 -9.244 -10.0475 -14.168 -21.9766 -21.0347 -15.4485 -18.33492 -22.03812 -26.99462 -19.2719 
-21.42692 -20.25872 -20.4691 -19.1681 -22.8436 -23.8258 -18.0633 -14.7875 -13.9435 -12.9899 -16.8291 -26.2361 -26.0366 -21.4577 -29.30042 -25.26292 -29.93502 -31.44162 
-25.02292 -32.63882 -24.2966 -22.8436 -28.2009 -29.0288 -18.7093 -18.2855 -17.6894 -19.7715 -28.8972 -30.2961 -26.4596 -35.30962 -36.22842 -33.15982 -34.38202 
-4.034 -4.954 -1.4985 -3.873 -4.4585 -1.7565 -4.176 -2.3335 -2.7415 -3.8825 -1.934 -3.8005 -2.229 -9.6315 -3.2615 -12.16972 -4.319 
-8.271 -6.260001 -4.7405 -7.002 -6.77 -5.79 -7.6855 -4.2725 -5.8535 -4.9695 -4.8035 -5.0465 -12.4555 -13.0196 -16.54482 -16.48872 
-9.082001 -8.109501 -8.152 -9.212501 -11.2285 -9.089001 -9.099501 -7.346001 -6.47 -8.441501 -6.2615 -16.459 -15.8436 -26.30292 -20.86382 
-11.5187 -11.8672 -9.846001 -13.7834 -14.5275 -10.61 -12.254 -7.7 -10.172 -9.887 -18.2074 -19.8471 -29.12692 -30.62192 
-15.2764 -13.5612 -14.4741 -17.0824 -16.0485 -13.7645 -12.608 -11.6812 -11.6175 -21.8329 -21.5955 -33.13042 -33.44592 
-4.034 -3.251 -4.9385 -3.982 -2.229 -9.968 -2.229 -5.25 -3.2615 -3.8275 -1.756 -3.982 -2.229 -4.6805 -3.6445 -4.06 -1.934 -9.1875 -4.5685 -1.7565 -3.8005 0 
-7.077001 -7.030001 -9.7995 -5.746 -12.792 -12.6008 -7.828001 -8.182001 -7.115 -5.1855 -5.851 -5.746 -6.596 -7.476 -7.06 -4.483 -10.8215 -14.2276 -5.363 -5.0365 -3.8005 
-10.168 -12.1632 -10.4455 -17.062 -15.4248 -18.1998 -10.7025 -12.2765 -8.6075 -9.017 -7.263 -9.244 -10.0475 -10.1545 -7.817 -14.0463 -15.8616 -15.0221 -5.9065 -5.0365 
-15.3122 -12.8092 -21.7615 -19.6948 -21.0238 -21.0743 -14.797 -13.769 -12.4924 -9.4925 -10.316 -12.9899 -12.8156 -10.3285 -17.6789 -19.0864 -16.6561 -15.5656 -5.9065 
-15.9582 -24.1252 -24.3943 -25.2938 -23.8983 -25.1688 -16.2895 -17.6539 -12.9679 -12.7751 -14.4889 -15.758 -12.9896 -20.4588 -22.719 -19.8809 -17.1996 -15.5656 
-1.934 -4.176 -12.16972 -4.954 -2.674 -5.4015 -3.2615 -12.16972 -4.299 -3.8005 -7.075 -4.4715 -2.7415 -4.954 -2.3345 -7.1835 0 
-5.576 -17.22412 -17.12372 -8.822001 -7.0055 -7.417 -16.54482 -16.46872 -7.9785 -9.517501 -12.3371 -6.914001 -6.5955 -5.698 -9.495001 -7.1835 
-18.98672 -22.17812 -20.99172 -13.3383 -9.101 -21.08272 -20.84382 -20.14822 -14.2501 -14.8792 -14.7796 -9.910501 -6.8385 -13.5333 -9.495001 
-23.94072 -26.04612 -25.50802 -15.4338 -22.76752 -25.38172 -24.52332 -26.41982 -19.6118 -17.3217 -17.7761 -10.237 -14.907 -13.5333 
-27.80872 -30.56242 -27.60352 -29.10032 -27.06652 -29.06122 -30.79492 -31.78152 -22.0543 -20.3182 -18.1026 -18.4475 -14.907 
