-4.759 
n/a 
n/a 
n/a 
n/a 
-4.759 
n/a 
n/a 
n/a 
n/a 
-4.759 
n/a 
n/a 
n/a 
n/a 
-4.759 
n/a 
n/a 
n/a 
n/a 
-12.16972 -12.16972 -12.16972 -12.16972 -9.9215 0 
-24.33944 -24.33944 -24.33944 -22.09122 -9.9215 
-36.50916 -36.50916 -34.26094 -22.09122 
-48.67888 -46.43066 -34.26094 
-58.60038 -46.43066 
-8.205501 -6.1945 -2.186 -3.2955 -1.7695 -3.8095 -1.4985 -4.9405 0 
-14.6962 -7.979001 -4.348001 -3.9425 -4.549 -5.2515 -6.347501 -4.9405 
-16.4807 -10.7175 -4.837 -6.653 -5.863 -9.013 -6.347501 
-19.2192 -11.2065 -7.6365 -7.495501 -9.370501 -9.013 
-19.7082 -14.006 -8.219001 -11.2512 -9.370501 
-1.7695 -3.8095 -10.2555 0 -4.953 -2.186 -3.699 
-4.549 -15.321 -10.2555 -4.953 -6.739 -4.636 
-16.6031 -15.321 -15.2085 -6.739 -8.632501 
-16.6031 -20.274 -16.9945 -8.632501 
-21.5561 -22.06 -18.888 
-3.8755 -4.953 -4.0395 -2.186 -3.849 -5.1845 -4.953 0 
-9.626 -7.987 -5.584001 -4.8565 -8.881001 -8.975 -4.953 
-12.7058 -9.637 -8.003 -10.2755 -12.9111 -8.975 
-14.3558 -12.1048 -13.6764 -14.4386 -12.9111 
-16.8236 -17.7782 -17.8395 -14.4386 
