-4.759 
n/a 
n/a 
n/a 
n/a 
-4.759 
n/a 
n/a 
n/a 
n/a 
-4.759 
n/a 
n/a 
n/a 
n/a 
-4.759 
n/a 
n/a 
n/a 
n/a 
-1.934 -3.691 -4.098 0 -4.3845 -1.756 -4.0445 0 -4.375 -1.7695 -3.676 
-4.8225 -7.862 -4.098 -4.3845 -5.9675 -6.5335 -4.0445 -4.375 -6.6365 -5.5605 
-9.265501 -7.862 -8.88 -5.9675 -11.8244 -6.5335 -8.152 -6.6365 -9.683001 
-9.265501 -13.1462 -10.7292 -11.8244 -11.8244 -11.0428 -11.1423 -9.683001 
-14.7053 -14.9954 -16.5861 -11.8244 -16.3337 -14.0331 -14.1888 
-3.691 -4.375 -4.098 0 -1.756 -4.3845 -4.0445 0 -2.186 -8.9265 -2.5045 -3.676 
-8.144 -9.384501 -4.098 -1.756 -5.699 -9.2575 -4.0445 -2.186 -11.0145 -11.9672 -6.429501 
-13.7959 -9.384501 -6.486 -5.699 -11.1382 -9.2575 -7.191 -11.0145 -14.0552 -15.8922 
-13.7959 -11.9095 -10.9374 -11.1382 -11.1382 -12.5212 -16.2193 -14.0552 -17.9802 
-16.3209 -16.3609 -16.3766 -11.1382 -14.4019 -21.5495 -19.26 -17.9802 

n/a 
n/a 
n/a 
n/a 
-3.691 -3.43 -4.098 0 -1.7565 -4.9975 -1.756 -4.0445 0 -1.7565 -4.375 -2.356 -3.676 
-7.625 -8.429 -4.098 -1.7565 -6.3935 -6.166501 -6.5335 -4.0445 -1.7565 -6.251 -7.1795 -6.3015 
-12.9686 -8.429 -6.3205 -6.3935 -7.2305 -10.228 -6.5335 -6.2135 -6.251 -9.17 -11.6132 
-12.9686 -10.025 -10.159 -7.2305 -11.6686 -10.228 -7.690001 -10.7175 -9.17 -13.9027 
-14.5646 -13.9499 -11.1632 -11.6686 -11.6686 -11.3845 -12.4888 -13.6365 -13.9027 
