-4.759 
n/a 
n/a 
n/a 
n/a 
-4.759 
n/a 
n/a 
n/a 
n/a 
-4.759 
n/a 
n/a 
n/a 
n/a 
-4.759 
n/a 
n/a 
n/a 
n/a 
-3.1495 -3.2895 -3.2955 -1.934 -3.383 -4.5345 -4.053 -2.872 -2.925 -3.152 -4.023 0 -3.668 -1.934 -1.8085 -4.9305 -4.698 -3.1495 -3.2895 -3.0785 
-6.135 -8.000501 -4.2285 -5.5185 -5.8805 -6.4165 -6.7715 -4.5305 -4.203 -6.455501 -4.023 -3.668 -5.226501 -3.2685 -6.73 -9.818501 -7.942 -6.135 -7.276501 
-11.3252 -8.77 -7.619 -7.3095 -8.1385 -9.391001 -8.461 -5.8095 -7.8525 -6.455501 -8.0775 -5.226501 -6.346 -7.940001 -11.9388 -13.5257 -10.419 -9.8105 
-12.0947 -12.5949 -9.415501 -10.9021 -10.702 -11.2209 -9.823501 -9.078 -7.8525 -11.142 -10.0285 -6.346 -11.3119 -13.6808 -15.646 -16.0027 -14.0945 
-15.9196 -14.3914 -12.8657 -13.4656 -13.2247 -12.5834 -13.092 -9.078 -12.523 -13.093 -10.5915 -11.3119 -17.0527 -17.388 -18.123 -19.6782 
-3.4765 -2.3615 -3.2895 -3.152 -3.2955 -1.934 -4.5345 -2.95 0 -2.3615 -3.2895 -4.523 -1.934 -3.849 -3.699 -2.95 -2.0935 -3.668 -3.5455 -12.16972 -4.698 
-6.150001 -7.631001 -6.492001 -5.165 -4.2285 -6.1405 -8.080501 -2.95 -2.3615 -7.631001 -8.882501 -6.3665 -5.1105 -6.259501 -6.824 -4.4955 -3.995 -6.68 -17.14502 -16.86772 
-11.5739 -11.7409 -9.272 -6.0225 -8.257 -10.533 -8.080501 -5.1805 -7.631001 -14.1314 -10.6885 -9.193001 -7.298501 -10.004 -7.526 -6.413 -6.732501 -20.39272 -21.84302 
-15.6838 -14.5209 -10.39 -10.749 -13.3361 -10.533 -10.3745 -10.586 -14.1314 -15.9374 -13.515 -11.6342 -11.708 -10.8938 -10.586 -8.683001 -20.44102 -25.09072 
-18.4638 -15.6389 -15.2451 -15.8281 -13.3361 -12.827 -15.78 -17.4862 -15.9374 -18.7639 -15.9562 -16.0437 -12.5978 -13.9538 -13.3882 -22.51872 -25.13902 
-3.1495 -3.2895 -4.088 -2.489 -3.2955 -2.5045 -4.225 -7.928501 0 -10.7225 -7.2955 
-6.135 -8.872001 -8.121 -3.979 -5.551 -7.5465 -12.465 -8.193001 -10.7225 -18.018 
-12.1967 -13.2378 -9.6425 -6.019001 -10.204 -16.4009 -12.4796 -19.7753 -18.018 
-16.5625 -14.7593 -11.6213 -10.7595 -19.2124 -16.4009 -24.0619 -27.0708 
-18.084 -16.7381 -16.3618 -19.7679 -19.2124 -27.9832 -31.3574 
-2.3615 -3.2895 -3.098 -3.2955 -2.0935 -4.5345 -4.663 0 -2.872 -3.074 -2.9645 -5.1225 -4.698 -4.663 0 
-7.631001 -7.122001 -5.778 -4.307 -6.4335 -7.456 -4.663 -2.872 -4.5415 -5.3025 -9.471001 -6.363 -11.0145 -4.663 
-12.3709 -10.3262 -6.389 -9.1625 -9.521501 -7.456 -6.7085 -4.5415 -7.692 -12.1002 -10.7625 -13.8877 -11.0145 
-15.5751 -10.9372 -11.6935 -12.3821 -9.521501 -9.710501 -8.160501 -7.692 -14.6235 -13.3917 -18.2872 -13.8877 
-16.1861 -16.2417 -14.9131 -12.3821 -11.892 -11.1941 -11.4434 -14.6235 -15.915 -20.9164 -18.2872 
