-4.759 
n/a 
n/a 
n/a 
n/a 
-4.759 
n/a 
n/a 
n/a 
n/a 
-4.759 
n/a 
n/a 
n/a 
n/a 
-4.759 
n/a 
n/a 
n/a 
n/a 
-10.1825 -5.565 
-15.8765 
n/a 
n/a 
n/a 
-10.1825 -5.565 
-15.8765 
n/a 
n/a 
n/a 
-12.16972 0 -2.4265 -2.186 -3.849 -1.4985 -4.721 -5.565 0 0 -4.3955 -1.4985 -4.121 -1.7565 -2.5685 -4.378 -1.7565 -4.3285 -3.0365 -2.4945 -3.1475 -3.9755 -1.7565 -10.1825 -5.565 0 
-12.16972 -2.4265 -3.292 -4.8565 -4.7705 -6.0955 -11.3898 -5.565 0 -4.3955 -5.865 -5.189 -5.211 -3.938 -6.5215 -6.01 -5.384 -7.250501 -3.688 -6.6505 -8.0005 -4.312 -12.8882 -15.8765 -5.565 
-14.59622 -3.292 -5.872 -5.64 -9.330501 -13.5659 -11.3898 -5.565 -4.3955 -5.865 -9.3785 -5.738501 -6.397501 -7.6155 -8.668 -7.179501 -8.135 -7.969 -7.093501 -10.1425 -8.352 -16.2119 -18.5822 -15.8765 
-15.46172 -5.872 -6.717 -10.4035 -16.9041 -13.5659 -11.3898 -10.2985 -5.865 -9.3785 -9.847 -6.5065 -10.5214 -9.705001 -9.511001 -10.038 -8.771501 -11.4813 -10.167 -10.1965 -20.3493 -21.9059 -18.5822 
-18.04172 -6.717 -11.6197 -17.9771 -16.9041 -13.5659 -16.1233 -11.768 -9.3785 -9.847 -10.4805 -10.681 -12.6109 -9.863501 -12.5845 -10.432 -12.2802 -14.5548 -10.2245 -22.1938 -26.0433 -21.9059 
-12.16972 
n/a 
n/a 
n/a 
n/a 
