-4.759 
n/a 
n/a 
n/a 
n/a 
-4.759 
n/a 
n/a 
n/a 
n/a 
-4.759 
n/a 
n/a 
n/a 
n/a 
-4.759 
n/a 
n/a 
n/a 
n/a 
-3.9345 -1.7695 -1.4985 -3.9655 -4.216 0 -3.929 -1.4985 -4.445 -3.3785 -4.752 -3.849 -7.7545 -4.6195 0 -4.251 -2.9805 -2.742 -4.502 -3.091 -4.3365 -3.098 -2.264 -3.9845 -2.5195 -1.4985 -4.432 -4.328 
-3.94 -2.7955 -4.9875 -7.348001 -4.216 -3.929 -4.8985 -5.0495 -6.0245 -9.088 -7.4005 -9.087501 -8.2665 -4.6195 -4.251 -7.4925 -4.7635 -6.2465 -7.408501 -6.9355 -7.544001 -5.162 -6.7305 -5.383 -3.1695 -5.268001 -4.899 
-4.4455 -6.3745 -8.054501 -7.348001 -8.088 -4.8985 -8.387501 -6.434 -12.9258 -11.7699 -13.2535 -11.6265 -7.446001 -8.271501 -7.4925 -9.183001 -8.497001 -9.173 -9.913 -9.89 -8.789001 -9.359 -7.371 -6.2125 -7.078 -5.504 
-8.260501 -9.585501 -8.054501 -11.742 -9.1975 -8.387501 -10.085 -13.7669 -15.6077 -17.6229 -16.0134 -11.8099 -11.6586 -11.8126 -9.183001 -12.9515 -9.7355 -11.7331 -12.9201 -10.7065 -13.2052 -9.955 -7.893001 -9.492001 -7.275 
-11.6157 -9.585501 -12.7217 -12.8515 -12.6991 -10.085 -17.4179 -16.4488 -21.4607 -20.3828 -16.0134 -16.0225 -15.1997 -13.5031 -12.9515 -14.19 -12.3394 -14.7402 -13.7366 -15.1227 -13.8012 -10.6035 -10.0635 -9.5345 
-2.5045 -3.543 -4.579 -1.4985 -4.445 -3.3785 -2.8645 -2.645 -3.519 -1.7565 -4.0735 0 -3.929 -2.9805 -4.078 -3.091 -3.519 -1.7565 -4.0735 -2.3345 -1.4985 -4.77 -1.7565 -1.4985 -4.3105 -4.432 -4.328 0 
-5.323 -8.827001 -6.0345 -5.0495 -6.0245 -6.357 -5.2085 -5.679 -4.6225 -5.7055 -4.0735 -3.929 -5.378 -5.922 -6.2905 -6.0275 -4.6225 -5.7055 -6.429 -3.233 -5.818501 -6.151501 -2.4195 -4.977 -7.135 -4.899 -4.328 
-9.193501 -10.5975 -8.4905 -6.434 -8.317 -8.97 -7.4125 -8.108001 -8.153501 -5.7055 -7.9865 -5.378 -8.386001 -6.974501 -8.167 -7.401 -8.153501 -7.5365 -7.114 -7.671501 -6.5315 -7.0365 -5.7825 -7.8265 -7.198 -4.899 
-11.0336 -13.0535 -9.316 -8.451 -11.2066 -10.523 -9.953 -11.873 -8.153501 -9.211 -9.3485 -8.386001 -9.681001 -8.7735 -9.427 -10.2645 -10.586 -8.0585 -12.0383 -8.2305 -7.28 -10.3345 -8.896001 -7.849 -7.198 
-13.4896 -13.879 -10.6745 -11.3792 -12.7596 -13.0635 -13.718 -11.873 -11.9568 -10.0965 -12.4431 -9.681001 -11.526 -10.0995 -12.3833 -12.697 -11.108 -13.2312 -12.5973 -9.128501 -10.4105 -13.448 -8.948501 -7.849 
-2.5045 -3.543 -4.579 0 -3.929 -5.5475 -2.356 -4.6195 -1.7695 -4.0655 -4.1645 -4.154 -3.9555 0 -4.251 0 -2.9805 -5.227 -3.098 -3.2615 -4.364 -1.4985 -4.3105 -4.432 -4.328 0 
-5.323 -8.827001 -4.579 -3.929 -9.653001 -6.8305 -7.067 -5.89 -4.9145 -8.513 -7.486501 -8.0605 -3.9555 -4.251 -4.251 -2.9805 -6.5845 -8.043501 -5.4695 -6.621 -6.3535 -4.977 -7.135 -4.899 -4.328 
-9.193501 -8.827001 -8.1895 -9.653001 -10.04 -8.656 -7.735501 -8.8155 -9.009501 -12.231 -11.7516 -8.0605 -8.140501 -4.251 -7.4925 -6.5845 -9.104 -9.065001 -7.9995 -7.1525 -9.8265 -7.8265 -7.198 -4.899 
-9.193501 -12.6721 -14.0123 -10.04 -11.8839 -9.0375 -10.1115 -13.1653 -12.8333 -16.4961 -11.7516 -12.9235 -8.140501 -7.4925 -11.3175 -9.104 -9.648001 -11.7668 -8.88 -11.1879 -12.676 -7.849 -7.198 
-13.1082 -18.4949 -14.3993 -11.8839 -12.2654 -11.5075 -14.6745 -16.9891 -17.0984 -16.4961 -16.6146 -12.9235 -11.6222 -11.3175 -13.837 -9.648001 -12.8048 -12.6473 -13.1528 -14.0374 -12.6985 -7.849 
-4.013 -4.445 -3.3785 -3.251 -3.849 -3.9515 -4.6195 -2.5045 -3.543 -4.579 0 -2.9805 -4.8645 -3.091 -4.6195 -2.5045 -3.543 -1.4985 -3.9845 -1.7565 -4.3105 -4.432 -4.328 0 
-8.6635 -6.0245 -7.0295 -5.9855 -7.710001 -7.139501 -6.5935 -5.323 -8.827001 -4.579 -2.9805 -7.342 -7.7325 -6.484 -6.5935 -5.323 -5.62 -5.377 -5.477 -5.761001 -7.135 -4.899 -4.328 
-10.4054 -8.779 -10.3745 -10.1265 -11.661 -8.942 -9.213 -9.193501 -8.827001 -7.1345 -7.342 -8.547001 -10.7495 -7.932 -9.213 -5.8685 -8.4965 -5.7425 -9.828001 -8.594001 -7.198 -4.899 
-13.1599 -12.1984 -14.5155 -14.0875 -13.4635 -11.6323 -13.2203 -9.193501 -11.6171 -11.8618 -8.547001 -11.7196 -12.1975 -10.9161 -9.637501 -8.7155 -8.681001 -9.896001 -12.7272 -8.7405 -7.198 
-16.5793 -16.3394 -18.4765 -15.89 -16.1538 -15.6396 -13.2203 -12.0532 -16.3444 -13.0668 -11.7196 -13.1676 -15.1816 -11.3406 -12.6443 -8.952001 -12.7127 -12.8074 -12.8737 -8.7405 
