-4.759 
n/a 
n/a 
n/a 
n/a 
-4.759 
n/a 
n/a 
n/a 
n/a 
-4.759 
n/a 
n/a 
n/a 
n/a 
-4.759 
n/a 
n/a 
n/a 
n/a 
-3.676 -3.5435 -3.4605 -2.186 -1.8085 -3.915 -4.3255 -3.5435 -3.4605 -4.8135 0 
-7.548 -6.471001 -4.916 -3.164 -6.9775 -7.084001 -7.5295 -6.471001 -8.8795 -4.8135 
-10.2185 -8.669001 -6.288001 -8.47 -10.4305 -11.8444 -11.7612 -12.537 -8.8795 
-12.9171 -9.683001 -12.4854 -12.0958 -15.1909 -16.0761 -17.8272 -12.537 
-13.9311 -15.9202 -16.1112 -16.8562 -19.4226 -22.1421 -17.8272 
-3.9655 -7.8035 -2.5045 -3.5025 -4.3255 -2.5045 -3.676 -5.172 
-13.501 -9.83 -6.4835 -6.707 -6.946 -6.6695 -9.515 
-15.5275 -13.9452 -9.7465 -9.113001 -11.655 -13.7221 
-19.6427 -17.2082 -12.6841 -14.0864 -18.7076 
-22.9057 -20.1458 -17.6575 -21.139 
-3.915 -3.4975 -3.5025 -4.3255 -3.5435 -3.4605 -7.469501 
-7.3365 -7.476501 -6.707 -7.5295 -6.471001 -11.7778 
-11.9777 -10.2865 -10.703 -11.7612 -15.4353 
-14.7877 -14.2825 -14.9347 -20.7255 
-18.7837 -18.5142 -23.899 
-4.494 -3.4605 -2.0935 -3.4975 -3.5435 -2.186 -6.687 -2.186 -1.4985 -4.634 -3.3755 -1.7565 -3.5435 -4.2115 0 
-8.272 -5.0435 -5.577001 -6.2345 -5.2365 -10.616 -8.0715 -3.339 -5.466001 -7.394001 -4.5295 -4.913 -6.755 -4.2115 
-9.06 -8.576 -8.313001 -7.781001 -14.06 -11.1415 -8.7115 -7.3685 -8.191 -8.954 -8.2085 -8.21 -6.755 
-13.3019 -10.6095 -10.2623 -16.7627 -15.1562 -11.9937 -12.5805 -9.153 -9.297001 -13.0132 -11.6705 -8.21 
-15.3354 -12.5588 -19.244 -17.8589 -15.8812 -16.1051 -15.0628 -10.335 -13.4092 -16.4752 -11.6705 
