-4.759 
n/a 
n/a 
n/a 
n/a 
-4.759 
n/a 
n/a 
n/a 
n/a 
-4.759 
n/a 
n/a 
n/a 
n/a 
-4.759 
n/a 
n/a 
n/a 
n/a 
-8.214001 -5.2915 -1.934 -7.053 
-9.3205 -6.7705 -8.154501 
-10.5875 -10.688 
-14.505 
n/a 
-10.613 -8.646001 -2.186 -1.934 -9.582001 
-19.259 -10.718 -4.0835 -10.586 
-21.331 -12.6155 -13.3621 
-23.2285 -21.8941 
-32.5071 
-8.381001 -7.56 -8.214001 -5.2915 
-16.8036 -16.8796 -9.3205 
-26.3636 -17.9861 
-27.4701 
n/a 
-16.595 -5.2915 -1.934 -7.053 
-18.5641 -6.7705 -8.154501 
-20.0715 -10.688 
-23.989 
n/a 
