-4.759 
n/a 
n/a 
n/a 
n/a 
-4.759 
n/a 
n/a 
n/a 
n/a 
-4.759 
n/a 
n/a 
n/a 
n/a 
-4.759 
n/a 
n/a 
n/a 
n/a 
-2.4265 -2.186 -4.822 -2.3345 -3.5155 -3.8315 0 
-3.292 -6.5325 -5.6335 -5.3885 -7.6315 -3.8315 
-8.154 -6.876501 -8.233 -9.217001 -7.6315 
-8.3365 -9.2475 -12.0837 -9.217001 
-10.9799 -13.1432 -12.0837 
-3.2495 -4.9845 -2.4945 -12.16972 
-8.2675 -7.021001 -16.09242 
-9.712 -21.12372 
-24.01032 
n/a 
-3.5155 -4.1455 -1.756 -4.1285 -2.742 -6.6025 
-6.505 -5.5555 -5.5985 -7.3535 -8.887501 
-6.5575 -5.7085 -8.366501 -13.723 
-6.57 -8.381001 -14.979 
-9.007 -15.0007 
-6.055501 -1.934 -3.5155 -5.752 
-7.540501 -4.6585 -6.101 
-9.43 -7.074 
-10.4045 
n/a 
