-4.759 
n/a 
n/a 
n/a 
n/a 
-4.759 
n/a 
n/a 
n/a 
n/a 
-4.759 
n/a 
n/a 
n/a 
n/a 
-4.759 
n/a 
n/a 
n/a 
n/a 
-4.1235 0 -3.5195 -3.133 0 
-4.1235 -3.5195 -5.834001 -3.133 
-7.0395 -5.834001 -5.834001 
-7.886001 -5.834001 
-7.886001 
-4.1235 0 -3.5195 -3.133 0 
-4.1235 -3.5195 -5.834001 -3.133 
-7.0395 -5.834001 -5.834001 
-7.886001 -5.834001 
-7.886001 
-4.1235 0 -3.5195 -3.133 0 
-4.1235 -3.5195 -5.834001 -3.133 
-7.0395 -5.834001 -5.834001 
-7.886001 -5.834001 
-7.886001 
-4.1235 0 -3.5195 -3.133 0 
-4.1235 -3.5195 -5.834001 -3.133 
-7.0395 -5.834001 -5.834001 
-7.886001 -5.834001 
-7.886001 
