-4.759 
n/a 
n/a 
n/a 
n/a 
-4.759 
n/a 
n/a 
n/a 
n/a 
-4.759 
n/a 
n/a 
n/a 
n/a 
-4.759 
n/a 
n/a 
n/a 
n/a 
-2.847 -2.871 -4.255 -2.9995 -4.4265 -4.6395 -1.7695 -2.871 -3.571 -2.0935 -3.291 -2.341 -3.277 0 
-4.4675 -7.693 -6.8675 -7.1055 -9.542001 -6.1835 -4.5615 -5.0305 -5.9785 -5.3105 -5.924 -4.464 -3.277 
-9.568501 -10.5465 -11.5657 -12.5804 -11.2048 -9.192 -5.7685 -6.7 -9.3585 -8.094501 -6.972 -4.464 
-13.0906 -15.2447 -17.0406 -14.2432 -14.2133 -10.7605 -7.4865 -10.5635 -12.4547 -8.659 -6.972 
-17.7888 -20.7196 -18.7034 -17.2517 -15.7818 -12.4785 -11.5832 -13.6597 -13.0192 -8.659 
-2.0935 -1.4985 -3.291 -2.341 -3.277 -2.847 -2.871 -2.7765 -4.5445 -3.1435 -4.6335 
-2.9725 -3.9665 -5.924 -4.464 -6.2925 -4.4675 -4.952 -6.0425 -7.5035 -7.4785 
-4.972 -6.319 -6.972 -7.6895 -7.271 -5.677 -8.061001 -8.979 -12.4433 
-7.041501 -7.021 -9.104501 -9.26 -8.548 -8.653 -11.0119 -14.0964 
-7.610001 -9.185 -11.2362 -10.4115 -11.7416 -11.7283 -16.1293 
-2.0935 -1.4985 -3.291 -3.2495 -3.277 -3.914 -1.7565 -1.4985 -4.348 -3.423 -3.6845 -1.8085 -3.826 -5.0595 -2.0935 -1.4985 -5.097 -3.9665 0 
-2.9725 -3.9665 -5.5375 -4.6515 -7.045 -4.767 -2.4195 -5.722 -7.208 -5.785 -4.7885 -5.068 -7.394 -6.815001 -2.9725 -6.087 -9.2095 -3.9665 
-4.972 -5.5725 -6.017 -8.7165 -7.6055 -5.1415 -6.632 -9.122001 -9.906 -6.8475 -7.585501 -8.900001 -9.308001 -7.3405 -7.7085 -9.836 -9.2095 
-6.326 -6.0275 -9.863 -8.929 -8.016001 -9.3745 -9.938001 -11.9858 -11.0999 -10.064 -11.8499 -9.911 -10.017 -12.4849 -11.7063 -9.836 
-6.76 -9.8795 -10.138 -9.2225 -12.368 -12.7481 -12.7334 -13.1797 -14.3164 -14.3284 -12.8609 -10.6385 -15.1614 -16.4827 -11.7063 
-1.934 -1.4985 -3.291 -2.341 -3.277 0 -3.914 -1.7565 -3.277 -2.7415 -3.8115 -1.7695 -5.0595 -1.4985 -2.8965 0 
-2.6125 -3.9665 -5.924 -4.464 -3.277 -3.914 -4.767 -4.25 -5.907001 -5.0165 -3.8325 -5.7315 -5.924 -3.928 -2.8965 
-4.871 -6.319 -6.972 -4.464 -7.045 -4.767 -5.768001 -6.289001 -8.3915 -5.0235 -7.2455 -6.3065 -8.1875 -3.928 
-6.837501 -7.021 -6.972 -8.805 -7.6055 -5.768001 -7.5365 -8.457001 -8.406 -7.989501 -7.7885 -8.476001 -8.1875 
-7.661 -7.021 -11.3348 -9.329 -8.4705 -7.5365 -8.9855 -8.463 -11.4728 -8.4685 -9.709001 -8.476001 
