-4.759 
n/a 
n/a 
n/a 
n/a 
-4.759 
n/a 
n/a 
n/a 
n/a 
-4.759 
n/a 
n/a 
n/a 
n/a 
-4.759 
n/a 
n/a 
n/a 
n/a 
-3.3715 -8.4635 -2.4945 -3.0365 0 
-10.985 -10.4675 -4.952001 -3.0365 
-12.989 -12.925 -4.952001 
-15.4465 -12.925 
-15.4465 
-3.0365 -2.4945 -3.3715 -4.0995 -3.9035 -2.4945 -3.0365 -3.325 -2.3615 -3.2495 0 
-3.688 -4.846 -7.139501 -7.365 -5.8065 -4.952001 -6.796 -4.645 -5.9175 -3.2495 
-4.8765 -8.3655 -9.6125 -8.8905 -7.7095 -8.614 -8.97 -9.055 -5.9175 
-8.3955 -11.1477 -11.1944 -11.1881 -12.1007 -10.2135 -13.4952 -9.055 
-11.2111 -12.7296 -13.492 -15.5793 -13.7002 -14.9615 -13.4952 
-3.345 -3.355 -2.8645 -3.849 -8.003 
-6.1425 -6.5435 -5.7355 -10.3215 
-7.9375 -9.3275 -10.848 
-9.880001 -14.2343 
-15.104 
-3.3715 -4.0995 -4.957 -3.325 -1.4985 -3.2495 -4.231 0 
-7.139501 -7.02 -7.7955 -3.898 -4.1915 -6.227 -4.231 
-9.153501 -9.630501 -8.2425 -7.0945 -7.186501 -6.227 
-11.8608 -10.094 -11.7572 -9.475 -7.186501 
-12.3243 -13.8265 -14.1377 -9.475 
