-4.759 
n/a 
n/a 
n/a 
n/a 
-4.759 
n/a 
n/a 
n/a 
n/a 
-4.759 
n/a 
n/a 
n/a 
n/a 
-4.759 
n/a 
n/a 
n/a 
n/a 
-3.8665 -4.2605 -1.7565 -3.6835 -3.3435 -1.7695 -3.135 -3.9515 -1.7565 -4.2065 -1.7695 -3.355 -1.7565 -4.6545 -1.7695 -3.788 -3.6785 -1.756 -3.326 -3.3785 -1.4985 -3.5905 -4.0305 -1.756 -4.2485 -3.922 -1.7695 -5.1515 -3.8035 -2.4945 -3.074 -4.1315 0 
-8.103001 -5.676001 -4.6675 -5.7725 -5.263 -4.779 -6.982 -4.4625 -7.361501 -6.4705 -5.72 -3.725 -6.909 -6.29 -6.613 -7.649 -5.745 -4.7815 -8.006001 -4.6165 -5.627501 -7.199 -5.6215 -5.8005 -6.854501 -5.883 -7.558001 -8.118 -5.59 -4.4205 -6.3105 -4.1315 
-8.8395 -7.044001 -6.2755 -7.668 -8.021501 -9.177 -7.387001 -10.382 -8.625001 -9.923 -6.822001 -9.894 -8.855 -11.8467 -10.096 -9.901501 -10.0475 -9.443501 -9.012001 -9.6715 -7.7015 -8.839001 -10.411 -8.532001 -8.210501 -12.3881 -9.783001 -9.9725 -7.5645 -6.8 -6.3105 
-10.7149 -10.2645 -8.1805 -9.953 -12.6857 -9.562 -13.5523 -11.6455 -12.9925 -11.7706 -13.3412 -11.84 -14.4151 -15.3297 -12.4495 -14.2854 -14.7095 -10.7223 -14.2112 -11.8383 -9.081 -13.7585 -13.1425 -10.218 -15.284 -14.6131 -11.7285 -11.947 -10.2275 -6.8 
-13.9354 -12.1695 -10.688 -14.8338 -13.0707 -15.7989 -14.8158 -16.013 -14.8401 -18.2898 -15.2872 -17.4001 -17.8981 -17.6832 -16.8334 -18.9474 -15.9883 -15.9215 -16.378 -13.2178 -14.0783 -16.49 -14.8285 -17.2915 -17.509 -16.5586 -13.703 -14.61 -10.2275 
-1.4985 -4.2235 -3.644 -2.4265 -2.742 -2.489 -3.383 -4.7905 -2.0935 -3.995 -4.122 -1.934 -3.5905 -4.0305 -3.644 -4.208 -5.0015 -5.6695 -3.383 -7.448 0 
-5.342 -9.910501 -5.113 -4.095 -3.301 -4.85 -8.418 -6.6995 -5.767 -7.757501 -5.921 -5.055 -7.199 -6.531501 -8.154501 -7.4275 -10.468 -9.144001 -8.7255 -7.448 
-11.3214 -11.3795 -6.22 -4.601 -5.7675 -10.0345 -9.459001 -10.0255 -10.6735 -9.579 -9.305 -9.208 -9.913 -11.5058 -11.7 -13.197 -14.2383 -14.8667 -8.7255 
-12.7904 -12.4865 -7.188001 -6.492 -11.2934 -10.7545 -13.178 -14.932 -12.495 -13.0476 -13.6448 -10.3685 -14.8873 -15.0513 -17.4695 -16.9673 -19.961 -14.8667 
-13.8974 -13.4545 -8.900001 -12.5141 -12.0134 -14.4735 -18.0845 -16.7535 -15.9636 -17.3874 -14.8053 -15.3428 -18.4328 -20.8208 -21.2398 -22.69 -19.961 
-2.4265 -2.186 -3.264 -2.3335 -3.9515 -2.264 -3.6835 -3.3435 0 -1.756 -3.9745 0 -2.8645 -3.1125 -4.413 -2.3345 -3.6605 -4.7425 -2.3335 -2.7415 -4.3755 -3.8825 -4.3805 -1.7565 -4.208 -4.724 0 -5.416 -4.208 -4.303 0 -3.922 -1.934 -4.1115 -3.518 -5.2815 -7.205 -3.6615 0 -2.5685 -2.4945 -3.4635 -1.7695 -3.6605 -4.7425 0 -2.5045 -3.264 -2.3345 -5.6525 -1.934 -3.5905 -3.326 -3.277 -1.934 -3.135 -3.8195 -3.0365 -2.186 -5.2585 -1.7565 -4.6425 -3.4715 -3.4985 -1.934 -2.8965 -3.8195 -3.0365 -2.186 -3.922 -1.934 -4.1115 -3.518 0 -3.6615 -1.934 -3.8195 -1.7565 -4.686 -4.282 -2.356 -4.314 0 -3.922 -1.934 -3.3785 -4.2485 -3.4635 -3.189 -3.8035 0 -3.1495 -2.4945 -1.4985 -4.1315 -3.9515 0 
-3.292 -5.316 -4.533 -6.9805 -5.126 -5.34 -5.7725 -3.3435 -1.756 -5.4965 -3.9745 -2.8645 -3.5345 -6.389501 -4.6955 -5.936 -4.8735 -7.069 -4.2725 -5.721 -8.0305 -8.985001 -5.226501 -5.633 -6.752 -4.724 -5.416 -9.133 -6.759 -4.303 -3.922 -4.558 -6.27 -5.3935 -8.8035 -13.6201 -10.5975 -3.6615 -2.5685 -5.3665 -5.5165 -4.2045 -5.5535 -4.8735 -4.7425 -2.5045 -6.191501 -5.9415 -7.8 -7.738 -5.055 -7.106 -5.493 -5.46 -4.4015 -5.68 -6.447001 -3.66 -8.1885 -5.61 -5.9775 -5.203001 -6.604 -5.2005 -4.391 -5.3235 -6.447001 -3.66 -7.326 -4.558 -6.27 -5.3935 -3.518 -3.6615 -4.437 -5.2935 -4.542 -6.4855 -8.013 -5.472 -6.262 -4.314 -3.922 -4.558 -4.5895 -8.288 -7.640501 -6.3005 -5.4605 -3.8035 -3.1495 -4.459 -3.9315 -5.2375 -7.537001 -3.9515 
-5.862 -6.1675 -9.9055 -8.333501 -6.995501 -7.482501 -5.7725 -4.576 -5.4965 -5.4965 -6.438 -3.5345 -7.04 -6.493001 -7.4415 -6.9615 -7.279 -8.574501 -6.5895 -8.637501 -13.591 -9.596001 -9.030001 -8.461 -6.752 -11.0478 -9.133 -12.7816 -6.759 -7.9105 -4.558 -7.98 -7.008 -9.280001 -17.2911 -17.0126 -10.5975 -6.56 -5.3665 -8.187 -5.7235 -7.376501 -6.2745 -4.8735 -6.974 -6.191501 -7.582001 -11.8942 -9.281 -9.2665 -8.681001 -8.5965 -7.784 -8.101501 -5.8875 -7.647501 -6.9575 -8.351 -8.277 -8.3745 -6.278501 -8.1365 -8.338 -7.0965 -5.9375 -7.803 -6.9575 -8.222 -8.251 -7.98 -7.008 -5.3935 -6.7075 -4.437 -8.154 -5.9985 -9.420501 -9.240001 -8.261001 -7.202 -6.262 -9.3325 -4.558 -7.523 -9.175 -11.9854 -9.948001 -7.100501 -5.4605 -6.68 -4.459 -5.194 -7.467 -7.8025 -7.537001 
-6.1755 -11.6554 -10.613 -10.5125 -8.92 -7.482501 -6.6815 -7.684501 -5.4965 -8.1495 -7.407 -7.04 -7.1995 -9.318001 -7.528 -9.110001 -8.903501 -11.2255 -9.693501 -14.6372 -14.202 -13.4007 -12.2718 -8.461 -13.9268 -14.7648 -12.7816 -12.7816 -10.238 -9.514 -7.98 -8.331 -10.609 -17.8832 -20.6836 -17.0126 -13.9382 -9.4305 -8.187 -8.3155 -8.955 -7.902 -6.2745 -7.061501 -11.1884 -7.582001 -13.8517 -13.3752 -10.6345 -12.9469 -10.316 -11.1583 -10.7831 -9.756001 -7.667001 -8.160501 -11.8863 -8.422501 -10.66 -8.389 -9.0865 -9.795 -10.0675 -8.3135 -8.146501 -8.3675 -11.7573 -8.741501 -11.7826 -8.331 -7.008 -7.3395 -7.524 -8.154 -8.745501 -11.12 -12.3152 -9.493501 -8.899 -7.202 -11.8487 -10.554 -7.523 -12.7091 -13.0386 -14.2929 -10.415 -7.100501 -7.9255 -7.698 -5.194 -8.984 -9.559 -7.8025 
-11.6678 -12.3629 -13.2814 -12.4298 -8.92 -8.2115 -9.243501 -7.684501 -8.1495 -9.021501 -11.1035 -7.1995 -9.7415 -9.389001 -9.375501 -10.9337 -11.6913 -14.3295 -15.7816 -15.2482 -18.0067 -16.6425 -12.2718 -15.9348 -17.6438 -18.4134 -12.7816 -16.2606 -10.278 -13.0628 -8.331 -12.144 -19.2122 -21.2757 -20.6836 -20.3533 -16.8087 -12.2764 -8.3155 -11.7464 -9.4175 -7.902 -8.128 -11.3269 -12.5789 -13.8517 -15.3327 -14.7287 -14.3149 -14.5819 -12.8778 -14.1574 -12.4376 -11.5745 -8.1765 -13.0963 -11.9578 -10.733 -10.7555 -10.703 -10.751 -11.4571 -10.6935 -9.5605 -8.6525 -13.1699 -12.2768 -12.3603 -12.1336 -8.331 -9.301001 -8.262 -10.3675 -8.745501 -14.0342 -14.0147 -12.5687 -10.056 -8.899 -13.3361 -13.0702 -13.519 -12.7091 -16.5727 -15.3461 -14.7599 -10.415 -9.541501 -9.1055 -8.502001 -8.984 -11.1744 -9.559 
-2.186 -2.871 -3.355 -1.7695 -3.2295 -1.4985 -4.359 -1.756 -4.4545 
-4.247 -5.7015 -5.411 -5.3405 -3.844 -6.137 -6.107 -6.084 
-7.059 -7.1265 -9.219 -6.8755 -7.592 -7.3735 -10.0315 
-9.6295 -11.9779 -10.734 -10.7595 -8.62 -11.6386 
-14.5797 -13.4929 -14.618 -11.7875 -13.0141 
