-4.759 
n/a 
n/a 
n/a 
n/a 
-4.759 
n/a 
n/a 
n/a 
n/a 
-4.759 
n/a 
n/a 
n/a 
n/a 
-4.759 
n/a 
n/a 
n/a 
n/a 
-4.299 -2.264 -8.557501 -4.225 -4.288 
-5.322001 -10.733 -13.1391 -8.545501 
-14.3554 -15.3146 -17.4596 
-18.937 -19.6351 
-23.2575 
-9.907001 -4.0415 -3.918 -5.198 
-13.9605 -6.2795 -8.959001 
-16.1985 -10.396 
-20.315 
n/a 
-4.299 -2.264 -9.907001 -4.0415 -4.288 
-5.322001 -13.203 -13.9605 -7.248 
-16.8254 -17.2565 -17.167 
-20.8789 -20.463 
-24.0854 
-4.299 -1.7565 -8.557501 -4.257 -4.288 
-5.794001 -9.340501 -10.884 -7.188 
-14.375 -11.7132 -13.815 
-16.7477 -14.6442 
-19.6787 
