-4.759 
n/a 
n/a 
n/a 
n/a 
-4.759 
n/a 
n/a 
n/a 
n/a 
-4.759 
n/a 
n/a 
n/a 
n/a 
-4.759 
n/a 
n/a 
n/a 
n/a 
-3.0365 -3.152 -3.3715 -4.266 -5.587 -4.5905 -2.3345 -3.1385 -2.7415 -3.0365 -3.436 -4.278 
-4.453 -5.921 -7.967 -9.0445 -11.7985 -5.636001 -5.443501 -6.375501 -5.206 -6.145 -8.703501 
-5.988501 -10.7173 -13.3741 -14.909 -12.844 -8.303 -9.14 -8.767 -7.229501 -11.7771 
-10.8072 -16.1244 -19.2386 -15.9545 -15.511 -12.5691 -11.5987 -10.9187 -13.0602 
-16.2143 -21.9889 -20.2841 -18.6215 -19.7771 -15.0278 -13.7504 -16.7494 
-3.237 -3.1385 -4.0385 -3.3715 -2.915 -1.756 -3.948 -3.7535 -2.4945 -1.934 -4.266 -4.571 -1.756 -2.3615 -2.186 -4.5485 -3.436 -4.278 0 
-7.226 -7.2205 -6.9355 -7.243501 -4.266 -5.371 -7.784 -6.8455 -4.2645 -6.361 -7.638 -5.8845 -4.4615 -3.5005 -5.5785 -7.5175 -8.703501 -4.278 
-11.7914 -10.322 -11.3849 -8.646501 -8.012001 -9.3035 -11.8676 -8.881001 -9.377501 -10.733 -9.043 -9.483001 -5.0895 -8.444 -8.637 -13.0726 -8.703501 
-14.8929 -14.7714 -12.7879 -12.6619 -12.2399 -13.3701 -13.9031 -14.1578 -13.8581 -12.138 -13.1509 -10.1825 -10.2125 -11.8179 -14.3835 -13.0726 
-19.3423 -16.1744 -16.8033 -16.8898 -16.3065 -15.4056 -19.1799 -18.6384 -15.2631 -16.2459 -13.8504 -15.3055 -13.478 -17.5644 -14.3835 
-3.3785 -3.1385 -3.8095 -3.8625 -3.5795 -1.4985 -4.0725 -3.36 -4.571 -2.229 -3.584 -2.356 -4.7615 0 
-6.828 -6.796 -7.1575 -6.9075 -4.5845 -5.427 -5.6805 -8.5185 -7.635 -5.7695 -5.0575 -8.511001 -4.7615 
-11.1305 -9.68 -11.0817 -8.490001 -8.396 -7.192 -9.618 -12.1021 -11.4931 -6.3815 -10.396 -8.511001 
-14.0145 -13.8538 -12.6642 -12.5181 -10.151 -11.4963 -13.2376 -15.9602 -12.1051 -12.0142 -10.396 
-18.1883 -15.4363 -16.6923 -14.2731 -14.4553 -15.1159 -17.0957 -16.5722 -17.7378 -12.0142 
-2.664 -5.5575 -4.1865 -4.078 -3.135 -4.4115 -1.7565 -1.4985 -4.1335 -1.7695 -5.3305 -1.4985 -4.1865 -2.229 -2.915 -2.0935 -3.668 0 -2.664 -7.172 -5.8465 -4.078 -1.4985 -5.5455 -3.8685 -1.7565 -1.8085 -5.084 -2.5045 -1.4985 -4.1865 -1.7695 -5.3305 -1.4985 -2.915 -1.7565 -3.6615 -1.934 -5.014 -4.153 0 
-6.7815 -7.588 -8.397 -6.68 -7.426001 -5.8895 -2.4195 -5.455501 -5.8475 -5.627 -6.007 -5.3035 -6.495 -5.55 -4.462 -3.995 -3.668 -2.664 -8.456 -7.988 -9.582001 -4.947 -6.295501 -7.1265 -4.9575 -3.2595 -6.176001 -7.639 -3.583 -5.3035 -5.4485 -5.627 -6.007 -4.1675 -5.2705 -5.23 -4.437 -6.5955 -6.3555 -4.153 
-8.191 -12.2141 -10.4345 -11.421 -8.399 -6.2285 -6.3675 -6.759 -8.406 -6.3105 -9.3785 -7.4615 -9.7275 -7.281 -6.4125 -3.995 -5.6575 -8.456 -8.7845 -9.981001 -10.2395 -9.76 -7.645 -7.578001 -6.292 -7.0835 -8.6485 -8.7685 -7.297 -6.4515 -9.022 -6.3105 -7.7465 -6.247001 -9.134501 -5.6525 -7.474501 -7.852501 -6.3555 
-13.0365 -14.2516 -15.5865 -12.394 -8.788501 -10.3345 -7.8715 -9.004001 -8.96 -9.585 -10.5045 -9.91 -10.6625 -8.939 -6.4125 -5.7015 -10.586 -8.7845 -10.2435 -10.693 -15.0525 -11.1007 -7.795001 -8.568501 -9.578501 -9.354501 -9.797001 -12.6233 -8.354 -10.3405 -9.967501 -8.0165 -9.6245 -10.2915 -9.401001 -8.731501 -8.274 -7.852501 
-15.074 -19.4036 -16.5595 -12.7835 -13.1085 -11.8385 -9.1335 -10.1065 -10.543 -10.5145 -10.5595 -10.6635 -10.685 -8.939 -8.1125 -10.61 -10.6405 -10.2435 -11.2529 -15.506 -16.3932 -11.2507 -8.767 -12.1898 -12.2083 -10.544 -13.8268 -13.6803 -10.66 -11.481 -11.6735 -9.884501 -13.715 -10.7265 -12.6406 -9.684001 -8.274 
