-4.759 
n/a 
n/a 
n/a 
n/a 
-4.759 
n/a 
n/a 
n/a 
n/a 
-4.759 
n/a 
n/a 
n/a 
n/a 
-4.759 
n/a 
n/a 
n/a 
n/a 
-4.426 -1.7565 -1.4985 -3.0835 -4.7285 -4.1555 -3.147 -3.5445 -1.4985 -3.814 -6.315001 -4.277 -3.277 0 -2.356 -2.1715 0 -4.5815 0 -3.7075 -5.377 0 -2.5195 -1.4985 -4.1435 -5.173 -1.756 -4.7295 -4.969 -1.7565 -4.502 -4.7945 -3.7075 -2.229 -10.318 -3.995 -1.756 -5.2365 -2.674 -5.377 0 
-5.47 -2.4195 -3.535 -6.042 -8.4455 -5.77 -6.949 -4.002 -4.198 -9.455501 -8.915501 -6.336 -3.277 -2.356 -5.143001 -2.1715 -4.5815 -4.5815 -3.7075 -9.0045 -5.377 -2.5195 -3.1695 -5.2245 -9.7325 -6.209001 -6.051 -6.7685 -6.3005 -6.648 -8.1905 -8.971001 -5.5255 -13.142 -14.5116 -5.3025 -6.683 -7.423 -6.6085 -5.377 
-5.9535 -4.6785 -6.335501 -9.523001 -9.541501 -10.058 -7.334001 -6.056 -10.235 -13.1935 -10.5075 -6.336 -5.3655 -5.143001 -5.143001 -7.8535 -4.5815 -9.081 -9.0045 -9.0045 -6.181 -3.1695 -7.3715 -10.228 -10.8025 -8.502501 -7.959 -8.7325 -12.0038 -10.1765 -12.614 -10.988 -17.4371 -17.3356 -15.8191 -8.2155 -8.9555 -11.7255 -6.6085 
-8.021 -7.476501 -10.0095 -10.7035 -13.8295 -10.592 -9.096001 -12.0545 -13.5126 -13.7771 -9.040501 -8.875501 -8.2065 -5.143001 -11.6264 -7.8535 -9.081 -14.6552 -9.0045 -10.6605 -6.749001 -7.3715 -12.4426 -11.298 -13.096 -9.635 -9.8715 -14.6112 -15.5323 -14.6 -14.631 -22.8996 -21.6307 -18.6431 -18.7321 -10.7166 -13.3516 -11.7255 
-9.983001 -11.3061 -11.3 -14.9915 -14.3635 -12.354 -15.9601 -15.8381 -13.923 -13.7771 -10.46 -11.8657 -8.2065 -11.6264 -11.6264 -13.0344 -14.6552 -14.6552 -10.6605 -11.2285 -11.1516 -12.4426 -13.5126 -13.5915 -14.2285 -11.5755 -16.006 -18.1397 -19.9558 -16.617 -26.5426 -27.0932 -22.9382 -21.5561 -21.2332 -15.1127 -13.3516 
-1.4985 -3.7075 -2.7415 -3.8755 -3.436 -6.315001 -4.277 -3.277 0 -1.4985 -3.9035 -1.7565 -1.4985 -3.7075 -2.186 -3.995 -1.756 -2.8965 -5.3955 
-4.6235 -6.2635 -5.065001 -6.609 -9.634501 -8.915501 -6.336 -3.277 -1.4985 -5.498 -4.616 -2.4195 -4.6235 -5.825 -6.5515 -5.3025 -3.751 -7.6185 
-6.3545 -8.73 -7.593 -13.6695 -13.214 -10.5075 -6.336 -4.839 -5.498 -6.046 -4.895 -5.468501 -5.975501 -9.594501 -8.4635 -7.476 -8.483001 
-8.8135 -11.2486 -15.3247 -17.0657 -13.77 -9.040501 -7.777501 -9.2955 -6.046 -6.3415 -8.616 -7.247001 -9.619501 -11.9827 -10.8688 -12.97 
-11.3595 -18.9803 -18.5117 -17.4897 -13.77 -10.7185 -12.6308 -9.8575 -6.3415 -9.517 -10.6555 -11.0076 -12.0363 -14.388 -16.3628 
-3.7075 -2.8645 -3.8755 -6.315001 -4.277 -3.277 -3.436 -2.5195 -1.4985 -5.784 -3.995 -1.756 -2.8965 -3.972 -3.152 -3.8755 
-6.4255 -5.3955 -9.797501 -8.915501 -6.336 -5.4395 -6.8755 -3.1695 -6.902 -9.533501 -5.3025 -3.751 -6.562 -6.7155 -5.6875 
-8.912001 -12.6594 -13.6469 -10.5075 -8.441 -8.5415 -7.5195 -8.5445 -11.2501 -10.5765 -7.476 -7.173 -8.771501 -8.8605 
-16.6007 -15.93 -14.0709 -11.4139 -11.9682 -9.1485 -13.0945 -13.0258 -12.2931 -12.75 -10.5745 -9.689501 -11.0267 
-19.6557 -16.354 -16.4457 -14.9425 -12.5752 -14.7683 -17.5758 -14.0688 -14.4666 -15.8485 -13.091 -11.9447 
-4.426 -1.7565 -1.4985 -3.0835 -4.7285 -4.1555 -3.147 -4.414 -1.7565 -6.315001 -7.135 -3.277 -1.934 -3.188 0 -2.1715 0 -5.4435 0 -1.934 -4.4385 0 -3.599 -1.756 -4.6865 -3.681 -4.07 -4.4385 -3.7075 -1.7695 -3.995 -1.756 -4.3305 0 
-5.47 -2.4195 -3.535 -6.042 -8.4455 -5.77 -6.828 -7.024 -7.7115 -13.0715 -11.1256 -4.8125 -5.387 -3.188 -2.1715 -2.1715 -5.4435 -5.4435 -1.934 -5.7805 -4.4385 -3.599 -5.2355 -6.17 -9.460001 -7.982501 -7.070001 -8.925001 -6.202001 -5.497 -5.3025 -6.729 -4.3305 
-5.9535 -4.6785 -6.335501 -9.523001 -9.541501 -10.164 -9.4265 -13.1465 -16.2049 -17.6845 -12.6611 -8.738501 -5.387 -5.9915 -2.1715 -8.634001 -5.4435 -7.1545 -5.7805 -5.7805 -8.507501 -5.2355 -8.671 -11.3391 -14.0757 -11.5179 -11.8423 -11.6909 -8.1745 -6.5715 -8.606 -6.729 
-8.021 -7.476501 -10.0095 -10.7035 -13.9355 -12.7625 -15.867 -21.8201 -20.4741 -19.22 -16.5871 -8.738501 -7.9545 -5.9915 -8.634001 -8.634001 -7.1545 -11.5726 -5.7805 -10.1305 -10.3615 -8.671 -14.3011 -15.9548 -17.6111 -16.2902 -14.6082 -13.6634 -9.314501 -10.052 -8.606 
-9.983001 -11.3061 -11.3 -15.0975 -16.534 -19.203 -24.278 -25.8107 -22.0096 -23.146 -16.5871 -11.7352 -7.9545 -13.0418 -8.634001 -10.8864 -11.5726 -11.5726 -10.1305 -12.1829 -13.797 -14.3011 -18.9168 -19.4902 -22.3834 -19.0561 -16.5807 -14.8034 -13.0958 -10.052 
