-4.759 
n/a 
n/a 
n/a 
n/a 
-4.759 
n/a 
n/a 
n/a 
n/a 
-4.759 
n/a 
n/a 
n/a 
n/a 
-4.759 
n/a 
n/a 
n/a 
n/a 
-1.934 -4.9155 -6.3835 -3.8675 -3.458 -3.676 -1.756 -3.8655 
-6.2085 -11.1415 -10.951 -5.3915 -7.226 -5.0365 -5.7795 
-12.8409 -15.709 -12.475 -9.308001 -7.3835 -7.209001 
-17.4084 -17.233 -16.3915 -9.483 -9.508 
-18.9324 -21.1495 -16.5665 -11.8647 
-2.5195 -1.4985 -3.158 -4.9155 -3.8655 -3.43 -1.8085 -8.5035 -4.828 -3.8675 -3.849 -8.5535 -2.356 -1.4985 -3.4225 -3.4975 -3.5435 0 
-3.1695 -4.178 -7.540001 -9.179001 -7.652 -4.6595 -9.4045 -13.5985 -8.208 -7.3525 -11.08 -11.4799 -3.1615 -3.9655 -7.0755 -6.2345 -3.5435 
-6.3945 -8.421 -12.2035 -13.1031 -8.654501 -13.2785 -14.5455 -16.9785 -11.9878 -15.6685 -14.0064 -12.2854 -5.7915 -8.3975 -10.8697 -6.2345 
-9.918 -13.4031 -16.1276 -14.1056 -17.4715 -18.4195 -17.9255 -20.7583 -20.3038 -18.5949 -14.8119 -14.9154 -9.927501 -12.6041 -10.8697 
-14.9001 -17.3272 -17.1301 -22.9226 -22.6125 -21.7995 -21.7053 -29.0743 -23.2302 -19.4004 -17.4419 -19.0514 -14.3403 -12.6041 
-3.8655 -3.251 -4.222 -1.8085 -3.72 -3.8675 -4.281 -6.2375 -2.356 -3.4225 -3.676 0 
-7.1245 -6.4425 -5.479 -5.661 -8.02 -8.878 -9.759001 -9.859 -6.31 -7.8135 -3.676 
-9.7215 -7.102 -9.413 -9.3015 -13.2265 -14.605 -13.3971 -13.813 -10.586 -7.8135 
-10.6495 -11.2036 -9.724001 -14.8766 -18.9535 -18.2431 -17.3511 -18.089 -10.586 
-14.7511 -11.5146 -16.0317 -20.6036 -22.5916 -22.1971 -21.6271 -18.089 

n/a 
n/a 
n/a 
n/a 
