-4.759 
n/a 
n/a 
n/a 
n/a 
-4.759 
n/a 
n/a 
n/a 
n/a 
-4.759 
n/a 
n/a 
n/a 
n/a 
-4.759 
n/a 
n/a 
n/a 
n/a 
-4.659 -3.748 -3.8085 -3.2945 -4.2105 -2.4945 -3.0365 -1.934 -3.893 -6.893001 -2.3615 -2.186 -1.4985 -4.4665 -3.1725 -4.1405 -1.934 -1.4985 -3.188 0 
-6.965501 -6.852 -5.104 -5.9155 -5.8755 -4.952001 -5.238 -6.018 -8.870501 -8.995501 -3.5005 -3.339 -4.729 -8.653 -6.985001 -5.8435 -2.6125 -3.619 -3.188 
-10.5035 -9.216001 -8.651501 -7.0675 -8.642501 -6.545001 -9.797001 -11.6265 -11.6865 -10.0595 -4.3105 -5.893 -9.064501 -10.688 -8.783001 -6.393 -4.377 -3.619 
-12.8675 -9.790501 -10.2085 -10.2085 -10.3885 -11.3996 -15.6471 -14.3771 -12.2705 -10.2665 -6.8575 -10.3745 -11.0901 -12.486 -9.434 -7.6025 -4.377 
-13.442 -11.4477 -13.3495 -11.9545 -15.2431 -17.2497 -18.1561 -14.7521 -12.9115 -12.496 -11.6282 -12.6137 -12.8881 -13.137 -9.999001 -7.6025 
-3.0365 -2.4945 -4.659 -3.748 -3.8085 -5.207 -4.2105 -1.934 -1.4985 -3.4155 -4.1735 -3.1725 -3.1335 -4.1405 -1.934 -1.4985 -3.188 -3.4775 0 
-3.688 -8.092501 -6.965501 -6.852 -9.2535 -8.6855 -5.940001 -2.6125 -5.219 -9.708 -8.343 -5.944 -4.9165 -5.8435 -2.6125 -3.619 -5.797 -3.4775 
-8.411 -9.6385 -10.5035 -13.4364 -12.759 -10.1075 -6.597 -5.7275 -12.3541 -13.8775 -9.3785 -7.1755 -6.5775 -6.393 -4.377 -5.9085 -5.797 
-9.755 -13.2861 -17.0879 -16.9419 -14.181 -10.6665 -9.3415 -13.091 -16.5236 -14.913 -10.023 -8.769501 -7.153 -7.6025 -6.246 -5.9085 
-13.44 -19.8705 -20.5934 -18.3639 -14.74 -13.411 -17.07 -17.2605 -17.5591 -15.5575 -11.7034 -10.126 -8.4685 -9.7355 -6.246 
-1.934 -3.4155 -3.0365 -2.4945 -4.659 -3.748 -6.637 -2.186 -4.1735 -4.1405 -1.7565 -3.4155 -3.1335 0 
-6.1805 -7.0135 -3.688 -8.092501 -6.965501 -9.8345 -7.619 -7.155001 -6.4945 -5.0505 -6.024001 -5.9445 -3.1335 
-9.4255 -7.512001 -8.411 -9.6385 -13.1315 -10.172 -12.773 -9.6435 -6.54 -8.421 -8.1715 -5.9445 
-10.2235 -12.6086 -9.755 -15.9141 -13.937 -16.0864 -15.7973 -9.689 -10.396 -10.523 -8.1715 
-15.4421 -13.9526 -16.068 -16.7196 -19.6809 -18.7513 -15.8428 -13.9776 -12.498 -10.523 
-3.1015 -2.264 -3.4795 -1.4985 -4.1735 -5.6 -3.5495 -1.934 -2.3615 -3.2795 -4.659 -3.748 -4.9225 -2.4945 -2.674 -3.435 0 
-5.0155 -6.208 -5.2895 -4.445 -11.1733 -9.970001 -5.6335 -3.539 -4.9565 -8.359 -6.965501 -8.6395 -6.9525 -6.7615 -7.3835 -3.435 
-9.4595 -8.2285 -8.672 -11.59 -15.5433 -12.1448 -7.015 -5.923 -10.4765 -10.9589 -12.234 -10.238 -11.5375 -11.6694 -7.3835 
-11.6124 -11.9866 -15.9386 -15.96 -17.7181 -13.5263 -10.2335 -10.757 -13.0764 -16.2274 -13.8325 -14.823 -16.4454 -11.6694 
-15.3705 -19.2532 -20.3086 -18.1348 -19.0996 -16.7448 -15.0675 -13.3569 -18.3449 -17.8259 -18.4175 -19.7309 -16.4454 
