-4.759 
n/a 
n/a 
n/a 
n/a 
-4.759 
n/a 
n/a 
n/a 
n/a 
-4.759 
n/a 
n/a 
n/a 
n/a 
-4.759 
n/a 
n/a 
n/a 
n/a 
-6.263 -2.186 -1.8085 -4.179 -5.1805 -2.264 -2.847 -4.4515 -3.193 0 
-7.973501 -3.164 -6.139501 -7.645 -6.6725 -5.844 -7.162 -7.463 -3.193 
-8.7615 -7.327 -8.7775 -8.574 -10.209 -9.8585 -9.446 -7.463 
-9.489501 -9.175501 -9.590501 -12.6693 -14.9605 -10.7605 -9.446 
-11.6506 -10.293 -13.837 -17.4208 -15.8625 -10.7605 
-7.219 -2.186 -1.8085 -5.1875 -4.179 -5.1805 -3.5455 -9.804001 -8.763 0 -2.688 -4.4515 -3.193 -1.934 -1.4985 -5.1845 -3.6905 -1.7565 -9.804001 0 
-8.777 -3.164 -6.6265 -7.514501 -7.645 -7.6805 -14.7793 -18.7742 -8.763 -2.688 -5.4495 -7.463 -4.837 -2.6125 -6.5205 -8.646 -5.23 -10.204 -9.804001 
-9.420501 -7.7475 -8.503 -9.286001 -9.011001 -19.2895 -23.7495 -18.7742 -10.985 -5.4495 -8.403501 -8.637001 -5.4415 -7.672 -8.793501 -8.8765 -10.2385 -10.204 
-14.37 -8.966001 -9.588501 -11.0434 -21.2532 -28.2597 -23.7495 -20.9962 -13.7465 -8.403501 -9.706 -8.944 -10.0215 -9.1315 -8.905001 -10.703 -10.2385 
-15.5885 -9.663501 -11.6459 -23.2856 -30.2234 -28.2597 -25.9715 -23.7577 -16.7005 -9.706 -9.977501 -10.375 -10.147 -9.167001 -10.718 -10.703 
-6.263 -2.186 -1.8085 -6.102 0 -4.179 -2.9705 -2.7415 -5.1805 -2.264 -9.1335 -2.688 -4.4515 -3.193 
-7.973501 -3.164 -9.3255 -6.102 -4.179 -6.5435 -4.512 -6.6155 -6.6725 -12.4295 -12.1661 -5.4495 -7.463 
-8.7615 -11.7226 -9.3255 -10.6345 -6.5435 -7.737 -8.040001 -7.608 -17.8972 -15.4621 -14.9276 -8.403501 
-17.8169 -11.7226 -13.9298 -12.999 -7.737 -9.579 -8.9455 -19.1041 -20.9298 -18.2236 -17.8816 
-17.8169 -16.3269 -16.2943 -14.1925 -9.579 -10.4285 -20.5684 -22.1367 -23.6913 -21.1776 
-7.219 -2.186 -1.4985 -2.871 -5.1805 -2.264 -2.847 -4.4515 -3.193 -1.7565 -3.6905 -9.868501 0 
-8.777 -3.339 -4.316 -8.3535 -6.6725 -5.844 -7.162 -7.463 -4.5615 -6.2305 -14.5352 -9.868501 
-9.5375 -5.399 -9.352501 -10.2135 -10.209 -9.8585 -9.446 -8.2425 -6.894001 -17.414 -14.5352 
-12.0581 -10.2085 -11.6007 -13.75 -14.9605 -10.7605 -10.5545 -11.0104 -18.6513 -17.414 
-16.8676 -12.3659 -15.1372 -18.5015 -15.8625 -11.869 -13.5308 -22.7677 -18.6513 
