-4.759 
n/a 
n/a 
n/a 
n/a 
-4.759 
n/a 
n/a 
n/a 
n/a 
-4.759 
n/a 
n/a 
n/a 
n/a 
-4.759 
n/a 
n/a 
n/a 
n/a 
-3.506 -2.998 0 -9.550501 -10.2775 0 -6.899 -6.456 
-5.3745 -2.998 -9.550501 -20.0436 -10.2775 -6.899 -14.3654 
-5.3745 -13.1057 -20.0436 -20.0436 -17.4005 -14.3654 
-16.5004 -23.5988 -20.0436 -27.1666 -24.8669 
-26.9935 -23.5988 -27.1666 -34.633 
-3.506 -2.998 -9.550501 -10.2775 0 -4.628 -5.939 -4.3705 -3.6765 0 -3.0015 0 
-5.3745 -13.1057 -20.0436 -10.2775 -4.628 -5.9615 -9.883 -7.095 -3.6765 -3.0015 -3.0015 
-16.5004 -23.5988 -20.0436 -15.1295 -5.9615 -9.8985 -12.9083 -7.095 -7.276 -3.0015 
-26.9935 -23.5988 -24.8956 -16.463 -9.8985 -12.9174 -12.9083 -11.1839 -7.276 
-26.9935 -28.4508 -26.2291 -20.4 -12.9174 -12.9174 -16.9972 -11.1839 
-8.062 -9.550501 -12.16972 0 -9.432501 -1.7565 -9.354 
-18.2327 -21.93582 -12.16972 -9.432501 -11.4804 -11.117 
-30.61802 -21.93582 -21.60222 -11.4804 -20.8409 
-30.61802 -31.36832 -23.65012 -20.8409 
-40.05052 -33.41622 -33.01062 
-3.506 -14.0215 -10.638 0 -7.643 -12.16972 0 -3.0015 0 
-16.9552 -25.2167 -10.638 -7.643 -20.14992 -12.16972 -3.0015 -3.0015 
-28.6114 -25.2167 -18.281 -20.14992 -20.14992 -15.17122 -3.0015 
-28.6114 -32.8597 -30.78792 -20.14992 -23.15142 -15.17122 
-36.2544 -45.36662 -30.78792 -23.15142 -23.15142 
