-4.759 
n/a 
n/a 
n/a 
n/a 
-4.759 
n/a 
n/a 
n/a 
n/a 
-4.759 
n/a 
n/a 
n/a 
n/a 
-4.759 
n/a 
n/a 
n/a 
n/a 
-3.693 -2.6165 -1.4985 -3.486 -3.8405 -4.021 
-6.2245 -4.2225 -3.5655 -5.469 -8.311 
-7.717 -5.523 -5.5015 -10.553 
-9.008 -9.679501 -10.621 
-13.1541 -14.986 
-3.5445 -2.3615 -3.8405 -2.847 -5.787 -2.742 -4.474 
-5.179 -5.371 -6.5295 -7.9385 -8.415501 -5.6185 
-7.186 -8.0015 -12.1274 -11.217 -10.375 
-9.686501 -13.7282 -15.4059 -13.1765 
-15.4132 -17.0067 -17.3654 
-2.3615 -2.186 -7.666501 -3.2495 -4.361 -2.95 0 
-3.5005 -10.8215 -11.1415 -7.903501 -8.804001 -2.95 
-12.7348 -14.2965 -15.7955 -12.7149 -8.804001 
-16.2098 -18.9505 -20.6069 -12.7149 
-20.8638 -23.7619 -20.6069 
-2.3615 -4.126 -1.7565 -4.739 -3.013 -5.651501 -3.0465 -4.1925 -1.7565 -3.8315 0 
-5.538 -5.221001 -6.449 -8.4165 -8.529501 -6.711 -8.0035 -6.502 -5.5375 -3.8315 
-6.4275 -10.76 -9.646501 -13.5066 -11.0715 -13.4925 -10.645 -11.1472 -5.5375 
-12.4463 -13.9575 -14.9908 -15.5416 -15.3096 -16.6812 -15.2902 -11.1472 
-15.6438 -19.3018 -17.0258 -21.1115 -18.3595 -21.3264 -15.2902 
