-4.759 
n/a 
n/a 
n/a 
n/a 
-4.759 
n/a 
n/a 
n/a 
n/a 
-4.759 
n/a 
n/a 
n/a 
n/a 
-4.759 
n/a 
n/a 
n/a 
n/a 
-12.16972 -2.186 -3.9005 -1.7565 -3.711 -4.116 0 
-14.35572 -6.5725 -6.763 -5.2035 -7.741501 -4.116 
-18.74222 -9.588 -10.6122 -10.4425 -7.741501 
-21.75772 -13.6638 -15.8512 -10.4425 
-25.83352 -18.9028 -15.8512 
-11.128 0 -2.186 -4.2215 -2.356 -5.492 
-11.128 -2.186 -5.737 -5.914001 -8.532001 
-13.314 -5.737 -7.038 -12.9472 
-16.865 -7.038 -14.388 
-18.166 -14.388 
-12.16972 -3.757 0 -1.8085 -4.116 -4.2705 -2.356 -3.6835 0 
-15.92672 -3.757 -1.8085 -5.3395 -9.397501 -6.9865 -5.89 -3.6835 
-15.92672 -5.128 -5.3395 -11.3762 -12.3517 -10.6875 -5.89 
-17.29772 -8.7445 -11.3762 -14.3304 -16.0527 -10.6875 
-20.91422 -15.233 -14.3304 -18.0314 -16.0527 
-4.6975 -2.186 -1.4985 -2.871 -2.3335 -2.7415 -4.2215 -3.9485 -2.356 -3.6835 
-6.4025 -3.339 -4.316 -4.725 -4.2725 -4.7885 -8.261001 -4.311 -5.89 
-7.648 -5.399 -5.372 -6.2495 -7.202001 -8.601001 -8.47 -8.133 
-9.669001 -6.1775 -6.7805 -8.745501 -11.5213 -8.769501 -12.4986 
-10.6115 -7.911 -9.5565 -13.2198 -11.6898 -12.9125 
