-4.759 
n/a 
n/a 
n/a 
n/a 
-4.759 
n/a 
n/a 
n/a 
n/a 
-4.759 
n/a 
n/a 
n/a 
n/a 
-4.759 
n/a 
n/a 
n/a 
n/a 
-3.0695 -3.264 -2.985 -3.3975 -3.499 -3.152 -6.0945 -5.522 -2.3345 -1.4985 -5.4025 0 -3.251 -4.26 -4.067 -3.8825 -3.853 0 
-5.512 -6.2545 -5.6305 -5.114501 -5.744 -7.2915 -8.169001 -6.5105 -3.233 -6.155001 -5.4025 -3.251 -7.036 -8.488001 -7.451 -6.3025 -3.853 
-7.753 -8.706501 -6.461 -7.055 -9.7755 -9.098001 -9.004 -7.1445 -7.493501 -6.155001 -7.572001 -7.036 -9.618501 -12.3828 -10.2794 -6.3025 
-9.783001 -9.8465 -8.3675 -11.2621 -11.6882 -9.8785 -9.25 -9.975 -7.493501 -7.757 -11.5754 -9.618501 -14.2739 -15.2112 -10.2794 
-10.4375 -12.014 -12.6708 -13.1748 -12.4687 -10.1265 -10.5765 -9.975 -10.0675 -11.7902 -14.1579 -14.2739 -17.1023 -15.2112 
-4.891 -2.6165 -4.688 -2.0935 -3.9915 -3.046 -4.3285 -1.756 -3.36 -4.248 0 
-8.227501 -6.915 -6.2385 -7.391 -7.119 -5.4795 -5.4645 -4.969 -6.7205 -4.248 
-13.0238 -9.705 -12.1534 -10.2185 -8.6315 -6.5125 -8.3535 -8.266001 -6.7205 
-15.8138 -15.6309 -14.9809 -12.3718 -9.54 -8.613501 -9.795 -8.266001 
-21.7397 -18.4584 -17.1342 -13.2803 -11.6984 -10.0435 -9.795 
-2.985 -4.3285 0 -3.36 -4.4725 -1.756 -3.6505 -2.742 -2.6165 -4.752 -2.0935 -4.248 0 
-6.966001 -4.3285 -3.36 -7.523 -5.864 -5.486 -6.005 -3.995 -8.949 -6.6365 -5.816 -4.248 
-6.966001 -7.943001 -7.523 -8.8075 -9.429001 -7.940001 -7.238 -11.9525 -11.1597 -10.8986 -5.816 
-10.9873 -12.6102 -8.8075 -12.5597 -11.883 -9.750501 -15.8427 -14.1632 -15.4218 -10.8986 
-15.6545 -13.8947 -12.5597 -15.0137 -13.6935 -18.5826 -18.0534 -18.4253 -15.4218 
-6.144 -3.4405 -5.651501 -4.688 -2.0935 -4.3285 0 -3.36 -1.756 -4.3165 -4.248 0 
-8.995 -9.1385 -8.879001 -6.2385 -6.3275 -4.3285 -3.36 -4.9035 -6.0105 -7.4545 -4.248 
-13.6545 -13.271 -13.0375 -9.76 -6.3275 -7.943001 -4.9035 -7.9455 -8.064501 -7.4545 
-19.7899 -16.4719 -16.9186 -9.76 -10.688 -8.9245 -7.9455 -11.1893 -8.064501 
-22.4164 -20.353 -16.9186 -15.1379 -11.6695 -12.6741 -11.1893 -11.1893 
