-4.759 
n/a 
n/a 
n/a 
n/a 
-4.759 
n/a 
n/a 
n/a 
n/a 
-4.759 
n/a 
n/a 
n/a 
n/a 
-4.759 
n/a 
n/a 
n/a 
n/a 
-3.5715 -2.9965 -4.645 -3.1385 -3.152 -4.424 -3.034 -5.6985 -4.3145 -2.5195 -1.4985 -4.0325 -1.756 -3.7555 -4.9005 -2.5045 -10.005 -4.145 -1.934 -4.9055 -3.2875 0 -4.185 
-5.519 -7.392501 -7.767501 -5.219 -8.638 -6.3945 -8.914001 -10.368 -6.684501 -3.1695 -4.933001 -5.667 -5.2875 -6.877501 -6.381001 -13.2045 -14.197 -5.8865 -6 -7.4645 -3.2875 -4.185 
-10.7595 -10.7188 -9.245501 -9.5175 -10.688 -12.7789 -13.7815 -13.0604 -7.3725 -6.837 -6.5275 -9.0245 -8.297 -8.870501 -17.6996 -17.3965 -15.9385 -8.335 -8.672 -7.4645 -7.309 
-14.0858 -12.1968 -14.0546 -11.8307 -17.0724 -17.6464 -16.4739 -13.7484 -9.485001 -8.096001 -9.781 -12.1236 -10.5855 -20.4039 -21.8916 -19.138 -18.387 -11.6284 -8.672 -9.6125 
-15.5638 -17.0059 -16.3678 -18.2151 -21.9399 -20.3388 -17.1619 -15.8609 -10.4125 -11.5913 -12.9359 -14.4121 -22.1189 -24.5959 -23.6331 -21.5865 -21.6804 -11.6284 -10.096 
-1.934 -3.5715 -2.9965 0 -1.934 -4.185 -4.645 -4.9655 -4.424 -1.934 -1.8085 -4.624 -4.5595 -2.5045 -4.9055 -2.229 -6.525 -4.145 -3.034 -1.8085 -4.624 -6.9715 -3.4045 -2.5195 -1.4985 -5.0695 -1.756 -3.7555 -4.9005 0 
-5.0835 -5.519 -2.9965 -1.934 -5.341 -8.5205 -9.040501 -8.215501 -5.195 -3.2685 -5.601501 -5.8805 -6.608 -7.203501 -6.7735 -8.5825 -7.5335 -7.107 -4.4665 -5.601501 -9.7505 -8.264501 -5.461 -3.1695 -5.8625 -6.6495 -5.2875 -6.877501 -4.9005 
-7.856 -5.519 -5.558001 -5.341 -10.3885 -13.507 -12.6483 -8.908001 -6.338 -6.4935 -6.664001 -7.8 -9.4135 -8.076 -8.630501 -8.718 -11.0531 -8.627 -7.651501 -11.3892 -10.2115 -11.31 -5.8915 -7.168 -6.986501 -9.710501 -8.297 -6.877501 
-7.856 -8.330501 -9.227 -10.3885 -15.375 -17.1148 -13.3408 -9.717001 -7.2765 -6.857501 -8.4235 -9.639501 -10.0385 -8.891001 -8.732 -12.363 -12.5731 -10.254 -14.2256 -11.8502 -13.2006 -11.7405 -8.962001 -8.506001 -9.842001 -12.9288 -8.297 
-11.0723 -12.2411 -14.4349 -15.375 -18.9828 -17.8073 -14.1498 -10.1215 -7.2885 -8.570001 -10.5972 -10.3495 -10.2705 -9.015501 -12.3834 -13.883 -14.2001 -16.8281 -14.6866 -14.8393 -13.6311 -14.811 -9.915001 -11.4399 -13.0941 -12.9288 
-3.5715 -4.930501 -9.5965 -4.145 -4.06 -2.5045 -9.203501 -4.185 0 -2.664 -6.271 -4.164 -1.4985 -3.892 0 -5.173 -8.543001 -4.9225 -3.152 -4.493 
-8.080501 -16.1609 -13.8607 -7.1295 -4.933001 -12.403 -15.0481 -4.185 -2.664 -7.122 -10.2755 -5.1675 -5.2585 -3.892 -5.173 -13.612 -14.915 -7.4025 -5.593 
-19.2832 -20.7749 -16.8452 -8.2405 -15.2831 -18.2476 -15.0481 -7.643001 -7.122 -11.6151 -10.607 -9.036 -5.2585 -9.476 -13.7646 -20.1973 -17.7392 -9.68 
-23.789 -23.7594 -17.9562 -18.7232 -21.1277 -18.2476 -18.5061 -12.3784 -11.6151 -11.9466 -15.2261 -9.036 -10.4855 -18.2262 -20.1973 -22.6773 -20.0167 
-26.7735 -24.8704 -28.4389 -24.5678 -21.1277 -21.7056 -23.2415 -16.8715 -11.9466 -16.5657 -15.2261 -14.3492 -19.2357 -24.6589 -22.6773 -24.9548 
-10.1035 -4.185 -4.9055 -6.525 -4.145 -1.4985 -4.2805 -2.9705 -3.0465 -3.222 -4.1375 -3.3755 -1.756 -1.4985 -4.2805 -3.7555 -3.898 -1.756 -4.8315 -4.645 -3.1385 -3.152 -4.424 
-14.1325 -6.622001 -7.156001 -7.5335 -6.0095 -5.4875 -7.207001 -6.910501 -5.0985 -7.685 -5.927001 -5.1655 -3.0405 -5.4875 -8.182501 -8.072001 -5.242001 -6.4675 -10.8625 -7.767501 -5.219 -8.638 
-16.8455 -9.1085 -7.854501 -9.144 -8.3985 -8.126 -11.5754 -8.851501 -9.264 -9.896501 -7.2465 -6.330501 -7.078001 -9.104 -12.9796 -9.5445 -10.2865 -12.7131 -13.985 -9.245501 -9.5175 
-19.0095 -9.8575 -9.472501 -11.6172 -10.7575 -12.6574 -13.5164 -13.2118 -12.0811 -11.4408 -8.2305 -9.9925 -10.2325 -13.8221 -14.4521 -14.589 -16.5321 -15.8356 -15.463 -14.0546 
-19.0425 -11.6827 -12.0073 -13.9762 -15.2889 -14.5984 -17.8767 -16.0289 -13.6254 -12.4248 -12.2135 -13.3658 -14.9506 -15.2946 -19.4966 -20.8346 -19.6546 -17.3136 -20.2721 
