-4.759 
n/a 
n/a 
n/a 
n/a 
-4.759 
n/a 
n/a 
n/a 
n/a 
-4.759 
n/a 
n/a 
n/a 
n/a 
-4.759 
n/a 
n/a 
n/a 
n/a 
-1.934 -3.7485 -3.288 -2.4285 -2.882 0 -2.3615 -3.8235 -4.8615 -2.7415 -4.5275 -3.222 -2.7295 -3.308 -1.756 -2.7415 -4.403 -1.934 -1.4985 -5.017 -1.7565 -3.091 -3.308 0 
-5.12 -6.434 -6.814 -5.089 -2.882 -2.3615 -6.017 -8.5915 -8.126 -6.618 -5.867 -7.046 -6.908 -5.273 -4.4655 -6.629001 -5.1875 -2.6125 -6.0555 -7.2375 -4.0655 -5.8635 -3.308 
-9.227 -10.5492 -7.1085 -5.089 -6.3905 -6.017 -11.2434 -10.19 -12.4187 -7.094501 -10.586 -10.2135 -8.4855 -7.9945 -8.4615 -7.397 -5.487 -6.4445 -7.511001 -9.1955 -7.535501 -5.8635 
-13.2164 -10.8437 -7.1085 -8.866 -8.0795 -11.2434 -12.8419 -14.7005 -12.8952 -12.0369 -13.7535 -10.6175 -11.8118 -12.3573 -9.093 -7.757501 -8.5425 -7.8325 -9.236 -9.433001 -7.535501 
-13.5109 -10.8437 -9.0675 -10.664 -15.0369 -12.8419 -17.3524 -15.177 -17.8376 -15.2044 -14.1575 -14.4338 -16.1746 -12.9888 -9.517 -11.0164 -9.551001 -9.359501 -9.455501 -9.433001 
-1.934 -3.288 -4.579 -3.288 -2.4285 -2.882 0 -1.934 -3.091 -3.308 -2.9775 0 -1.4985 -3.8235 -4.8615 -2.7415 -4.7925 -3.222 -5.4245 -1.756 -4.0645 -2.5045 -2.7295 -3.308 0 
-4.9715 -8.640501 -8.2285 -6.814 -5.089 -2.882 -1.934 -4.2105 -5.8635 -6.2965 -2.9775 -1.4985 -4.53 -8.5915 -8.126 -6.2365 -5.2095 -8.7025 -7.132501 -6.288 -5.763 -4.4295 -6.908 -3.308 
-9.7935 -12.563 -11.8781 -7.1085 -5.089 -5.571 -4.2105 -6.748001 -8.843 -6.2965 -5.155 -4.53 -8.803 -10.19 -12.0372 -6.4745 -9.6055 -10.2235 -12.0893 -7.6985 -8.5795 -8.5015 -6.908 
-13.8462 -16.2126 -12.1726 -7.1085 -7.512 -7.359 -6.748001 -10.442 -8.843 -8.33 -8.2285 -8.803 -10.199 -14.319 -12.2752 -11.0529 -11.2307 -15.1803 -13.4998 -10.7238 -12.9309 -8.5015 
-17.4958 -16.5071 -12.1726 -8.868 -9.747001 -10.9571 -10.442 -10.442 -10.7495 -11.6331 -12.7493 -10.199 -14.335 -14.557 -16.8536 -12.6781 -16.1875 -16.5908 -16.5251 -15.0752 -12.9309 
-1.934 -3.7485 -3.288 -2.4285 -2.882 -2.489 -2.882 0 -4.8615 -2.186 -3.355 -1.7565 -3.2495 -6.9875 0 -2.5045 -2.7295 -3.308 
-5.12 -6.434 -6.814 -5.089 -3.631 -6.771 -2.882 -4.8615 -6.527 -4.764 -3.725 -4.5605 -8.581 -6.9875 -2.5045 -4.4295 -6.908 
-9.227 -10.5492 -7.1085 -5.8215 -7.4555 -6.771 -9.885501 -6.527 -7.481 -4.7845 -7.045001 -9.502501 -8.581 -9.2275 -4.4295 -8.5015 
-13.2164 -10.8437 -10.2275 -10.1465 -7.4555 -14.1503 -11.6168 -7.481 -7.5015 -8.415 -12.5074 -9.502501 -11.2432 -11.2989 -8.5015 
-13.5109 -13.9627 -14.5525 -10.1465 -15.5466 -15.8816 -12.5708 -7.5015 -13.3888 -14.0776 -12.5074 -12.7607 -13.3146 -15.3709 
-1.934 -3.7485 -3.288 -2.4285 -2.882 -3.5785 -1.934 -3.091 -3.4605 -2.4265 -3.837 -8.099501 -2.5045 -2.7295 -3.308 
-5.12 -6.434 -6.814 -5.089 -8.732 -5.387 -4.2105 -6.053 -5.901 -5.396 -13.0393 -11.1792 -4.4295 -6.908 
-9.227 -10.5492 -7.1085 -11.6746 -10.382 -8.0065 -8.151501 -8.109 -8.3245 -15.2593 -16.119 -13.1042 -8.5015 
-13.2164 -10.8437 -13.7697 -13.3246 -13.0015 -12.1835 -10.0845 -10.634 -18.3494 -18.339 -18.044 -17.1762 
-13.5109 -17.5049 -15.4197 -15.9441 -17.1785 -14.1165 -12.7163 -20.6589 -21.4291 -20.264 -22.116 
