-4.759 
n/a 
n/a 
n/a 
n/a 
-4.759 
n/a 
n/a 
n/a 
n/a 
-4.759 
n/a 
n/a 
n/a 
n/a 
-4.759 
n/a 
n/a 
n/a 
n/a 
-3.539 -3.1635 0 -6.3395 -5.698 -2.7415 -4.645 -2.5045 -1.4985 -3.8385 -1.7565 -5.087 -3.5435 0 
-5.5795 -3.1635 -6.3395 -9.637501 -7.818001 -5.6165 -6.168001 -3.583 -4.778501 -4.716001 -6.2415 -8.545 -3.5435 
-5.5795 -10.004 -9.637501 -12.0295 -8.747001 -6.704 -6.946001 -6.384 -5.202 -9.8655 -10.292 -8.545 
-13.5146 -13.4942 -12.0295 -12.9585 -10.254 -7.329 -9.076501 -6.5985 -10.3095 -13.916 -10.292 
-17.0048 -15.8862 -12.9585 -14.4655 -10.6185 -9.385 -9.1225 -11.893 -14.36 -13.916 
-3.539 -3.1635 0 -6.373 -5.698 -2.7415 -4.645 -2.5045 -1.4985 -4.2245 -1.7565 -1.4985 -5.087 -3.5435 0 
-5.5795 -3.1635 -6.373 -8.753 -7.818001 -5.6165 -6.168001 -3.583 -5.2345 -5.277 -2.4195 -6.450001 -8.545 -3.5435 
-5.5795 -10.085 -8.753 -11.4146 -8.747001 -6.704 -6.946001 -6.441501 -5.753 -5.484 -7.3075 -9.064501 -8.545 
-13.5956 -12.465 -11.4146 -12.3436 -10.254 -7.329 -8.9835 -6.77 -5.9345 -9.151 -9.528 -9.064501 
-15.9756 -15.1266 -12.3436 -13.8506 -10.6185 -9.429501 -9.091501 -7.021 -9.611 -11.8733 -9.528 
-3.539 -3.1635 0 -5.4155 -5.698 -2.7415 -4.645 -2.5045 -4.905 -3.5435 -4.2245 0 
-5.5795 -3.1635 -5.4155 -8.2815 -7.818001 -5.6165 -6.168001 -7.71 -7.299 -7.4475 -4.2245 
-5.5795 -9.0045 -8.2815 -10.575 -8.747001 -6.704 -10.6095 -10.2958 -11.7564 -7.4475 
-12.5151 -11.9995 -10.575 -11.504 -10.254 -11.6275 -13.1953 -14.7532 -11.7564 
-15.5101 -14.293 -11.504 -13.011 -15.3053 -14.2133 -17.6527 -14.7532 
-3.539 -3.1635 -5.087 -6.3395 -5.698 -4.645 -2.5045 -4.2245 
-5.5795 -9.071 -11.08 -9.637501 -9.480501 -6.168001 -6.544001 
-12.5816 -15.2502 -14.378 -13.692 -10.5545 -8.641001 
-18.7608 -18.5482 -18.4325 -14.766 -13.5561 
-22.0588 -22.6027 -19.5065 -17.7676 
