-4.759 
n/a 
n/a 
n/a 
n/a 
-4.759 
n/a 
n/a 
n/a 
n/a 
-4.759 
n/a 
n/a 
n/a 
n/a 
-4.759 
n/a 
n/a 
n/a 
n/a 
-1.4985 -5.6745 -5.378 -2.3335 0 -3.45 -3.0695 -2.4945 -4.251 -5.133 -2.7455 -6.396 -4.4965 -2.7765 -4.236 -5.155 0 -3.486 -2.95 -1.4985 -4.8755 0 -3.664 -3.197 -2.9905 -1.4985 -3.869 -4.651 -1.756 -6.5905 -2.4265 0 
-6.735001 -9.289001 -5.8005 -2.3335 -3.45 -4.273 -4.2085 -5.2365 -9.589001 -7.253 -9.210501 -11.6693 -7.1565 -5.084001 -9.245501 -5.155 -3.486 -4.563 -4.514 -6.528501 -4.8755 -3.664 -6.593 -4.227 -4.143 -5.109 -7.097 -5.9355 -7.7945 -8.601001 -2.4265 
-10.9487 -9.501501 -5.8005 -5.2765 -4.273 -5.167 -7.304 -11.5177 -12.082 -14.1326 -14.7382 -14.3293 -9.067 -9.5935 -9.245501 -9.8545 -4.563 -5.6 -9.491 -6.528501 -9.2165 -6.593 -7.860001 -5.638 -7.1625 -8.273001 -8.2285 -12.8582 -9.446 -8.601001 
-11.1612 -9.501501 -8.461 -5.9065 -5.167 -8.5845 -13.9194 -14.0107 -18.9616 -19.6603 -17.3982 -16.2398 -13.7127 -9.5935 -14.3864 -11.2389 -5.6 -10.2035 -9.491 -11.5885 -12.5549 -7.860001 -9.646001 -9.361501 -9.791501 -9.504001 -15.5166 -14.5097 -9.446 
-11.1612 -12.1904 -9.052501 -6.807 -8.5845 -15.3209 -16.4124 -20.8903 -24.4893 -22.3203 -19.3087 -20.8855 -13.7127 -14.8708 -15.7708 -12.2759 -10.2035 -10.2035 -14.624 -14.9269 -13.8219 -9.646001 -13.4771 -12.2911 -11.3139 -16.8729 -17.1681 -14.5097 
-4.251 -4.1145 -4.456 -1.7695 -2.489 -4.354 -1.934 -2.3615 -1.7695 -4.1705 -7.8425 -2.95 -12.16972 -3.564 -3.1385 -4.6525 -1.7695 -3.197 -1.4985 -4.101 -1.756 -1.7695 -3.908 -2.4265 
-10.3545 -8.4475 -6.1595 -3.1405 -5.8475 -6.558 -3.539 -4.6245 -5.858 -13.8535 -9.9535 -16.05332 -15.73372 -7.7115 -8.404 -7.6645 -3.9565 -4.291 -4.997 -5.6415 -3.963 -5.3245 -6.2105 
-14.6875 -11.2984 -7.2235 -6.7335 -7.111001 -8.1945 -7.36 -9.458 -16.241 -15.3075 -23.70482 -19.61732 -19.88122 -13.28 -11.7702 -10.411 -4.7825 -8.414501 -6.717 -8.9785 -7.46 -7.035501 
-17.5384 -12.3624 -11.3051 -8.004001 -8.849501 -12.6811 -12.5193 -19.966 -17.7452 -28.63162 -27.26882 -23.76482 -25.44972 -16.6462 -14.5167 -11.237 -8.925 -10.168 -10.264 -12.7307 -9.190001 
-18.6024 -16.444 -12.5756 -9.684 -13.6885 -17.8404 -23.0273 -21.4702 -31.06932 -32.19562 -31.41632 -29.33332 -28.81592 -19.3927 -15.3427 -15.3795 -10.419 -13.5324 -14.2958 -14.4607 
-1.934 -3.3785 -3.3715 -3.664 -2.4945 -5.0775 -3.7015 -1.4985 -7.4405 -4.3435 0 -3.5065 -2.4265 -2.7765 -2.489 -4.236 -5.378 -1.756 -6.189 -2.3345 -5.3215 0 -2.5045 -1.4985 -3.486 -2.95 0 -1.4985 -5.553 -2.4945 -4.288 0 -2.925 -2.7765 -4.236 -4.691 -2.9905 -1.4985 -5.0125 -3.3775 -1.756 -4.0135 -2.4265 -4.236 0 
-4.5895 -7.4545 -6.028501 -5.315001 -7.8595 -6.9315 -4.3435 -8.674001 -12.6576 -4.3435 -3.5065 -4.9345 -4.346 -3.495 -5.3765 -8.024 -6.8455 -7.402 -7.2555 -6.7925 -5.3215 -2.5045 -3.1915 -3.5655 -4.563 -2.95 -1.4985 -6.5485 -7.3665 -5.297501 -4.288 -2.925 -4.3215 -5.084001 -8.172501 -7.2735 -4.143 -6.462 -7.9475 -5.0275 -5.473001 -5.2095 -6.2175 -4.236 
-7.6095 -9.948001 -7.131001 -11.5922 -10.016 -7.482 -12.0226 -14.0005 -12.6576 -7.2 -4.9345 -6.683001 -4.728 -5.5885 -8.548 -8.949 -10.022 -8.4175 -9.544001 -6.7925 -7.266 -3.1915 -4.538 -4.577 -4.563 -4.514 -6.5485 -8.262 -9.431001 -5.297501 -5.9015 -4.3215 -6.614 -8.552501 -10.1265 -7.801 -8.9265 -9.076 -8.496 -8.321501 -6.89 -8.691 -6.2175 
-10.0065 -11.3311 -14.0772 -13.7487 -10.6813 -15.4689 -17.3491 -14.0005 -15.5141 -8.778501 -6.683001 -7.1555 -6.6655 -8.698001 -9.175501 -12.4621 -11.1463 -10.2535 -9.544001 -9.402 -8.615001 -4.538 -4.615 -4.577 -5.6 -9.0445 -8.262 -10.4393 -9.431001 -7.136001 -7.5535 -6.614 -10.1765 -10.3475 -10.449 -12.8125 -11.7119 -9.8561 -13.0252 -9.285 -9.645 -8.691 
-11.4504 -18.2773 -16.2337 -14.414 -18.6682 -20.7954 -17.3491 -16.857 -17.0926 -10.27 -7.1555 -8.763 -10.0035 -9.2165 -12.992 -13.5864 -12.9823 -10.2535 -12.3281 -9.782001 -9.8205 -4.615 -4.615 -5.6055 -10.2805 -10.4855 -10.4393 -10.4393 -11.5937 -8.481001 -10.688 -10.1765 -11.9833 -10.597 -15.4605 -15.5979 -12.492 -14.3853 -13.9887 -12.056 -9.645 
-4.8045 -5.26 -2.3335 -4.1145 -3.7345 -2.9705 -2.4945 -4.354 -2.3345 -1.4985 -6.8325 -2.7765 -2.489 -4.236 -5.7125 -2.5045 -1.4985 -3.486 -2.95 0 -1.4985 -4.8755 -5.9415 -2.3335 -3.2945 -3.711 -6.053 -1.4985 -3.869 -3.3425 0 
-9.66 -5.445 -7.31 -6.98 -6.3265 -4.302 -6.9335 -4.655 -3.233 -7.4835 -9.092001 -3.495 -5.3765 -6.937 -7.9835 -3.1915 -3.5655 -4.563 -2.95 -1.4985 -6.528501 -11.9406 -6.665 -5.973001 -5.323 -10.598 -6.768001 -5.109 -7.4545 -3.3425 
-9.809501 -10.9939 -10.4035 -10.223 -7.9255 -8.711 -7.748 -6.296 -8.919001 -9.882501 -10.239 -5.5885 -8.2575 -9.493 -8.452001 -4.538 -4.577 -4.563 -4.514 -6.528501 -14.3126 -12.6641 -10.8473 -8.8 -13.38 -11.313 -9.9645 -8.891001 -7.4545 
-15.4174 -14.0874 -13.6465 -11.822 -12.5143 -9.2945 -8.685 -12.8588 -11.5626 -11.0295 -12.3325 -8.808001 -10.586 -10.2445 -9.9895 -4.615 -4.577 -5.6 -9.491 -14.3126 -15.0361 -16.8464 -13.6743 -17.271 -14.095 -14.5095 -13.7465 -8.891001 
-18.5109 -17.3304 -15.2455 -16.4108 -13.0978 -9.976001 -15.4162 -15.5024 -12.7096 -13.123 -15.552 -11.3421 -11.3375 -11.782 -10.012 -4.615 -5.6055 -10.2035 -17.3481 -15.0361 -19.2184 -19.6734 -22.1453 -17.986 -17.2915 -18.2915 -13.7465 
