-4.759 
n/a 
n/a 
n/a 
n/a 
-4.759 
n/a 
n/a 
n/a 
n/a 
-4.759 
n/a 
n/a 
n/a 
n/a 
-4.759 
n/a 
n/a 
n/a 
n/a 
-4.518 -3.7455 -3.325 -3.4975 -4.156 -4.1585 -2.8645 -4.4595 -3.499 -2.925 -2.7765 -4.132 -3.4425 -4.732 -2.985 -3.3435 -3.788 0 
-4.659 -6.435 -7.0145 -7.775001 -5.718 -6.601501 -6.786 -6.8405 -6.573 -4.3215 -5.806001 -6.4 -7.983 -7.319 -5.5965 -6.911 -3.788 
-7.43 -10.4855 -12.0256 -9.3 -8.061501 -10.9926 -8.432501 -9.686001 -7.953 -7.1685 -8.790501 -9.234 -10.093 -10.054 -9.992001 -6.911 
-11.9325 -15.4966 -13.5506 -11.8661 -12.6052 -12.6391 -10.523 -11.1554 -11.032 -10.1675 -11.4071 -11.8328 -13.2692 -14.5327 -9.992001 
-16.9436 -17.0216 -16.1167 -16.4098 -14.2517 -14.7296 -12.21 -14.2344 -14.031 -12.7841 -14.0059 -15.009 -17.7479 -14.5327 
-1.4985 -4.518 -3.7455 -3.325 -1.4985 -4.132 -1.7565 -3.4975 -3.757 -2.8645 -4.4595 -3.499 -3.0695 -3.423 -2.489 -3.0365 -3.834 -2.985 -3.3435 -2.95 0 
-5.0305 -4.659 -6.435 -3.898 -5.351501 -5.653 -4.91 -6.415 -6.016 -6.786 -6.8405 -5.3535 -5.397 -4.122 -5.1315 -6.2735 -6.153501 -5.5965 -5.892 -2.95 
-5.1175 -7.43 -7.136 -6.183 -5.876 -8.860001 -8.329 -8.0845 -10.7025 -8.432501 -8.178 -7.8665 -6.424 -6.8225 -7.6145 -8.540501 -9.255501 -7.754 -5.892 
-7.4965 -8.184 -9.333 -6.194 -9.165001 -12.4608 -10.6307 -13.0268 -12.349 -9.5225 -11.3732 -8.7395 -8.912001 -9.823501 -10.533 -11.8589 -11.6402 -7.754 
-8.313001 -9.609 -9.342 -9.774 -12.8212 -14.7625 -15.573 -14.6733 -13.439 -12.9937 -12.2462 -11.3191 -12.1978 -12.7068 -13.8514 -14.2436 -11.6402 
-1.4985 -4.518 -3.7455 -2.9705 -4.1335 -3.325 -1.4985 -4.156 -4.1585 -2.8645 -4.4595 -3.499 -1.756 -2.925 -3.213 -4.732 -1.7695 -2.985 -3.3435 0 
-5.0305 -4.659 -6.282001 -6.7915 -6.3745 -3.898 -4.9965 -5.718 -6.601501 -6.786 -6.8405 -4.9 -4.2585 -5.4345 -7.3645 -7.0495 -4.281 -5.5965 -3.3435 
-5.1175 -7.1105 -9.832001 -8.4425 -7.0265 -7.972001 -6.3035 -8.061501 -10.9926 -8.432501 -8.314501 -7.405 -6.7255 -9.535501 -10.281 -10.1265 -7.314001 -5.5965 
-7.4645 -10.281 -11.6518 -8.816 -10.243 -9.5635 -8.269501 -12.6052 -12.6391 -9.468 -10.451 -9.9005 -10.6875 -12.5564 -13.162 -13.1595 -7.314001 
-10.7595 -12.2894 -12.0253 -12.3619 -11.9447 -11.8283 -12.8626 -14.2517 -13.6746 -11.6957 -13.1591 -13.9611 -13.7084 -15.4374 -16.195 -13.1595 
-4.518 -3.7455 -2.9705 -4.426 -3.325 -1.4985 -4.132 -1.7565 -3.4975 -4.156 -4.1585 -4.0935 -4.4595 -3.499 -3.0695 -2.7765 -3.956 -4.732 -2.985 -3.3435 -2.95 0 
-4.659 -6.282001 -5.968 -6.7255 -3.898 -5.351501 -5.653 -4.91 -7.775001 -5.718 -8.880001 -7.583 -6.8405 -5.3535 -4.7695 -5.5885 -7.4925 -7.319 -5.5965 -5.892 -2.95 
-7.1105 -9.790501 -7.961501 -7.443501 -6.183 -5.876 -8.860001 -9.805 -9.3 -11.4595 -12.5365 -10.0995 -8.178 -7.3165 -8.147501 -9.531 -9.7465 -10.054 -7.754 -5.892 
-10.8094 -11.7708 -8.5345 -10.564 -6.194 -9.165001 -13.9368 -11.6536 -15.2641 -15.116 -15.053 -11.437 -10.8232 -10.2865 -12.3276 -11.888 -12.6523 -12.2947 -7.754 
-12.7897 -12.3438 -11.758 -10.652 -9.774 -14.2972 -15.7854 -17.6177 -18.9206 -17.6325 -16.3905 -14.0822 -13.7932 -14.3798 -14.6846 -14.7938 -14.893 -12.2947 
