-4.759 
n/a 
n/a 
n/a 
n/a 
-4.759 
n/a 
n/a 
n/a 
n/a 
-4.759 
n/a 
n/a 
n/a 
n/a 
-4.759 
n/a 
n/a 
n/a 
n/a 
-1.934 -1.4985 -4.193 -1.7565 -3.59 -2.229 -3.5125 -3.54 -3.468 -2.4945 -4.5485 -3.115 -2.3615 0 -4.4395 -2.5195 -4.018 0 -4.3915 -2.5195 -3.5455 -4.0555 0 -4.3285 -4.794 -2.5195 -3.641 -6.4145 -3.5455 -1.4985 -3.502 -3.4975 -4.101 -3.8275 
-2.6125 -4.594501 -4.7225 -5.59 -4.966 -5.187 -7.426 -6.399 -5.546 -5.861 -7.755 -4.312 -2.3615 -4.4395 -7.5 -6.2395 -4.018 -4.3915 -7.365 -5.71 -4.3305 -4.0555 -4.3285 -10.348 -5.6105 -5.91 -7.1285 -9.9645 -3.91 -4.5955 -5.7045 -7.944 -7.710001 
-5.558001 -4.7895 -9.876 -7.2625 -6.7645 -8.821501 -10.5035 -7.998001 -8.939501 -8.8695 -8.969 -4.312 -7.9095 -7.5 -9.328501 -6.2395 -7.5755 -7.365 -9.5315 -6.4445 -4.3305 -8 -10.348 -10.5975 -8.483001 -8.9945 -11.2073 -10.195 -7.7205 -6.615 -10.8642 -12.7002 
-6.0865 -9.956 -11.5125 -9.561001 -9.943001 -12.0796 -12.1025 -11.5725 -11.9392 -10.0855 -8.969 -9.0495 -11.4532 -9.328501 -9.328501 -9.258 -9.998 -9.5315 -9.564 -6.4445 -8.056001 -14.8217 -10.5975 -13.47 -12.7801 -13.2921 -11.4378 -14.0055 -8.450001 -12.2381 -15.6204 
-11.4846 -11.6127 -13.811 -13.0503 -13.4741 -13.6786 -15.677 -14.5722 -13.1552 -10.0855 -13.9505 -12.6678 -13.2817 -9.328501 -10.108 -10.0935 -10.0975 -9.564 -9.564 -10.7335 -15.0403 -15.0712 -13.47 -17.7671 -17.0777 -13.5226 -15.2483 -14.735 -15.1209 -16.9943 
-1.934 -1.4985 -4.193 -1.7565 -1.4985 -3.5125 -1.7565 -1.4985 -3.59 0 -2.461 -7.4735 -3.152 -4.5485 -2.3615 -3.3755 0 -12.16972 -2.5195 -4.018 0 -7.945 -2.5195 -3.5455 -4.0555 0 -3.502 -3.676 -2.5195 -12.16972 -2.5045 -1.4985 -2.95 -1.7565 -4.101 -3.8275 0 -3.502 -12.16972 -4.857 -2.5195 -4.018 
-2.6125 -4.594501 -4.7225 -2.4195 -4.7015 -4.312 -2.4195 -4.268 -3.59 -2.461 -10.6605 -10.598 -6.251 -7.012 -4.8525 -3.3755 -12.16972 -14.68922 -6.2395 -4.018 -7.945 -10.5975 -5.71 -4.3305 -4.0555 -3.502 -4.945 -6.226 -15.36282 -14.67422 -3.1915 -3.9285 -4.3785 -5.368001 -7.710001 -3.8275 -3.502 -17.17032 -17.02672 -7.085001 -6.2395 
-5.558001 -4.7895 -5.081 -5.810501 -4.846 -4.905 -5.009 -4.268 -6.5705 -10.6605 -13.785 -13.697 -8.636001 -8.724501 -4.8525 -16.58202 -14.68922 -18.40922 -6.2395 -10.9315 -10.5975 -13.788 -6.4445 -4.3305 -4.94 -4.945 -7.523 -19.63772 -17.86732 -15.36122 -4.5155 -4.676 -8.796 -8.717001 -7.710001 -7.408 -17.17032 -22.02732 -19.25472 -11.4012 
-6.0865 -5.1135 -8.4755 -5.975501 -5.3575 -7.318 -5.009 -7.373 -15.2136 -13.785 -16.884 -16.082 -9.928 -8.724501 -18.29542 -19.10152 -18.40922 -18.40922 -13.7668 -13.584 -13.788 -14.5225 -6.4445 -6.533 -8.984501 -7.523 -21.25352 -22.14222 -18.55432 -16.68522 -4.837 -9.575001 -12.3304 -8.717001 -11.7471 -21.46172 -22.02732 -24.25532 -23.57092 
-6.4475 -8.541 -8.595501 -6.5525 -7.528 -7.318 -8.0935 -16.2959 -18.3381 -16.884 -19.269 -17.374 -9.928 -22.21942 -20.81492 -22.82152 -18.40922 -25.93652 -16.4193 -16.7745 -14.5225 -14.5225 -8.697001 -9.189 -12.1771 -21.25352 -23.75802 -22.82922 -19.87832 -17.00672 -9.856 -13.1094 -12.3304 -13.0367 -25.80082 -26.31872 -24.25532 -28.57152 
-1.934 -1.4985 -3.8315 -3.4795 -1.7565 -1.4985 -3.59 -2.229 -3.5125 0 -2.461 -3.468 -3.152 -4.5485 -3.115 -2.3615 0 -4.4395 -2.5195 -4.018 0 -4.3915 -2.5195 -3.5455 -4.0555 0 -3.5455 -1.4985 -5.1555 -4.319 -1.934 -10.7545 -3.641 -4.018 -4.857 -2.5195 -4.018 0 
-2.6125 -4.604 -5.7135 -4.599 -2.4195 -4.268 -4.966 -5.187 -3.5125 -2.461 -6.686001 -6.2205 -6.251 -7.755 -4.312 -2.3615 -4.4395 -7.5 -6.2395 -4.018 -4.3915 -7.365 -5.71 -4.3305 -4.0555 -3.5455 -3.91 -6.089001 -10.7609 -6.011 -13.6949 -14.3955 -4.617001 -8.745501 -7.085001 -6.2395 -4.018 
-5.003 -5.9395 -6.074 -5.2475 -5.009 -5.127 -6.7645 -5.187 -6.2605 -6.686001 -9.333501 -8.604 -9.189001 -8.969 -4.312 -7.9095 -7.5 -9.328501 -6.2395 -7.5755 -7.365 -9.5315 -6.4445 -4.3305 -7.4585 -3.91 -9.295 -12.4336 -12.4529 -18.4421 -17.3359 -15.3715 -9.382001 -11.6611 -11.4012 -6.2395 
-6.202 -6.125501 -6.5525 -8.8245 -5.6785 -6.9925 -6.7645 -8.061501 -10.9071 -9.333501 -11.8136 -11.6878 -10.5576 -8.969 -9.0495 -11.4532 -9.328501 -9.328501 -9.258 -9.998 -9.5315 -9.564 -6.4445 -7.644001 -7.677 -9.295 -15.8954 -14.1256 -24.884 -22.0831 -18.3119 -20.1365 -12.8684 -15.9773 -11.4012 
-6.4385 -6.584001 -9.2165 -9.255 -7.899501 -6.9925 -9.951 -12.9559 -13.5546 -11.8136 -14.8974 -13.0564 -10.5576 -13.9505 -12.6678 -13.2817 -9.328501 -10.108 -10.0935 -10.0975 -9.564 -9.564 -9.519501 -7.842 -13.5846 -15.8954 -17.5874 -26.5567 -28.525 -23.0591 -23.0769 -23.6229 -17.1846 -15.9773 
-1.934 -1.4985 -4.193 -3.5125 -1.7565 -1.4985 -3.59 0 -3.54 -3.468 -5.1995 0 -4.4395 -2.5195 -4.018 0 -2.5195 -4.3285 0 -3.5455 -1.4985 -4.3005 -3.4975 -4.058 -3.8275 0 -3.641 -4.018 -4.857 -3.4045 -2.5195 -4.018 
-2.6125 -4.594501 -8.559501 -4.312 -2.4195 -4.268 -3.59 -3.54 -6.399 -8.1675 -5.1995 -4.4395 -7.5 -6.2395 -4.018 -2.5195 -6.4795 -4.3285 -3.5455 -3.91 -5.5975 -8.3435 -5.882 -4.954 -3.8275 -3.641 -4.617001 -8.745501 -6.62 -5.461 -6.2395 
-5.558001 -8.973001 -9.190001 -4.905 -5.009 -4.268 -7.5535 -6.399 -11.7173 -8.1675 -10.985 -7.5 -9.328501 -6.2395 -7.0085 -6.4795 -6.4795 -7.8245 -3.91 -8.4055 -9.592 -11.3362 -6.186 -4.954 -7.559 -4.617001 -9.382001 -10.411 -7.824 -9.67 
-9.5675 -9.369 -9.627501 -7.318 -5.009 -7.898 -10.0545 -11.7173 -11.7173 -14.2462 -14.0455 -9.328501 -9.328501 -9.0385 -10.071 -6.4795 -9.602 -8.111501 -8.4055 -12.8892 -12.6855 -11.6402 -6.186 -8.3765 -8.479 -9.382001 -10.6105 -10.6105 -10.485 
-9.9965 -9.740001 -12.1081 -7.318 -8.731501 -10.298 -15.5116 -11.7173 -17.796 -17.3067 -15.874 -9.328501 -12.3629 -12.1284 -10.071 -9.602 -9.769501 -12.9276 -12.8892 -15.9827 -12.9895 -11.6402 -9.526501 -8.8795 -10.199 -10.6105 -10.739 -13.2715 
