-4.759 
n/a 
n/a 
n/a 
n/a 
-4.759 
n/a 
n/a 
n/a 
n/a 
-4.759 
n/a 
n/a 
n/a 
n/a 
-4.759 
n/a 
n/a 
n/a 
n/a 
-1.934 -4.652 -5.965 -3.1715 -4.164 -1.934 -1.7695 -5.1845 -5.74 
-5.852 -10.3045 -8.389 -6.922 -5.572 -4.0395 -7.4505 -5.7465 
-11.9797 -12.7285 -12.4627 -9.128 -8.698 -10.107 -7.9875 
-14.4037 -16.8022 -14.6687 -12.4048 -15.0381 -10.644 
-18.4774 -19.0082 -17.9455 -18.7449 -15.5751 
-1.934 -4.652 0 -5.965 -3.1715 -2.7415 -4.281 -5.1845 -5.74 0 
-5.852 -4.652 -5.965 -8.389 -6.078 -5.383 -9.72 -5.7465 -5.74 
-5.852 -10.3045 -8.389 -9.783 -8.405001 -11.5552 -10.6495 -5.7465 
-11.9797 -12.7285 -9.783 -12.446 -14.879 -12.4847 -10.6495 
-14.4037 -14.1225 -12.446 -18.92 -15.8085 -12.4847 
-1.934 -4.652 0 -5.965 -3.468 -3.098 -4.164 -2.5045 -5.1845 -5.74 
-5.852 -4.652 -5.965 -9.6845 -7.5555 -6.175 -6.231 -8.208 -5.7465 
-5.852 -10.3045 -9.6845 -14.124 -10.7913 -9.039001 -12.6495 -8.8125 
-11.9797 -14.024 -14.124 -17.3598 -13.6553 -15.5153 -13.254 
-15.6992 -18.4635 -17.3598 -20.2238 -20.1316 -16.1198 
-1.934 -4.652 0 -1.4985 -3.098 -1.7565 -5.965 -3.1715 -2.7415 -4.164 -3.222 -6.557 
-5.852 -4.652 -1.4985 -4.3095 -4.3615 -7.106 -8.389 -6.078 -5.8395 -6.4655 -10.3545 
-5.852 -6.244 -4.3095 -4.5915 -10.115 -9.1485 -9.783 -8.7475 -7.586 -13.8474 
-6.8875 -9.002001 -4.5915 -10.2805 -12.2863 -10.5919 -12.7885 -10.1945 -15.1893 
-9.259001 -9.578001 -10.2805 -12.5236 -13.7297 -13.5974 -14.2355 -18.1998 
