-4.759 
n/a 
n/a 
n/a 
n/a 
-4.759 
n/a 
n/a 
n/a 
n/a 
-4.759 
n/a 
n/a 
n/a 
n/a 
-4.759 
n/a 
n/a 
n/a 
n/a 
-3.972 -2.4945 -6.342501 -7.691 -3.277 -4.959 -4.392 -4.563 -10.109 
-6.0975 -8.966001 -13.6658 -11.8172 -8.981501 -10.389 -9.231001 -15.8402 
-13.247 -18.1956 -18.4438 -17.5217 -14.6003 -15.228 -20.7254 
-22.3538 -22.679 -24.1483 -23.1405 -19.4393 -26.7224 
-26.48 -28.3835 -29.7671 -27.9795 -30.9337 
-4.1835 -4.263 -3.757 0 -3.7075 -3.768 -2.674 -3.1435 -4.2705 -2.3345 -5.1495 -1.7565 -5.732 -3.3755 -3.436 -6.342501 -4.277 -3.277 0 
-7.4025 -8.2915 -3.757 -3.7075 -7.8725 -4.7755 -5.7465 -6.9675 -6.725 -7.592501 -6.638 -7.532501 -5.8985 -6.3075 -9.641001 -8.859501 -6.336 -3.277 
-9.103001 -8.2915 -7.403 -7.8725 -8.7555 -7.907001 -9.638 -9.104 -12.6278 -8.84 -12.9618 -7.821501 -9.450001 -13.1455 -13.114 -10.73 -6.336 
-9.103001 -12.3223 -12.2716 -8.7555 -12.006 -12.0133 -11.8473 -15.0748 -13.8753 -15.3302 -13.2508 -11.7094 -16.419 -16.3929 -13.7109 -9.175501 
-13.255 -17.1909 -13.1546 -12.006 -16.1123 -14.2226 -17.8181 -16.3223 -20.3655 -15.6192 -17.1387 -18.6784 -19.6104 -16.8994 -13.7109 
-2.5195 -1.4985 -3.6835 -4.2705 -2.4265 -6.04 -7.4995 -3.355 -1.7565 -3.5215 -4.9845 -2.8645 -4.066 -3.6215 -3.3435 -4.4885 
-3.1695 -4.7155 -7.737 -6.9635 -7.321501 -14.0235 -10.6625 -3.725 -5.2195 -9.435 -7.483001 -8.3305 -6.269 -7.837001 -8.518001 
-6.5675 -8.880501 -9.824 -12.6699 -15.7899 -18.1736 -12.8357 -8.544001 -11.8614 -12.1307 -13.2472 -10.7235 -9.801001 -13.4455 
-10.8795 -11.2573 -15.6768 -21.1383 -19.7356 -19.9406 -17.6547 -15.9315 -14.5571 -17.8949 -15.6402 -14.2555 -15.7591 
-13.2563 -17.1101 -24.1452 -25.084 -21.5026 -24.7596 -25.0422 -18.6272 -20.3213 -20.2879 -19.1722 -20.2136 
-3.7075 -1.7565 -3.757 -3.319 -1.7565 -4.1835 -5.0485 -2.186 -4.347 -3.436 -6.342501 -4.277 -3.158 0 -4.0555 -4.5595 -1.7565 -5.31 -4.2125 0 
-6.572001 -5.9375 -7.651501 -4.165 -5.619 -7.699 -6.6725 -5.555 -9.005 -9.641001 -8.859501 -7.0305 -3.158 -4.0555 -9.745501 -6.244 -7.467 -9.192 -4.2125 
-11.4616 -9.814501 -8.438001 -7.509 -9.325001 -9.121 -8.6695 -10.3024 -15.7666 -13.114 -11.729 -7.0305 -7.151501 -9.745501 -10.612 -12.9411 -11.588 -9.192 
-15.3386 -10.601 -12.452 -10.6095 -10.8222 -11.2404 -13.6051 -17.064 -18.958 -14.9464 -10.411 -11.5586 -12.7777 -10.612 -18.1305 -17.0621 -11.588 
-16.1251 -14.615 -15.5525 -12.1067 -12.9416 -16.176 -20.3667 -20.2554 -20.7 -14.9464 -15.1339 -17.1848 -13.6442 -18.1305 -22.2515 -17.0621 
