-4.759 
n/a 
n/a 
n/a 
n/a 
-4.759 
n/a 
n/a 
n/a 
n/a 
-4.759 
n/a 
n/a 
n/a 
n/a 
-4.759 
n/a 
n/a 
n/a 
n/a 
-1.934 -3.284 -3.4795 0 -2.9805 -2.7415 -3.183 -2.664 -3.784 -3.693 0 
-5.119 -6.124001 -3.4795 -2.9805 -4.004 -4.8475 -5.3595 -4.8555 -6.853001 -3.693 
-8.547501 -6.124001 -6.1615 -4.004 -6.0795 -6.591001 -7.134 -7.759501 -6.853001 
-8.547501 -8.299001 -7.094 -6.0795 -7.859 -8.3625 -9.248501 -7.759501 
-10.389 -9.007501 -9.205 -7.859 -9.041 -9.758 -9.248501 
-3.5455 -3.091 -5.437 0 -5.5785 -4.6485 -1.7695 -2.489 -2.664 -3.784 -3.693 0 
-5.242001 -7.42 -5.437 -5.5785 -9.901501 -4.9655 -3.1405 -4.563 -4.8555 -6.853001 -3.693 
-9.0495 -7.42 -11.9819 -9.901501 -10.123 -5.489 -5.011 -7.4015 -7.759501 -6.853001 
-9.0495 -14.5645 -16.3049 -10.123 -10.6465 -7.2015 -7.841001 -9.693001 -7.759501 
-16.3376 -18.8875 -16.5264 -10.6465 -12.359 -9.897 -9.8605 -9.693001 
-5.5785 -2.7415 -3.098 -2.664 -3.784 -3.693 -3.4985 -5.437 
-7.358 -5.107 -5.671 -4.8555 -6.853001 -7.2355 -8.738501 
-9.6085 -7.1285 -7.6595 -7.759501 -9.938001 -12.9311 
-12.0968 -8.949 -9.476001 -10.6465 -15.6896 
-13.9173 -9.607 -12.7264 -16.3981 
-2.9805 -3.5745 -2.6165 -3.6645 -3.3235 -3.5455 -3.284 -3.4795 
-4.8665 -4.114 -7.097 -7.6835 -6.5915 -6.408501 -6.124001 
-5.333 -7.63 -9.601501 -10.316 -9.8405 -8.3535 
-8.733001 -10.233 -10.704 -13.7586 -11.8835 
-11.466 -11.3355 -14.7688 -15.8016 
