-4.759 
n/a 
n/a 
n/a 
n/a 
-4.759 
n/a 
n/a 
n/a 
n/a 
-4.759 
n/a 
n/a 
n/a 
n/a 
-4.759 
n/a 
n/a 
n/a 
n/a 
-5.5785 -2.229 -8.384501 0 
-6.6785 -9.3265 -7.344501 
-14.0553 -8.869 
-14.0553 
n/a 
-7.3435 -2.229 -5.6645 -3.321 0 -1.934 -3.6085 -6.1245 
-8.02 -7.132 -10.096 -3.321 -1.934 -4.739 -10.5505 
-13.2738 -11.9763 -10.096 -6.061501 -4.739 -10.437 
-18.1181 -11.9763 -13.1675 -9.1425 -10.7992 
-18.1181 -15.0478 -16.2485 -14.0946 
-7.3435 -2.229 -5.557 
-8.02 -6.822001 
-10.1185 
n/a 
n/a 
-5.5785 -2.229 -5.557 -1.934 -3.6085 0 
-6.6785 -6.822001 -7.29 -4.739 -3.6085 
-8.9475 -8.3985 -9.158 -4.739 
-10.586 -10.089 -9.158 
-12.2765 -10.089 
