-4.759 
n/a 
n/a 
n/a 
n/a 
-4.759 
n/a 
n/a 
n/a 
n/a 
-4.759 
n/a 
n/a 
n/a 
n/a 
-4.759 
n/a 
n/a 
n/a 
n/a 
-3.225 0 -5.0565 -4.085 0 -2.701 0 0 -2.7275 0 
-3.225 -5.0565 -8.6625 -4.085 -2.701 -2.701 0 -2.7275 -2.7275 
-8.361501 -8.6625 -8.6625 -7.977 -2.701 -2.701 -2.7275 -2.7275 
-10.647 -8.6625 -12.8063 -7.977 -2.701 -4.7405 -2.7275 
-10.647 -12.8063 -12.8063 -7.977 -4.7405 -4.7405 
-3.2495 -4.6945 -1.756 -8.901001 -4.085 0 -4.483 0 0 -1.8085 0 
-5.97 -6.285001 -11.19 -13.156 -4.085 -4.483 -4.483 0 -1.8085 -1.8085 
-6.8595 -13.6373 -15.36 -13.5182 -9.4375 -4.483 -4.483 -1.8085 -1.8085 
-15.0025 -18.5247 -15.36 -19.1225 -9.4375 -4.483 -5.383 -1.8085 
-18.7875 -18.5247 -20.9643 -19.1225 -9.4375 -5.383 -5.383 
-3.225 0 -5.0565 -4.085 0 -2.701 0 0 -1.8085 0 
-3.225 -5.0565 -8.6625 -4.085 -2.701 -2.701 0 -1.8085 -1.8085 
-8.361501 -8.6625 -8.6625 -7.977 -2.701 -2.701 -1.8085 -1.8085 
-10.647 -8.6625 -12.8063 -7.977 -2.701 -4.458 -1.8085 
-10.647 -12.8063 -12.8063 -7.977 -4.458 -4.458 
-3.225 0 -5.0565 -4.085 0 -5.3565 0 0 -1.8085 0 
-3.225 -5.0565 -8.6625 -4.085 -5.3565 -5.3565 0 -1.8085 -1.8085 
-8.361501 -8.6625 -8.6625 -9.7125 -5.3565 -5.3565 -1.8085 -1.8085 
-10.647 -8.6625 -14.5418 -9.7125 -5.3565 -7.2535 -1.8085 
-10.647 -14.5418 -14.5418 -9.7125 -7.2535 -7.2535 
