-4.759 
n/a 
n/a 
n/a 
n/a 
-4.759 
n/a 
n/a 
n/a 
n/a 
-4.759 
n/a 
n/a 
n/a 
n/a 
-4.759 
n/a 
n/a 
n/a 
n/a 
-3.539 -3.1635 0 -1.4985 -4.467 -1.7695 -6.2475 -1.4985 -3.5435 -3.2615 -1.4985 -3.4515 -1.7565 -1.4985 -5.133 -4.519 -1.934 -18.50272 -3.251 -4.434 -1.934 -4.264 0 
-5.5795 -3.1635 -1.4985 -5.988 -4.6455 -6.673 -6.978001 -4.2755 -6.724501 -4.032 -4.432 -4.611 -2.4195 -5.976501 -6.2275 -5.7775 -21.62852 -22.63152 -6.594501 -5.81 -6.6865 -4.264 
-5.5795 -5.4855 -5.988 -6.26 -8.5365 -7.1815 -7.7815 -7.2185 -7.349501 -7.342 -4.8535 -5.1565 -6.661001 -7.201 -6.882501 -26.78842 -25.09792 -25.97502 -7.6905 -7.629 -6.6865 
-7.920001 -10.159 -6.26 -9.823501 -8.8745 -7.844501 -9.849501 -7.929 -10.688 -7.759 -5.329 -8.6075 -8.088 -7.77 -28.80122 -30.03942 -28.44142 -27.07102 -8.994 -7.629 
-12.8139 -10.4335 -9.823501 -10.5255 -9.5515 -9.882501 -9.975 -11.3383 -11.105 -7.976 -8.8315 -8.788 -8.655001 -29.96192 -32.05222 -33.38292 -29.53742 -28.37452 -8.994 
-3.539 -3.1635 0 -3.2615 -1.4985 -3.4515 -1.7565 -1.4985 -5.133 -4.519 -1.934 -4.951 -2.688 -4.4045 -4.0555 -2.9905 0 -1.8085 -5.5335 -1.7695 -5.995 -1.4985 -3.5435 -4.434 -1.934 -4.264 0 
-5.5795 -3.1635 -3.2615 -4.032 -4.432 -4.611 -2.4195 -5.976501 -6.2275 -5.7775 -6.56 -4.9765 -4.9465 -9.388 -5.1245 -2.9905 -1.8085 -6.4075 -7.5225 -6.393001 -6.587 -4.2755 -7.715501 -5.81 -6.6865 -4.264 
-5.5795 -7.075 -4.032 -7.342 -4.8535 -5.1565 -6.661001 -7.201 -6.882501 -9.573501 -6.6495 -4.98 -9.660501 -10.6914 -5.1245 -4.703 -6.4075 -8.017501 -8.5975 -6.708001 -7.2435 -8.405001 -8.031501 -7.629 -6.6865 
-9.116501 -7.862 -7.342 -7.759 -5.329 -8.6075 -8.088 -7.77 -11.5863 -9.692 -6.653501 -9.988501 -11.0867 -10.6914 -6.966 -8.499001 -8.017501 -8.918001 -8.9305 -7.311501 -11.777 -9.932001 -10.4945 -7.629 
-10.2045 -11.3122 -7.759 -7.976 -8.8315 -8.788 -8.655001 -12.747 -11.7048 -9.6955 -10.5525 -11.4213 -11.0867 -12.5329 -11.5316 -10.334 -8.918001 -9.184501 -9.458 -11.9112 -13.304 -11.309 -10.4945 
-3.539 -3.1635 0 -3.2615 -1.4985 -5.133 -4.219 -3.4515 -1.934 -4.4045 -8.4995 0 -1.4985 -4.778 -1.7695 -4.8475 -1.4985 -3.5435 -4.434 -1.934 -5.595 0 
-5.5795 -3.1635 -3.2615 -4.032 -5.976501 -6.7745 -5.724501 -4.7655 -6.617 -14.5874 -8.4995 -1.4985 -6.5675 -5.0175 -6.252501 -6.430501 -4.2755 -7.715501 -5.81 -5.849 -5.595 
-5.5795 -7.075 -4.032 -8.265 -7.634 -8.1055 -7.242001 -9.953501 -17.5369 -14.5874 -10.375 -6.5675 -6.9985 -9.538501 -7.22 -8.621501 -8.405001 -8.031501 -9.406 -5.849 
-9.116501 -7.862 -8.265 -9.225 -9.473001 -8.976501 -12.7036 -21.0698 -17.5369 -16.4629 -15.444 -6.9985 -11.6631 -9.878001 -9.544001 -12.9468 -9.932001 -12.8239 -9.406 
-10.2045 -12.2352 -9.225 -11.1888 -9.990001 -15.2721 -23.8199 -21.0698 -19.4124 -21.5319 -15.875 -11.6631 -12.0026 -12.3288 -13.9257 -14.4738 -13.6384 -12.8239 
-3.539 -3.1635 -18.50272 -4.698 -4.219 -3.4515 -4.0555 -2.9905 -1.756 -2.688 -3.5435 -4.5485 -2.5045 -4.809 -3.6825 -4.3035 -1.7695 -3.0465 -3.539 -4.9295 -3.6825 -2.872 -1.934 -3.9995 -4.7085 -1.7695 -3.013 -3.0415 0 
-5.5795 -22.87552 -24.07852 -7.465001 -5.724501 -7.172501 -5.1245 -4.565001 -4.619 -5.966001 -7.586 -6.309 -7.562 -7.1995 -8.056001 -4.6755 -3.683 -5.795 -8.9825 -6.353 -6.2295 -4.659 -5.0145 -9.224001 -5.056 -3.7215 -4.597 -3.0415 
-26.40092 -27.58832 -26.84552 -8.408501 -8.858001 -8.085 -6.201 -7.837501 -8.191501 -8.764 -9.642 -10.757 -10.6345 -12.325 -8.194501 -6.0215 -6.4095 -12.0699 -10.598 -8.693501 -7.9285 -7.8255 -9.406501 -9.450001 -6.816501 -4.7875 -4.597 
-31.09892 -30.35532 -27.78902 -12.2582 -9.747001 -9.446501 -9.956 -11.4738 -11.3245 -10.66 -14.338 -13.8295 -15.76 -12.4635 -9.486501 -8.796 -13.123 -13.6854 -12.9385 -10.322 -11.2542 -12.4907 -9.649501 -11.2449 -7.091001 -4.7875 
-33.86592 -31.29882 -31.63872 -13.1472 -11.1509 -13.3815 -13.6669 -14.6068 -13.2205 -15.356 -17.4105 -18.955 -15.8985 -13.7555 -12.3612 -15.5237 -14.7385 -16.0259 -14.567 -13.6477 -15.9194 -12.7337 -11.4718 -11.5194 -7.091001 
