-4.759 
n/a 
n/a 
n/a 
n/a 
-4.759 
n/a 
n/a 
n/a 
n/a 
-4.759 
n/a 
n/a 
n/a 
n/a 
-4.759 
n/a 
n/a 
n/a 
n/a 
-2.3615 -2.186 -2.871 -1.7565 -1.4985 -3.299 -3.518 -1.7565 -6.2535 -5.9155 -3.468 -1.934 -3.8735 0 
-3.5005 -4.247 -3.5385 -2.4195 -4.5915 -4.972 -4.302 -7.707001 -13.1128 -8.1545 -5.1985 -4.885 -3.8735 
-5.2435 -4.411 -3.7675 -5.5315 -5.954 -5.471 -10.164 -14.9789 -15.3518 -9.2865 -7.561501 -4.885 
-5.381 -4.5655 -7.0755 -6.85 -6.3715 -11.7054 -17.6079 -17.2179 -16.4838 -10.0355 -7.561501 
-5.547 -8.045501 -8.7425 -7.497001 -12.6219 -19.1493 -19.8469 -18.3499 -17.2328 -10.0355 
-2.3615 -2.186 -2.871 -3.9225 -1.4985 -3.468 -1.7565 -7.714 
-3.5005 -4.247 -6.554 -4.463 -5.0815 -4.7385 -8.663 
-5.2435 -7.502501 -7.095 -6.773 -6.1005 -13.045 
-8.7655 -7.971 -10.067 -8.174001 -14.7524 
-9.237 -11.196 -11.5734 -17.3717 
-2.3615 -2.186 -2.871 -1.7565 -1.4985 -3.17 -3.8805 -3.213 -3.402 -3.8145 -1.934 -3.8735 0 
-3.5005 -4.247 -3.5385 -2.4195 -3.7115 -7.959 -7.3305 -5.854 -8.101001 -5.6785 -4.885 -3.8735 
-5.2435 -4.411 -3.7675 -4.4355 -9.154 -11.8498 -10.674 -12.069 -9.706 -8.399 -4.885 
-5.381 -4.5655 -4.622 -10.411 -13.1386 -15.1933 -16.889 -13.674 -12.5195 -8.399 
-5.547 -5.2395 -10.609 -14.3956 -16.4821 -21.4083 -18.494 -16.4875 -12.5195 
-2.3615 -2.186 -2.871 -1.7565 -1.4985 -3.1715 -1.934 -3.8735 -3.3155 -4.138 -6.073 -7.205 -3.772 -2.4945 -3.8535 0 
-3.5005 -4.247 -3.5385 -2.4195 -3.994 -5.1815 -4.885 -6.489 -7.571001 -11.5316 -14.2026 -9.894001 -5.468 -5.5465 -3.8535 
-5.2435 -4.411 -3.7675 -4.741 -5.7705 -7.614 -7.092 -10.76 -15.1654 -19.6612 -16.8916 -11.59 -8.018001 -5.5465 
-5.381 -4.5655 -6.769 -6.3365 -8.6975 -9.2305 -11.2638 -18.3544 -23.295 -22.3502 -18.5876 -14.14 -8.018001 
-5.547 -7.699 -9.7635 -9.601501 -10.411 -13.4855 -18.8582 -26.484 -25.984 -24.0462 -21.1376 -14.14 
