-4.759 
n/a 
n/a 
n/a 
n/a 
-4.759 
n/a 
n/a 
n/a 
n/a 
-4.759 
n/a 
n/a 
n/a 
n/a 
-4.759 
n/a 
n/a 
n/a 
n/a 
-2.925 -4.7875 -2.985 -4.5445 -2.229 -4.119 -3.736 -3.433 -2.925 -2.674 -2.847 -3.736 0 
-7.024 -7.2085 -6.932 -5.8995 -5.884501 -7.706 -6.9535 -4.511 -4.1785 -4.4635 -5.6295 -3.736 
-9.057501 -11.7077 -8.1525 -9.8655 -9.711 -10.7595 -8.104 -5.629 -5.6765 -8.2065 -5.6295 
-13.5527 -12.9282 -12.2741 -14.0636 -12.8413 -11.91 -9.2145 -6.822001 -9.325001 -8.2065 
-14.7732 -17.0498 -16.4722 -17.1939 -13.9918 -13.0205 -10.3045 -10.286 -9.325001 
-2.925 -5.292 -2.674 -3.5385 0 -3.0415 -2.925 -4.548 -3.091 -4.8985 -4.119 -3.5385 -1.756 -4.4035 -3.277 
-6.572001 -6.472 -5.8635 -3.5385 -3.0415 -4.8045 -6.989501 -7.536 -6.8585 -8.692 -6.946 -4.657 -5.636 -7.041 
-7.488 -9.8675 -5.8635 -6.4325 -4.8045 -8.747001 -9.5185 -11.7205 -10.983 -10.674 -7.8195 -8.921 -7.9615 
-10.9403 -9.8675 -7.919 -7.4525 -8.747001 -11.4586 -13.703 -15.845 -12.965 -11.5475 -12.6723 -10.674 
-10.9403 -11.923 -9.036 -10.13 -11.4586 -15.6431 -17.8275 -17.827 -13.8385 -16.4003 -14.4253 
-3.5065 -2.9805 -3.013 -2.6165 -2.674 -4.592 -3.5385 -2.9805 -4.548 -3.091 -4.8985 -4.119 -5.1475 
-5.4245 -6.143001 -3.724 -4.2165 -7.665 -7.3935 -6.3295 -7.067501 -7.536 -6.8585 -8.692 -8.9965 
-10.1145 -7.776 -4.6215 -8.9655 -8.4865 -9.547 -9.575001 -8.367001 -11.7205 -10.983 -14.3289 
-10.7235 -8.967001 -9.539001 -9.5575 -10.856 -12.8677 -10.1825 -12.8835 -15.845 -16.6199 
-11.9145 -14.0525 -10.2395 -12.1056 -14.1767 -13.4752 -15.352 -17.008 -21.4819 
-2.847 -3.736 -2.7415 -4.2215 -1.7695 -3.277 0 -3.0415 -2.9805 -4.548 -4.5445 -2.229 -4.119 -3.5385 -1.756 -4.3155 -2.925 
-5.6295 -5.9955 -4.7885 -5.594 -4.619 -3.277 -3.0415 -5.0885 -7.067501 -8.047001 -5.8995 -5.884501 -6.946 -4.657 -5.709 -5.624001 
-7.966001 -6.891 -6.463 -7.502001 -4.619 -5.456 -5.0885 -8.914001 -11.0603 -9.723001 -9.8655 -9.0185 -7.8195 -8.6955 -6.9165 
-9.586 -8.333 -8.416 -7.502001 -6.6635 -7.4545 -8.914001 -13.0986 -12.7363 -13.864 -13.3711 -10.135 -12.4468 -9.948 
-10.116 -9.283 -8.416 -10.396 -8.655001 -11.329 -13.0986 -14.7746 -16.8773 -17.3696 -14.4876 -14.7623 -13.6993 
