-4.759 
n/a 
n/a 
n/a 
n/a 
-4.759 
n/a 
n/a 
n/a 
n/a 
-4.759 
n/a 
n/a 
n/a 
n/a 
-4.759 
n/a 
n/a 
n/a 
n/a 
-2.645 -4.5735 -4.8775 -2.4945 -3.9535 -2.5045 -3.8735 
-6.928 -7.016 -6.6705 -6.6715 -5.6505 -7.033501 
-9.5725 -8.982 -10.104 -8.147 -10.7211 
-11.5775 -12.6803 -11.5795 -13.6816 
-15.2758 -14.1558 -17.1141 
-3.3715 -4.5735 -4.8775 -5.377 -1.934 -3.8735 0 
-7.2115 -7.016 -9.613001 -6.012001 -4.885 -3.8735 
-8.203 -12.0993 -10.3125 -7.842 -4.885 
-13.4615 -12.7988 -12.1425 -7.842 
-14.161 -14.6288 -12.1425 
-3.8735 -2.186 -1.8085 -4.43 -1.7565 -4.5735 -5.7795 0 
-5.949 -3.164 -5.686 -5.785 -5.6355 -6.4135 -5.7795 
-6.8155 -7.835 -7.4135 -9.22 -7.581 -6.4135 
-12.0533 -8.72 -10.2865 -10.7605 -7.581 
-12.9383 -11.6448 -11.827 -10.7605 
-1.4985 -3.5905 -3.9675 -2.229 -2.4945 -4.09 -1.934 -3.8735 0 
-4.435 -7.4135 -6.4655 -5.159 -5.816 -5.2875 -4.885 -3.8735 
-7.834001 -10.143 -9.495501 -8.712501 -6.794 -7.9935 -4.885 
-10.354 -13.173 -13.1164 -9.7845 -10.316 -7.9935 
-13.384 -16.7939 -14.1884 -13.3065 -10.316 
