-4.759 
n/a 
n/a 
n/a 
n/a 
-4.759 
n/a 
n/a 
n/a 
n/a 
-4.759 
n/a 
n/a 
n/a 
n/a 
-4.759 
n/a 
n/a 
n/a 
n/a 
-2.9805 -5.2725 -1.8085 -5.9965 -1.7565 -9.024 -1.756 -7.1985 -4.0415 0 -1.4985 -6.344 -5.438 -1.934 -1.4985 -4.1455 -1.7565 -10.6925 
-6.9505 -7.048 -8.380501 -8.860001 -10.985 -10.647 -9.327001 -11.831 -4.0415 -1.4985 -7.892501 -12.5886 -7.766 -2.6125 -5.3955 -5.53 -13.3982 
-8.448501 -14.1406 -9.552501 -18.1523 -12.608 -18.218 -13.9897 -11.831 -6.4145 -7.892501 -14.5701 -14.9166 -8.474 -7.196001 -6.385 -18.2639 
-15.7191 -15.3126 -18.931 -19.7753 -20.179 -22.8807 -13.9897 -14.204 -13.2517 -14.5701 -16.8981 -15.6246 -13.2861 -7.9775 -19.4889 
-16.8911 -24.6911 -20.554 -27.3463 -24.8417 -22.8807 -16.3627 -21.0412 -19.9293 -16.8981 -17.6061 -20.4367 -14.0676 -21.3096 
-3.9345 -1.7695 -1.8085 -5.029 -1.934 -10.6925 0 0 -2.9805 -2.186 -5.5885 -1.7565 -3.7875 -5.2725 -4.795 -1.7565 -12.16972 -1.756 -9.722501 
-3.94 -3.41 -5.83 -6.5935 -13.6329 -10.6925 0 -2.9805 -4.1635 -7.0225 -8.611 -5.081 -7.783 -9.011 -6.6725 -14.87542 -13.92572 -12.4871 
-5.034 -7.851501 -7.1795 -18.8722 -13.6329 -10.6925 -2.9805 -4.1635 -8.407001 -9.933001 -12.3511 -9.452001 -11.8339 -10.075 -20.31942 -16.63142 -24.65682 
-9.85 -9.405001 -19.7406 -18.8722 -13.6329 -13.673 -4.1635 -8.407001 -11.2577 -14.0089 -16.7221 -13.5365 -12.8979 -23.73992 -22.07542 -27.36252 
-11.6117 -22.1379 -19.7406 -18.8722 -16.6134 -14.856 -8.407001 -11.2577 -15.3336 -18.3799 -20.8066 -14.6005 -26.56282 -25.49592 -32.80652 
-3.1495 -12.16972 0 -7.1985 0 -1.756 -4.353 -1.7695 -1.4985 -3.515 -2.0935 -5.355 -1.7695 -12.16972 -4.1455 0 
-16.61442 -12.16972 -7.1985 -7.1985 -1.756 -6.036 -4.7685 -2.7955 -4.5415 -5.5205 -8.6495 -7.1155 -14.92142 -16.31522 -4.1455 
-16.61442 -19.36822 -7.1985 -8.663 -6.036 -6.337 -8.186001 -5.9615 -6.6125 -12.7079 -10.5062 -21.01762 -19.06692 -16.31522 
-23.81292 -19.36822 -8.663 -13.199 -6.337 -9.7165 -11.6078 -7.654 -14.1865 -14.5646 -24.40832 -25.16312 -19.06692 
-23.81292 -20.83272 -13.199 -13.5 -9.7165 -13.1529 -13.3003 -15.454 -16.0432 -28.46672 -28.55382 -25.16312 
-2.9805 -5.2725 -9.751 -1.756 -7.1985 -4.795 -1.934 -1.4985 -3.8275 0 -3.264 -2.3345 -10.6925 -4.0905 0 
-6.9505 -15.7751 -11.981 -9.327001 -12.5845 -5.838 -2.6125 -4.726 -3.8275 -3.264 -5.9415 -13.3576 -14.783 -4.0905 
-17.7021 -18.0051 -19.552 -14.7432 -13.6275 -6.634 -5.815001 -4.726 -7.314 -5.9415 -17.4518 -17.4481 -14.783 
-19.9321 -25.5761 -24.9682 -15.7862 -14.4235 -8.329 -5.815001 -7.966001 -10.396 -17.4518 -21.5423 -17.4481 
-27.5031 -30.9923 -26.0112 -16.5822 -16.1185 -8.329 -9.147501 -11.1318 -21.9063 -21.5423 -21.5423 
