-4.759 
n/a 
n/a 
n/a 
n/a 
-4.759 
n/a 
n/a 
n/a 
n/a 
-4.759 
n/a 
n/a 
n/a 
n/a 
-4.759 
n/a 
n/a 
n/a 
n/a 
-5.1845 -2.688 -4.891 0 
-7.2655 -8.3505 -4.891 
-9.547501 -8.3505 
-9.547501 
n/a 
-5.1845 -2.688 -4.891 0 -14.693 0 
-7.2655 -8.3505 -4.891 -13.447 -13.447 
-9.547501 -8.3505 -17.8455 -13.447 
-9.547501 -17.947 -17.8455 
-17.951 -17.947 
-5.1845 -2.688 -4.5845 
-7.2655 -7.042 
-13.4673 
n/a 
n/a 
-5.1845 -2.688 -4.891 0 -14.693 0 
-7.2655 -8.3505 -4.891 -13.447 -13.447 
-9.547501 -8.3505 -17.8455 -13.447 
-9.547501 -17.947 -17.8455 
-17.951 -17.947 
