-4.759 
n/a 
n/a 
n/a 
n/a 
-4.759 
n/a 
n/a 
n/a 
n/a 
-4.759 
n/a 
n/a 
n/a 
n/a 
-4.759 
n/a 
n/a 
n/a 
n/a 
-3.433 -1.7565 -3.644 -4.2485 -8.282001 -4.3685 -5.081 -5.1245 0 -3.4715 0 -1.756 -3.7375 -5.1595 -3.074 -3.557 -1.934 -2.3615 -3.892 
-4.1845 -5.2155 -5.843 -13.6987 -13.1773 -8.630501 -9.243501 -5.1245 -3.4715 -3.4715 -1.756 -6.0675 -8.056 -8.0665 -5.403501 -4.4175 -3.539 -5.6425 
-6.9515 -7.212501 -15.6828 -18.594 -17.4393 -9.412001 -9.243501 -8.312 -3.4715 -4.7575 -6.0675 -10.733 -11.3238 -10.348 -5.919 -6.0315 -5.9775 
-9.493501 -17.4571 -20.5781 -22.856 -18.2208 -9.412001 -12.551 -8.312 -4.7575 -8.976 -10.733 -14.0008 -13.6053 -10.479 -8.106501 -8.005501 
-19.7929 -22.3524 -24.8401 -23.6375 -18.2208 -12.7683 -12.551 -9.72 -8.976 -13.7235 -14.0008 -16.2823 -13.7363 -12.6665 -9.501 
-1.4985 -4.031 -2.0935 -3.644 -4.237 -2.186 -3.0365 -2.4945 -3.3715 -3.8665 -3.8975 -1.934 -2.3335 -3.5015 0 
-4.771 -4.8935 -5.370501 -6.3665 -6.133 -4.5415 -3.688 -4.846 -6.843 -6.58 -5.448501 -4.359 -5.909 -3.5015 
-5.3855 -7.495501 -8.659 -9.086 -8.8725 -6.376 -4.8765 -7.884 -8.9875 -8.1425 -8.197001 -6.7955 -5.909 
-8.620501 -11.327 -11.7567 -12.0599 -10.6654 -7.507 -7.892 -10.6605 -10.468 -10.702 -10.9793 -6.7955 
-12.5622 -14.4247 -14.7306 -13.8528 -11.7964 -10.304 -10.6735 -12.141 -13.0275 -13.4843 -10.9793 
-2.3615 -3.9035 -3.644 -4.2485 -4.031 -4.1485 -6.365 -1.756 -10.004 0 -3.4715 -3.074 0 
-7.6165 -7.888 -5.843 -9.935501 -7.267 -11.5161 -7.9075 -7.1465 -5.6575 -3.4715 -6.864 -3.074 
-11.9718 -10.298 -11.9196 -13.2425 -15.1024 -13.0586 -13.2166 -6.8345 -8.706 -6.864 -6.864 
-14.3818 -16.3746 -15.2266 -21.0779 -16.6449 -18.3677 -13.2166 -10.1715 -12.6503 -6.864 
-20.4584 -19.6816 -23.062 -22.6204 -21.954 -18.3677 -16.5536 -14.3768 -12.6503 
-2.3615 -3.355 -1.7565 -1.4985 -3.7075 -2.186 -4.13 -3.932 -1.7695 -3.2015 -3.8935 -5.1595 -3.2775 -2.5045 -4.3685 -5.6355 -1.756 -3.4715 0 
-5.107 -3.725 -2.4195 -4.6235 -5.825 -5.8435 -6.7745 -4.4665 -4.3485 -7.3605 -7.922501 -7.01 -3.678 -6.6215 -5.6575 -6.8265 -4.8875 -3.4715 
-5.6095 -4.0515 -5.468501 -5.975501 -9.592501 -7.7805 -7.0285 -6.6065 -8.1265 -10.4945 -9.057501 -7.0345 -6.9125 -7.7295 -6.8385 -8.676001 -4.8875 
-5.773 -7.719501 -7.247001 -9.767 -10.4965 -8.0105 -9.26 -9.882 -10.4935 -10.51 -9.068501 -9.1155 -7.8095 -8.3765 -8.691501 -8.676001 
-9.7465 -9.354501 -10.2975 -10.497 -10.521 -9.906 -10.495 -10.4975 -10.509 -10.5255 -9.926001 -9.632 -8.413501 -10.0675 -8.691501 
