-4.759 
n/a 
n/a 
n/a 
n/a 
-4.759 
n/a 
n/a 
n/a 
n/a 
-4.759 
n/a 
n/a 
n/a 
n/a 
-4.759 
n/a 
n/a 
n/a 
n/a 
-8.392 -2.186 -4.6085 -1.7695 -2.489 -1.4985 -3.0835 -5.1845 -3.688 -4.378 -1.7695 -4.7425 -3.1435 -4.7795 -5.5995 
-10.586 -5.471 -5.0895 -3.1405 -3.9675 -3.535 -8.6225 -8.261001 -5.9475 -6.6425 -5.1745 -6.6245 -8.0515 -8.142 
-14.2846 -5.536 -5.6585 -4.568 -4.583 -8.973001 -11.939 -9.801001 -8.308001 -9.633 -7.0035 -10.5325 -9.376 
-14.3496 -6.241 -6.748 -5.8435 -10.6735 -12.2793 -13.479 -12.1615 -11.4989 -10.7195 -10.702 -10.719 
-15.0546 -7.091 -7.4065 -11.8072 -13.9798 -13.8193 -15.8395 -15.3524 -12.5854 -14.418 -10.8885 
0 -9.8955 0 -5.0915 -3.644 -2.3335 -2.3615 -2.186 -1.4985 -3.0835 -3.688 -1.7695 -4.7425 -3.1435 -4.7795 -5.5995 0 
-9.8955 -9.8955 -5.0915 -8.321501 -4.989501 -4.2805 -3.5005 -3.339 -3.535 -7.4905 -6.073501 -5.1745 -6.6245 -8.0515 -8.142 -5.5995 
-9.8955 -15.3312 -8.321501 -9.1085 -6.757501 -5.0055 -4.3105 -4.8925 -7.839001 -10.1 -9.662001 -7.0035 -10.5325 -9.376 -8.142 
-15.3312 -18.5612 -9.1085 -11.0443 -7.3275 -5.8385 -5.43 -9.261001 -10.2535 -13.6885 -11.7568 -10.702 -10.719 -9.376 
-18.5612 -19.3482 -11.0443 -11.6143 -8.076 -7.015 -9.9325 -11.7817 -13.842 -15.7833 -15.4553 -10.8885 -10.719 
-2.0935 -4.7285 -3.7455 -8.392 -2.186 -1.4985 -3.0835 -4.378 -3.0465 -2.3615 -5.2605 
-6.635 -8.8055 -12.7685 -10.586 -3.339 -3.535 -7.165501 -7.993501 -5.028501 -7.356 
-11.2322 -18.2799 -14.9625 -10.7785 -4.8925 -7.337001 -11.5832 -10.103 -9.755 
-20.7066 -20.4739 -15.155 -12.332 -9.069 -12.2711 -13.6927 -15.2605 
-22.9006 -20.6664 -16.7085 -16.5085 -13.9389 -14.3806 -18.8502 
-2.5235 -4.378 -5.7475 -5.964 -2.186 -1.4985 -3.0835 -4.378 -1.7695 -2.489 -4.603 -2.356 -1.4985 -4.5795 -1.7565 -3.1435 -5.863 -4.5225 0 
-6.375 -10.2865 -9.654 -8.1775 -3.339 -3.535 -7.165501 -6.6425 -3.1405 -5.4465 -7.847 -3.1615 -5.8315 -5.4175 -4.124 -7.255 -6.387001 -4.5225 
-13.2793 -14.366 -12.0731 -9.354 -4.8925 -7.337001 -8.5235 -8.016001 -6.5515 -8.6665 -8.2915 -7.634501 -6.279 -7.644 -8.4175 -7.533 -6.387001 
-17.3588 -16.7851 -13.2496 -10.9075 -9.069 -8.574501 -9.321501 -10.7025 -10.057 -9.056001 -13.2791 -8.138 -9.0515 -9.4425 -8.5235 -7.533 
-19.7779 -17.9616 -14.8031 -15.084 -9.665001 -9.363501 -12.3182 -14.208 -10.473 -14.2622 -13.7826 -10.609 -11.0048 -9.462 -8.5235 
