-4.759 
n/a 
n/a 
n/a 
n/a 
-4.759 
n/a 
n/a 
n/a 
n/a 
-4.759 
n/a 
n/a 
n/a 
n/a 
-4.759 
n/a 
n/a 
n/a 
n/a 
-12.16972 -12.16972 0 -12.16972 -12.16972 0 -10.8075 -12.16972 -12.16972 -12.16972 0 -3.115 -3.486 -4.4905 -2.5045 -8.392 -3.5285 -1.4985 -3.3755 -1.934 -3.4605 -3.8925 0 
-24.33944 -12.16972 -12.16972 -24.33944 -12.16972 -10.8075 -22.97722 -24.33944 -24.33944 -12.16972 -3.115 -7.693501 -7.84 -7.308001 -10.932 -12.4515 -5.762 -4.057 -5.0985 -6.186 -7.953001 -3.8925 
-24.33944 -24.33944 -24.33944 -24.33944 -22.97722 -22.97722 -35.14694 -36.50916 -24.33944 -15.28472 -7.693501 -12.4671 -8.93 -16.0377 -14.9915 -14.685 -8.427 -5.483 -8.928 -11.3645 -7.953001 
-36.50916 -36.50916 -24.33944 -35.14694 -35.14694 -35.14694 -47.31666 -36.50916 -27.45444 -19.86322 -12.4671 -13.5571 -17.8265 -20.0972 -17.225 -17.35 -10.6875 -8.943501 -15.3391 -11.3645 
-48.67888 -36.50916 -35.14694 -47.31666 -47.31666 -47.31666 -47.31666 -39.62416 -32.03294 -24.63682 -13.5571 -22.4536 -21.886 -22.3307 -19.89 -19.6105 -14.7838 -15.602 -15.3391 
-4.3655 -4.2215 0 -4.3655 -4.202 0 -3.013 -5.651501 -3.0465 -4.462 -3.1495 -2.5685 -4.4905 -3.584 -2.356 -4.533 -1.7565 -5.7475 -5.964 -3.3255 -2.5195 -3.432 0 
-8.351 -4.2215 -4.3655 -9.622 -4.202 -3.013 -8.529501 -6.711 -8.746 -7.464001 -6.428 -7.569 -9.017501 -5.0575 -7.612 -5.7415 -7.943 -9.654 -10.4035 -6.5705 -6.59 -3.432 
-8.351 -7.233001 -9.622 -9.622 -7.649 -7.7565 -11.0715 -13.453 -11.9328 -11.1305 -9.9355 -12.6914 -10.5535 -10.4185 -9.419001 -12.8182 -11.9939 -14.2991 -13.6485 -10.7595 -6.59 
-10.259 -13.3631 -9.622 -13.1132 -13.0319 -9.7915 -15.2701 -17.1222 -15.5993 -14.638 -16.2341 -14.2274 -15.9145 -12.2255 -16.6789 -16.8691 -16.639 -17.5441 -17.8375 -10.7595 
-16.3891 -13.3631 -13.1132 -18.4961 -15.0669 -15.3219 -18.8005 -20.7887 -19.1068 -20.9366 -17.7701 -19.5884 -17.7215 -19.4854 -20.7298 -21.5142 -19.884 -21.7331 -17.8375 
-3.0415 -3.301 -3.3755 0 -3.047 -3.88 0 -2.847 -6.331501 -3.3365 -3.873 -3.8685 -4.503 -2.186 -4.1555 -2.264 -3.1065 -1.934 -7.701 -5.964 
-5.2755 -5.5935 -3.3755 -3.047 -7.049001 -3.88 -2.847 -10.199 -10.115 -8.162001 -7.818 -8.528501 -6.7365 -7.7275 -5.1435 -6.009 -5.370501 -10.209 -14.1958 
-8.574501 -5.5935 -6.8195 -7.049001 -7.049001 -5.2415 -10.199 -13.9825 -15.2443 -12.569 -12.9278 -11.0178 -12.8376 -8.983 -9.068001 -8.908001 -14.5629 -16.7038 
-8.574501 -9.231001 -10.9469 -7.049001 -10.199 -14.0079 -13.9825 -19.1118 -19.6513 -17.6788 -15.4171 -17.1189 -14.0931 -13.0295 -12.1798 -18.3726 -21.0577 
-12.05 -13.518 -10.9469 -10.199 -19.2096 -17.7914 -19.1118 -23.5188 -24.7611 -20.1681 -21.5182 -18.3744 -18.1396 -16.1413 -21.6444 -24.8674 
0 -4.3655 -4.2215 0 -3.7345 -4.2725 -2.5045 -8.251 0 -3.013 -5.651501 -5 -2.5045 -4.8975 0 -2.3335 -3.3755 -2.186 0 -8.392 0 -2.3335 -7.9815 -3.074 -3.956 -1.934 -3.5025 
-4.3655 -8.351 -4.2215 -3.7345 -7.781 -6.506 -11.4505 -8.251 -3.013 -8.529501 -8.363001 -6.42 -7.615001 -4.8975 -2.3335 -4.985001 -5.5045 -2.186 -8.392 -8.392 -2.3335 -10.9075 -11.8855 -6.412 -5.707 -5.476501 
-8.351 -8.351 -8.264501 -7.781 -10.213 -15.9488 -11.4505 -11.677 -7.7565 -13.349 -12.848 -12.8259 -7.615001 -6.538 -4.985001 -7.130501 -5.5045 -11.7884 -8.392 -11.2565 -10.9075 -14.8115 -15.2235 -8.261001 -9.184501 
-8.351 -12.7564 -12.597 -10.213 -19.8162 -15.9488 -14.8765 -16.4205 -13.5794 -15.9849 -18.9545 -12.8259 -9.213501 -9.442 -7.130501 -7.130501 -15.4911 -11.7884 -11.2565 -19.8305 -14.8115 -18.1495 -17.0725 -11.8637 
-12.7564 -17.0889 -15.029 -19.8162 -19.8162 -19.3748 -19.62 -22.2434 -15.9849 -22.0914 -18.9545 -14.4244 -12.2283 -11.7787 -7.130501 -17.2501 -15.4911 -14.6529 -19.8305 -23.7345 -18.1495 -19.9985 -20.6752 
