-4.759 
n/a 
n/a 
n/a 
n/a 
-4.759 
n/a 
n/a 
n/a 
n/a 
-4.759 
n/a 
n/a 
n/a 
n/a 
-4.759 
n/a 
n/a 
n/a 
n/a 
-3.5455 -5.224 -2.7295 -3.465 -5.445 -1.7695 -4.422 -1.756 -4.043 -3.5505 -2.0935 -1.4985 -4.23 
-7.252001 -7.811001 -4.7235 -10.013 -7.1845 -5.5085 -5.949 -5.509501 -7.364 -5.35 -2.9725 -5.015 
-9.959001 -9.981001 -11.6065 -12.0043 -10.4345 -6.6855 -10.248 -8.8605 -8.342501 -6.115 -5.916501 
-12.218 -17.0276 -13.5978 -15.2543 -11.6115 -10.717 -13.599 -9.658501 -8.793 -7.317 
-19.2646 -19.0189 -16.8478 -16.4313 -15.643 -14.068 -14.397 -10.289 -10.0896 
-1.934 -4.4625 -4.644 -5.445 -2.4945 -3.989 -1.7695 -3.5895 -4.471 -1.7695 -4.9225 0 
-5.848001 -10.119 -11.1838 -7.3715 -5.235001 -4.551 -4.0255 -8.5965 -6.128 -7.170001 -4.9225 
-11.9041 -16.8894 -13.1103 -8.698 -5.682 -6.4805 -8.984 -9.967001 -12.4143 -7.170001 
-18.6745 -18.8159 -14.4368 -9.257501 -7.401 -11.7002 -10.5035 -16.3151 -12.4143 
-20.601 -20.1424 -14.9963 -11.1221 -12.6967 -13.2197 -16.8516 -16.3151 
-2.5045 -1.4985 -2.95 -1.7565 -5.224 -3.331 -3.2015 -2.3345 -3.948 -4.029 0 
-3.1915 -3.9285 -4.3785 -6.382 -9.323501 -6.3315 -5.4255 -5.4345 -5.9085 -4.029 
-4.5155 -4.676 -8.1855 -10.181 -12.5646 -8.908001 -9.0625 -8.639501 -5.9085 
-4.837 -8.972 -12.2227 -13.8551 -15.1411 -12.7198 -12.4137 -8.639501 
-9.950001 -13.1132 -15.8968 -16.4316 -18.9529 -16.071 -12.4137 
-7.669 -6.5625 -2.3335 -2.95 -4.3845 -2.0935 -3.5505 -4.1085 -1.7695 -4.1645 0 
-14.6499 -9.574501 -4.8245 -7.908501 -6.898 -5.319 -9.0345 -4.428 -6.210001 -4.1645 
-17.6619 -12.1423 -10.7175 -11.1164 -10.3285 -10.7575 -9.7745 -10.533 -6.210001 
-20.2297 -18.0353 -13.9254 -14.5469 -15.767 -11.4975 -15.9035 -10.533 
-26.1227 -21.2432 -17.3559 -19.9854 -16.507 -17.6265 -15.9035 
