-4.759 
n/a 
n/a 
n/a 
n/a 
-4.759 
n/a 
n/a 
n/a 
n/a 
-4.759 
n/a 
n/a 
n/a 
n/a 
-4.759 
n/a 
n/a 
n/a 
n/a 
-22.1855 -12.16972 -4.677 -4.834 -1.934 -4.99 -4.153 0 
-34.23162 -16.84672 -8.5695 -5.8555 -6.7755 -6.962 -4.153 
-37.88082 -20.73922 -9.055 -11.392 -8.656501 -6.962 
-41.77332 -21.22472 -14.7799 -13.273 -8.656501 
-42.25882 -26.94962 -16.6609 -13.273 
-19.623 -4.153 -4.0835 -7.5525 -9.217501 
-20.8338 -8.080501 -12.9396 -10.784 
-24.2885 -17.1658 -16.1711 
-33.3738 -20.3973 
-36.6053 
-7.5525 -8.6805 -4.677 -4.0835 -1.934 -4.99 -4.153 
-10.504 -8.859 -7.494 -4.6245 -6.7755 -6.962 
-10.58 -12.048 -8.002501 -10.2985 -8.656501 
-13.769 -12.5565 -14.0487 -10.6195 
-14.2775 -18.6027 -14.3697 
-22.1855 -8.6805 -4.677 -4.0835 -1.934 -1.4985 -4.99 -4.153 0 
-24.3758 -8.859 -7.494 -4.6245 -2.6125 -5.446 -6.962 -4.153 
-23.424 -12.048 -8.002501 -5.907001 -6.278501 -7.116 -6.962 
-26.613 -12.5565 -8.5635 -9.284 -7.51 -7.116 
-27.1215 -13.1175 -12.1707 -9.347501 -7.51 
