-4.759 
n/a 
n/a 
n/a 
n/a 
-4.759 
n/a 
n/a 
n/a 
n/a 
-4.759 
n/a 
n/a 
n/a 
n/a 
-4.759 
n/a 
n/a 
n/a 
n/a 
-4.3105 -3.8275 -4.335 -4.281 -4.524 -3.557 -3.2615 -3.916 -3.277 -1.934 -3.641 -3.8655 
-7.088 -7.645 -7.677 -8.6045 -8.677 -6.494 -7.6265 -5.7535 -4.8125 -5.245 -6.9115 
-10.5745 -10.609 -12.4739 -13.0259 -11.9436 -10.368 -8.184501 -7.766 -8.300501 -8.244 
-13.5385 -15.4059 -16.8953 -16.2925 -15.8176 -10.5545 -9.5115 -11.4896 -11.5367 
-18.3354 -19.8273 -20.1619 -20.1665 -16.0041 -11.8815 -13.4705 -14.7258 
-8.232 -3.2615 -3.916 -3.277 -4.673 
-11.8945 -7.6265 -5.7535 -7.7605 
-16.2595 -8.184501 -10.4505 
-16.8175 -12.9307 
-21.5637 
-4.3105 -5.9855 -4.524 -2.7415 -3.557 -1.934 -3.641 -3.8655 -3.2615 -3.916 -3.277 0 
-8.956 -10.3545 -7.4065 -5.094501 -4.4175 -5.245 -6.9115 -7.152 -7.6265 -5.7535 -3.277 
-10.7175 -13.237 -9.85 -5.837501 -7.9085 -8.244 -10.233 -11.8602 -8.184501 -5.7535 
-13.6 -15.6805 -10.567 -9.3935 -10.5865 -11.8597 -14.9412 -12.4182 -8.184501 
-16.0435 -16.3975 -14.123 -12.0459 -14.2022 -16.5679 -15.4992 -12.4182 
-3.2615 -3.916 -3.277 -4.524 -3.8275 -4.335 -2.7415 -3.557 -1.934 -3.5455 -3.8655 
-7.6265 -5.7535 -7.818001 -8.7285 -7.645 -6.343 -5.094501 -4.4175 -4.8495 -7.301001 
-8.184501 -10.5325 -12.7131 -13.5314 -9.6005 -8.59 -5.837501 -7.233 -8.566001 
-13.0127 -15.7998 -17.516 -15.4869 -11.8475 -9.505 -9.012001 -11.3715 
-18.28 -20.6027 -19.4715 -17.7339 -12.7625 -12.6989 -13.1631 
