-4.759 
n/a 
n/a 
n/a 
n/a 
-4.759 
n/a 
n/a 
n/a 
n/a 
-4.759 
n/a 
n/a 
n/a 
n/a 
-4.759 
n/a 
n/a 
n/a 
n/a 
-3.391 0 -3.5455 -3.4975 -3.468 0 
-3.391 -3.5455 -4.936501 -6.428 -3.468 
-7.992001 -4.936501 -8.446501 -6.428 
-8.820001 -8.446501 -8.446501 
-12.586 -8.446501 
-3.845 0 -3.5455 -3.4975 -4.167 
-3.845 -3.5455 -4.936501 -6.4855 
-7.778501 -4.936501 -7.460501 
-8.441001 -7.460501 
-11.8202 
-3.999 0 -3.676 -4.1265 
-3.999 -3.676 -8.0555 
-8.7055 -8.0555 
-13.7248 
n/a 
-3.999 0 -3.5455 -3.4975 -3.959 0 
-3.999 -3.5455 -4.936501 -6.329 -3.959 
-6.9475 -4.936501 -7.734 -6.329 
-8.3125 -7.734 -7.734 
-12.0226 -7.734 
