-4.759 
n/a 
n/a 
n/a 
n/a 
-4.759 
n/a 
n/a 
n/a 
n/a 
-4.759 
n/a 
n/a 
n/a 
n/a 
-4.759 
n/a 
n/a 
n/a 
n/a 
-8.0555 -1.756 -3.1435 -4.2115 -2.186 -3.6885 -3.564 -4.658 -3.6615 -2.4945 -4.3385 -3.251 -3.429 -3.6505 
-10.1855 -4.1365 -7.2225 -6.4525 -5.881001 -7.311501 -10.1425 -8.6195 -5.3425 -8.536 -8.182 -7.96 -5.136 
-12.566 -8.685 -9.039001 -10.9475 -10.2135 -14.353 -14.104 -10.7025 -12.4544 -12.8649 -13.0088 -10.4945 
-17.1145 -10.7069 -14.055 -15.28 -17.3886 -18.3145 -16.187 -17.8144 -16.7833 -17.6917 -15.5433 
-19.1364 -15.7229 -18.3875 -22.4551 -21.3501 -20.3975 -23.2989 -22.1433 -21.6101 -20.2262 
-4.8275 -3.673 -4.439 -2.0935 -6.715 -3.7535 -2.264 -3.776 -4.3365 0 -3.2775 -2.5045 -3.8105 -2.4285 -2.6165 -2.664 -3.522 -3.2645 -2.489 -4.6225 -4.435 -2.186 -4.2125 -3.2955 0 -4.013 -2.4265 -2.8645 -3.1125 -4.8235 -2.3345 -3.135 -7.114 -1.7695 -2.489 -6.222 -2.0935 -5.307 -4.3235 -5.892 -4.919 
-8.6055 -8.249001 -5.759 -7.8355 -11.08 -5.325 -5.6435 -7.5205 -4.3365 -3.2775 -3.678 -6.415 -4.8395 -4.3195 -4.827 -4.9235 -6.634501 -3.7195 -5.521 -11.0145 -5.839001 -5.507 -6.281 -3.2955 -4.013 -5.1265 -4.1435 -3.5345 -6.6365 -6.634501 -5.141 -8.870001 -8.731501 -3.1405 -7.8005 -7.3655 -6.2295 -10.048 -8.094501 -8.8555 
-13.6079 -8.768001 -11.8966 -12.6751 -12.6515 -7.5495 -9.276001 -7.5205 -6.884 -3.678 -6.621 -7.409501 -4.8475 -6.568501 -7.5535 -8.0755 -6.9865 -6.7335 -12.4538 -12.4185 -9.767501 -6.7175 -6.281 -7.068501 -5.1265 -6.421 -4.755 -7.0115 -8.110001 -8.456 -10.298 -10.7441 -10.2185 -8.278001 -9.1645 -12.5023 -11.4005 -14.0834 -11.3646 
-14.1269 -15.342 -16.7362 -14.2466 -14.876 -12.2518 -9.276001 -9.56 -6.935 -6.621 -7.7095 -7.422501 -6.6975 -8.856501 -10.0995 -8.448 -8.897 -13.9459 -13.8578 -16.347 -10.507 -6.7175 -9.373 -8.117001 -6.421 -6.9295 -8.0135 -8.406501 -9.412001 -14.1536 -12.1721 -12.2311 -15.356 -9.7825 -14.4673 -17.6733 -15.4359 -17.3535 
-20.7009 -20.1816 -18.3077 -16.4711 -19.5783 -12.2518 -11.4259 -9.594001 -8.179001 -7.7095 -7.7305 -9.360001 -8.9235 -10.1345 -10.161 -9.585 -16.2524 -15.3499 -17.7863 -17.0865 -10.507 -9.935 -10.544 -9.517 -6.9295 -10.442 -9.571501 -9.612 -15.1134 -16.0277 -13.6591 -17.3686 -16.8605 -15.0611 -19.6383 -21.7087 -18.706 
-4.278 -1.756 -3.074 -4.267 -1.7565 -3.6205 -4.7615 0 
-6.202001 -4.566 -7.749001 -6.9535 -6.01 -7.059 -4.7615 
-9.187 -9.206 -10.7571 -11.8694 -10.389 -7.059 
-13.9512 -12.2303 -15.673 -16.2484 -10.389 
-16.9755 -17.1462 -20.052 -16.2484 
-4.278 -1.756 -3.074 -2.8965 -4.0815 -1.934 -2.4265 0 -2.742 -4.5445 -3.8105 -2.4265 -2.7765 -4.304 -1.4985 -3.7855 -3.2895 -2.4285 -2.6165 0 -4.154 -1.4985 -3.8475 -2.229 -3.992 0 
-6.202001 -4.566 -6.226 -7.160501 -6.12 -4.6645 -2.4265 -2.742 -5.9615 -5.532001 -4.9125 -4.346 -5.496 -5.3265 -5.094501 -7.422 -5.495 -4.3195 -2.6165 -4.154 -4.6685 -5.09 -5.5625 -5.686501 -3.992 
-9.187 -7.321 -10.7666 -8.973001 -9.253 -4.6645 -4.095 -5.9615 -6.765 -6.8475 -6.8175 -6.757501 -6.438 -8.535001 -9.429001 -9.555 -8.2335 -4.3195 -7.684 -4.6685 -8.708 -6.185 -8.6995 -5.686501 
-12.0662 -11.9274 -12.5791 -12.3084 -9.253 -6.779 -7.8075 -6.765 -7.7955 -8.616 -8.87 -7.802501 -9.165501 -13.2545 -11.7204 -12.3593 -8.2335 -8.604501 -8.2655 -8.708 -9.226001 -9.629001 -8.6995 
-16.6726 -13.7399 -15.9145 -12.3084 -11.6247 -10.66 -8.4875 -7.7955 -9.765 -10.4345 -9.391001 -10.634 -14.1966 -15.5459 -14.5247 -12.3593 -12.6859 -9.0515 -12.3824 -9.226001 -12.74 -9.629001 
