-4.759 
n/a 
n/a 
n/a 
n/a 
-4.759 
n/a 
n/a 
n/a 
n/a 
-4.759 
n/a 
n/a 
n/a 
n/a 
-4.759 
n/a 
n/a 
n/a 
n/a 
-1.934 -3.6835 -4.02 -2.846 0 -4.269 -4.4615 -4.19 -1.934 -3.545 -2.7415 -3.6115 -3.6135 -3.8225 -4.2915 -1.756 -2.871 -1.7565 -1.4985 -3.17 -3.2955 -2.8965 -3.2825 -3.6885 
-5.1975 -6.3715 -7.171 -2.846 -4.269 -8.249001 -7.227 -6.384 -5.0155 -5.775 -6.377 -7.192 -8.408001 -7.622001 -5.448 -4.514 -3.5385 -2.4195 -3.7115 -6.1845 -6.619 -6.8505 -7.210001 
-7.963 -9.6005 -7.171 -7.2075 -8.249001 -10.3475 -8.257 -9.788 -8.5205 -9.894 -11.0063 -12.3933 -12.5171 -8.665501 -8.557 -5.218 -3.7675 -4.4355 -6.5915 -9.903501 -10.9804 -11.4254 
-11.3822 -9.6005 -10.757 -11.3945 -10.3475 -11.3775 -12.2792 -13.5014 -12.7863 -14.6147 -16.2076 -16.5024 -13.5606 -12.0227 -9.092 -5.4685 -4.622 -7.232501 -10.3475 -14.2649 -15.5553 
-11.3822 -13.6261 -14.944 -13.493 -11.3775 -15.3997 -15.9926 -17.7672 -17.507 -19.816 -20.3167 -17.5459 -16.9178 -12.5577 -9.322001 -6.3635 -7.441 -11.2227 -14.7089 -18.8398 
-4.19 0 -2.9705 -4.461 -1.4985 -4.9325 -3.6885 -2.0935 -2.846 -3.543 -4.5385 -1.7565 -1.4985 -3.5085 -4.02 0 -2.186 -1.4985 -3.6115 -4.4665 -3.6885 -1.934 -3.3785 -2.9645 -1.756 -2.186 -1.4985 -4.051 -3.6885 -2.3335 -2.186 -3.17 -4.742 -3.2955 
-4.19 -2.9705 -6.426001 -5.5465 -6.4315 -6.2425 -5.5805 -5.4855 -6.061 -4.669 -5.173 -2.4195 -4.4755 -5.651 -4.02 -2.186 -3.339 -4.081 -6.555501 -9.0235 -5.5135 -4.5895 -6.1125 -4.5135 -3.986 -3.339 -5.263 -5.328 -5.727 -3.7085 -5.1385 -5.806 -5.4715 
-7.544 -6.426001 -7.4355 -10.6095 -7.402 -8.406 -9.620501 -8.1495 -6.694 -5.1795 -5.6295 -5.126 -6.240001 -5.651 -5.624 -3.339 -5.563 -6.8335 -10.316 -9.9925 -7.7995 -7.1175 -7.4245 -6.617001 -5.37 -7.4605 -6.801001 -8.104 -6.4415 -6.275001 -7.6115 -6.1675 
-11.3269 -7.4355 -12.7149 -11.58 -9.495001 -12.883 -12.3933 -8.594501 -7.306 -5.634501 -6.611001 -6.5205 -6.240001 -7.428 -7.1845 -5.563 -7.572001 -10.3885 -10.7125 -12.5585 -9.2825 -8.550501 -9.0135 -8.4145 -10.0435 -8.789001 -9.155001 -8.8805 -8.7515 -8.618501 -8.067 
-12.3364 -12.7149 -13.6854 -13.673 -14.0432 -15.6558 -12.8383 -8.712001 -7.792 -6.6135 -7.7875 -6.5205 -7.6755 -8.696501 -9.219501 -7.572001 -11.3492 -10.745 -13.2785 -14.0415 -11.4147 -9.994501 -10.4945 -13.3938 -11.372 -10.5425 -10.061 -11.4515 -10.459 -8.949501 
-4.19 0 -2.9705 -2.7415 -4.9325 -2.3345 -2.846 0 -1.7565 -1.4985 -4.02 0 -2.7415 -4.1205 -2.5045 -1.4985 -3.6115 -3.17 -4.9325 -3.6885 -1.756 -4.742 -3.2955 -4.051 -3.6885 0 
-4.19 -2.9705 -4.512 -6.8335 -6.2445 -5.7705 -2.846 -1.7565 -2.4195 -4.914001 -4.02 -2.7415 -5.631001 -5.3175 -3.583 -4.081 -5.962501 -7.7185 -6.2425 -5.041 -6.17 -5.4715 -7.9315 -5.328 -3.6885 
-7.544 -4.512 -7.5515 -7.5445 -9.606501 -5.7705 -5.294001 -2.4195 -5.2775 -4.914001 -6.0615 -5.631001 -6.993001 -6.431 -6.14 -6.0565 -8.574501 -8.0455 -7.637001 -9.56 -6.822 -9.622001 -8.8985 -5.328 
-8.771501 -7.5515 -7.905001 -11.4495 -9.606501 -8.2045 -6.0175 -5.2775 -5.2775 -6.462 -8.606501 -6.993001 -7.827001 -8.7025 -7.4355 -8.615001 -8.655001 -9.8125 -12.4574 -10.277 -11.0783 -10.0625 -8.8985 
-12.065 -7.905001 -12.5306 -11.4495 -10.08 -8.6125 -7.882501 -5.2775 -7.188 -9.1645 -9.8735 -7.827001 -9.9145 -9.583 -10.2135 -8.698001 -10.6876 -14.8467 -13.1744 -14.6875 -11.5188 -10.0625 
-3.1385 -4.02 -2.846 0 -3.4185 -3.545 -1.7695 -3.6885 -1.7565 -4.19 -4.2915 0 
-7.271 -7.171 -2.846 -3.4185 -7.285 -5.4955 -6.228001 -5.258 -5.985001 -7.444 -4.2915 
-9.854501 -7.171 -6.8555 -7.285 -9.6975 -10.6682 -8.396001 -8.8645 -9.903501 -7.444 
-9.854501 -11.4243 -10.4505 -9.6975 -14.8702 -12.8362 -12.1827 -12.8972 -9.903501 
-14.1078 -15.0193 -12.863 -14.8702 -17.0382 -16.6229 -16.2154 -12.8972 
