-4.759 
n/a 
n/a 
n/a 
n/a 
-4.759 
n/a 
n/a 
n/a 
n/a 
-4.759 
n/a 
n/a 
n/a 
n/a 
-4.759 
n/a 
n/a 
n/a 
n/a 
-4.2235 -8.269501 -2.4945 -3.0365 -2.3335 -2.5195 -4.4485 -4.153 -4.179 -5.0275 -2.186 -3.147 -1.934 -3.8735 
-11.08 -10.7175 -4.952001 -5.474 -5.569 -7.173 -6.742001 -8.746 -9.069 -6.43 -5.0625 -4.778 -4.885 
-13.528 -13.175 -7.436001 -8.915001 -10.0315 -9.161 -12.0366 -13.6352 -9.7095 -9.783 -6.7395 -7.5645 
-15.9855 -15.659 -11.1412 -13.9549 -12.0195 -14.5764 -16.9258 -14.2757 -13.3281 -11.503 -9.602501 
-18.4695 -19.3642 -16.1811 -15.9429 -17.4349 -19.4656 -17.5663 -17.8943 -15.0481 -14.366 
-2.5195 -4.4485 -4.153 -5.648 -7.857501 -3.152 -3.8245 -1.934 -6.235 -3.644 -1.4985 -3.5125 0 
-7.173 -6.742001 -7.3005 -14.0821 -11.5205 -6.242001 -4.7245 -7.620501 -10.821 -4.97 -4.7015 -3.5125 
-9.161 -9.517 -16.0082 -17.7451 -14.6105 -6.595 -9.7915 -11.6866 -12.5311 -8.665001 -4.7015 
-12.0568 -18.2957 -19.6712 -20.8351 -14.9635 -11.8705 -14.5463 -13.1093 -16.4591 -8.665001 
-20.8355 -21.9587 -22.7612 -21.1881 -20.2594 -16.5939 -15.887 -17.0373 -16.4591 
-3.0365 -2.4945 -4.2235 -4.0745 -2.3335 -5.0275 -3.152 -1.934 -3.8735 -2.5195 -4.4145 -4.153 
-3.688 -7.037 -6.792 -5.0265 -6.863501 -7.8205 -4.9115 -4.885 -6.612 -7.1925 -6.7345 
-7.844501 -10.0475 -7.826 -9.063 -10.3475 -9.356001 -8.212501 -7.283 -10.553 -9.4925 
-11.2972 -11.2015 -12.0019 -12.7054 -11.883 -12.9646 -10.3475 -11.3646 -13.5278 
-12.4512 -15.3774 -15.6443 -14.2409 -15.4916 -15.0996 -14.4291 -14.3394 
-1.934 -1.4985 -4.4145 -4.153 0 -3.0365 -2.186 -4.395 -4.0745 -4.8515 -1.4985 -4.754 -1.7565 -5.0275 -1.934 -3.8735 
-2.6125 -4.8425 -6.7345 -4.153 -3.0365 -3.66 -7.237 -8.151 -7.061 -5.5995 -5.6035 -5.6185 -5.902 -6.366 -4.885 
-5.527 -6.8875 -6.7345 -6.654 -3.66 -8.8365 -9.467 -11.2985 -8.0815 -10.6215 -5.9465 -8.101501 -6.917 -8.267 
-7.304 -6.8875 -8.9245 -7.4185 -8.8365 -9.557001 -13.1413 -12.319 -13.3379 -10.9645 -8.7285 -9.373 -8.747001 
-7.304 -8.983 -9.663501 -12.873 -9.557001 -13.3009 -14.1618 -17.5754 -13.6809 -13.7465 -9.613 -11.2706 
