-4.759 
n/a 
n/a 
n/a 
n/a 
-4.759 
n/a 
n/a 
n/a 
n/a 
-4.759 
n/a 
n/a 
n/a 
n/a 
-4.759 
n/a 
n/a 
n/a 
n/a 
-4.348 -4.4825 -1.7695 -2.489 -1.8085 -3.355 -1.7565 -5.797 -5.25 -2.356 -10.9935 -1.756 -8.781 -4.167 
-10.3105 -5.05 -3.1405 -3.799 -4.6195 -3.725 -8.1995 -7.594 -7.034 -14.2603 -12.7495 -10.841 -13.1716 
-10.878 -6.0365 -4.2615 -5.4845 -4.725 -10.1765 -9.307501 -9.8505 -19.3273 -16.0163 -21.8345 -15.2316 
-11.8645 -7.0635 -5.7535 -5.498 -11.4883 -10.767 -11.599 -22.3208 -21.0833 -25.1013 -26.2251 
-12.8915 -9.348001 -5.764 -12.5645 -12.0788 -13.0585 -24.0693 -24.0768 -30.1683 -29.4919 
-3.9485 -2.356 -5.913 -1.756 -6.3425 0 -4.348 -4.8635 -2.5045 -1.8085 -3.355 -1.7565 -5.797 -5.25 0 
-4.311 -8.8225 -7.571 -8.185 -6.3425 -4.348 -9.259001 -6.84 -3.3625 -4.6195 -3.725 -8.1995 -7.594 -5.25 
-10.4585 -9.885501 -9.005 -8.185 -8.6805 -9.259001 -11.3517 -7.715 -5.6285 -4.725 -10.1765 -9.307501 -7.594 
-10.7015 -10.208 -9.005 -10.4425 -14.0915 -11.3517 -12.2267 -9.613501 -5.6725 -11.4883 -10.767 -9.307501 
-10.7975 -10.208 -10.75 -15.8535 -16.1842 -12.2267 -14.1252 -9.6905 -12.6468 -12.0788 -10.767 
-2.356 -10.9935 0 -8.781 -4.167 0 -2.4265 -2.7415 -2.871 -1.7565 -1.4985 -3.355 -1.7565 -4.348 -5.3955 -5.25 
-14.2603 -10.9935 -8.781 -13.1716 -4.167 -2.4265 -3.681 -4.8915 -3.5385 -2.4195 -4.951 -3.725 -5.8355 -8.2075 -9.455501 
-14.2603 -19.7745 -13.1716 -13.1716 -6.795 -3.681 -5.8635 -5.0085 -3.7675 -6.329 -5.194 -7.766001 -9.9865 -12.7699 
-23.0413 -24.1651 -13.1716 -15.7996 -7.7935 -5.8635 -5.956 -5.2005 -8.324 -7.0755 -9.9665 -12.5446 -14.7415 
-27.4319 -24.1651 -15.7996 -16.7981 -10.034 -5.956 -6.169 -10.1805 -9.224501 -12.2476 -14.7419 -17.2996 
-4.348 -3.6245 -1.8085 -3.355 -5.797 -5.25 -2.9705 -3.7965 -5.913 0 -7.493001 
-8.427 -6.159 -4.6195 -10.5535 -7.594 -7.502501 -5.034 -10.341 -5.913 -7.493001 
-11.0847 -9.1355 -12.835 -12.3505 -9.852501 -10.0815 -11.8369 -10.341 -11.046 
-14.0612 -17.449 -14.632 -14.609 -12.5541 -16.8844 -11.8369 -15.474 
-22.3747 -19.246 -16.8905 -17.3106 -19.357 -16.8844 -16.9699 
