-4.759 
n/a 
n/a 
n/a 
n/a 
-4.759 
n/a 
n/a 
n/a 
n/a 
-4.759 
n/a 
n/a 
n/a 
n/a 
-4.759 
n/a 
n/a 
n/a 
n/a 
-3.0835 -4.2815 -3.584 -3.8275 -1.7695 -4.489 0 
-8.316 -8.039001 -7.9295 -5.9455 -6.696001 -4.489 
-12.5251 -13.0785 -9.762 -10.298 -6.696001 
-17.5646 -14.911 -14.4685 -10.298 
-19.3971 -19.6175 -14.4685 
-1.934 -1.4985 -4.193 0 -4.2815 -3.7875 -4.156 -2.264 -1.4985 -4.1355 -1.7565 -4.489 0 -4.584 -5.2365 -2.0935 -2.871 -3.355 
-2.6125 -4.594501 -4.193 -4.2815 -8.243 -8.3 -5.1655 -2.9195 -5.2415 -6.009501 -6.212 -4.489 -4.584 -11.0145 -6.3535 -4.604 -5.7015 
-5.558001 -4.594501 -9.277 -8.243 -12.7807 -9.9645 -5.8495 -6.203001 -6.321001 -9.132501 -6.212 -9.787001 -11.0145 -12.1315 -9.718 -7.586 
-5.558001 -9.43 -13.6783 -12.7807 -14.4452 -11.0401 -9.68 -6.837501 -9.291 -9.132501 -10.304 -16.2963 -12.1315 -15.496 -12.8116 
-9.562 -14.0325 -18.216 -14.4452 -15.5208 -14.8706 -10.3467 -9.7285 -9.291 -13.5355 -16.8133 -17.4133 -15.496 -18.5896 
-2.5195 -1.4985 -4.193 -4.2815 -4.8935 -1.4985 -4.1355 -1.7565 -3.8655 -1.756 -4.584 -1.7695 -2.489 -4.0655 -2.0935 -2.985 -4.257 -3.32 0 
-3.1695 -4.594501 -9.277 -8.963001 -7.621 -5.2415 -6.009501 -5.196 -5.2725 -5.8805 -5.5675 -3.1405 -5.335 -4.742 -4.3315 -7.139 -8.2645 -3.32 
-5.4985 -9.43 -14.3983 -11.9489 -11.6196 -6.321001 -9.8675 -6.4155 -9.814501 -6.378 -6.274 -6.0785 -5.954 -6.9775 -8.6175 -11.6377 -8.2645 
-10.5035 -14.7525 -17.3842 -15.9475 -12.6991 -10.3675 -11.1518 -11.1177 -10.3445 -6.5765 -9.106 -6.571001 -8.156501 -11.9275 -13.2964 -11.6377 
-15.826 -17.7384 -21.3828 -17.027 -16.7456 -11.6518 -15.854 -11.6477 -11.3294 -10.5635 -9.813001 -8.745501 -13.2929 -16.6064 -13.2964 
-4.819 -5.457 -2.5045 -1.4985 -4.1355 -1.7565 -4.489 0 -4.2815 -4.298 -1.8085 -8.953501 -3.7095 0 
-9.078001 -6.190001 -3.1915 -5.2415 -6.009501 -6.212 -4.489 -4.2815 -8.677 -5.3835 -10.343 -12.296 -3.7095 
-9.774501 -6.9685 -6.3805 -6.321001 -9.132501 -6.212 -7.954 -8.677 -9.074 -14.2605 -13.3143 -12.5138 
-10.677 -10.5559 -7.216001 -9.291 -9.132501 -9.410501 -12.9607 -9.074 -18.259 -17.8921 -13.6633 
-14.2644 -11.3914 -10.2375 -9.291 -12.642 -14.827 -13.3577 -18.259 -21.8188 -17.8921 
