-4.759 
n/a 
n/a 
n/a 
n/a 
-4.759 
n/a 
n/a 
n/a 
n/a 
-4.759 
n/a 
n/a 
n/a 
n/a 
-4.759 
n/a 
n/a 
n/a 
n/a 
-4.5515 -2.7415 -4.386 -1.7695 -3.5155 -1.7565 -3.277 0 
-6.707001 -6.247 -5.58 -5.02 -4.8955 -4.25 -3.277 
-10.1895 -6.667 -8.3605 -6.401501 -5.762 -4.25 
-10.7439 -9.67 -10.361 -7.139501 -5.762 
-13.7469 -11.6597 -11.2812 -7.139501 
-1.4985 -3.815 -2.7415 -4.386 -3.458 -3.277 
-5.1705 -6.882 -6.247 -6.8485 -5.3735 
-7.348001 -10.375 -8.550501 -8.8745 
-11.0414 -12.6785 -10.5895 
-13.3449 -14.7175 
-4.5515 -2.7415 -4.26 -1.756 -3.7855 -1.7695 -3.5155 
-6.707001 -6.6765 -6.214 -5.6055 -4.793 -5.02 
-8.774501 -8.117001 -9.240001 -6.716001 -7.5365 
-10.8456 -10.2535 -9.785501 -9.698501 
-12.9821 -10.3495 -13.0398 
-4.5515 -2.186 -4.26 -3.458 -3.2495 -1.7565 -3.277 
-6.201 -5.811501 -6.206 -5.1565 -4.822 -4.25 
-8.609501 -6.9345 -7.6025 -6.949 -5.8315 
-9.955501 -8.346001 -9.8065 -8.34 
-11.3322 -10.6335 -11.1461 
