-4.759 
n/a 
n/a 
n/a 
n/a 
-4.759 
n/a 
n/a 
n/a 
n/a 
-4.759 
n/a 
n/a 
n/a 
n/a 
-4.759 
n/a 
n/a 
n/a 
n/a 
-6.519001 0 -3.9355 -1.4985 -5.5995 -2.356 -4.8005 -2.229 -1.756 -4.299 -3.277 0 
-6.519001 -3.9355 -4.938 -6.897 -7.601501 -7.4145 -6.202001 -4.366 -6.2875 -6.8575 -3.277 
-11.2669 -4.938 -10.8203 -8.747001 -13.064 -9.464001 -8.774501 -9.558001 -7.8935 -6.8575 
-12.2694 -10.8203 -12.6703 -15.0993 -15.1135 -12.1689 -14.1405 -11.165 -7.8935 
-18.1517 -12.6703 -19.0226 -17.1488 -17.8184 -17.5349 -15.7475 -11.165 
-10.488 0 -5.848 -3.047 -1.4985 -2.6165 -5.5995 -1.4985 -3.8275 
-10.488 -5.848 -8.9855 -4.095 -5.68 -8.8225 -7.3075 -4.726 
-16.336 -8.9855 -10.3285 -8.4455 -12.4592 -10.2815 -10.7335 
-19.4735 -10.3285 -14.9772 -15.2495 -13.9182 -13.7075 
-20.8165 -14.9772 -21.7812 -16.7085 -17.3442 
-6.519001 0 -5.0505 -1.4985 -3.554 -2.3585 -2.674 -2.0935 -2.5235 -5.0665 -1.756 -3.429 -2.264 -1.4985 -4.3685 -3.7015 -3.277 
-6.519001 -5.0505 -6.624001 -5.1225 -4.9475 -3.6565 -5.4145 -3.869 -6.3415 -6.196 -4.86 -4.995 -2.9195 -5.106 -6.005 -5.6755 
-12.3819 -6.624001 -9.995001 -6.7795 -7.2755 -6.318501 -6.929501 -8.092501 -7.37 -8.6215 -6.7135 -5.5435 -6.9065 -6.516 -8.4805 
-13.9554 -9.995001 -11.8288 -7.7695 -7.926001 -7.349 -11.4204 -8.981501 -9.194 -9.6 -7.2925 -8.811001 -8.576 -9.3055 
-17.3264 -11.8288 -12.8188 -8.043 -8.469501 -12.0725 -12.3094 -11.2191 -10.8857 -11.091 -10.292 -10.233 -11.4809 
-6.519001 0 -3.9355 -1.8085 -4.495 -2.0935 -2.5235 -5.1215 -4.9685 -3.584 -4.563 0 
-6.519001 -3.9355 -4.4575 -5.5415 -6.421 -3.869 -6.596001 -10.5325 -9.643 -7.291 -4.563 
-11.2669 -4.4575 -8.900001 -7.1355 -8.399 -8.323501 -12.736 -15.207 -13.5458 -7.291 
-11.7889 -8.900001 -11.2966 -9.481501 -13.0989 -14.5215 -17.4105 -19.1098 -13.5458 
-16.2314 -11.2966 -13.6426 -14.1946 -19.2969 -19.196 -21.3133 -19.1098 
