-4.759 
n/a 
n/a 
n/a 
n/a 
-4.759 
n/a 
n/a 
n/a 
n/a 
-4.759 
n/a 
n/a 
n/a 
n/a 
-4.759 
n/a 
n/a 
n/a 
n/a 
-3.0365 -3.152 -4.964 -3.264 -1.7565 -5.1255 -3.8245 -1.934 -6.4705 -3.8145 0 
-4.453 -7.461 -7.5495 -3.6125 -6.3285 -7.497 -4.7245 -6.8875 -7.985001 -3.8145 
-8.878 -10.6719 -7.6225 -7.661 -8.3535 -7.634 -9.467 -8.578 -7.985001 
-12.1303 -10.7449 -11.8814 -9.294001 -8.453 -12.9867 -11.3983 -8.578 
-12.2033 -15.0038 -13.5144 -9.3725 -13.9361 -14.918 -11.3983 
-4.5275 -3.893 -1.7565 -5.1255 -2.4945 -4.657 -1.934 -9.018001 -3.1715 -3.074 0 
-9.210001 -4.1785 -6.3285 -6.405 -7.751 -5.156 -11.9584 -12.3549 -6.558001 -3.074 
-9.278001 -9.4675 -7.844 -12.2763 -8.294001 -15.8324 -15.2953 -15.7414 -6.558001 
-14.9002 -11.0588 -13.9847 -12.8193 -19.271 -19.1693 -18.6818 -15.7414 
-16.4915 -17.1995 -14.5277 -23.7963 -22.6079 -22.5558 -18.6818 
-4.926 -4.832 -4.02 -4.657 -1.934 -6.4705 -3.8145 0 
-9.55 -6.9125 -7.4355 -5.156 -6.8875 -7.985001 -3.8145 
-9.91 -10.5745 -7.645 -9.7035 -8.578 -7.985001 
-13.572 -10.784 -12.7445 -11.7414 -8.578 
-13.7815 -15.8835 -14.7824 -11.7414 
-5.1255 -2.4945 -7.842 -2.5045 -6.885 0 
-6.405 -9.734501 -9.750501 -9.3575 -6.885 
-14.2598 -11.8754 -16.8905 -9.3575 
-16.4007 -19.0154 -16.8905 
-23.5407 -19.0154 
