-4.759 
n/a 
n/a 
n/a 
n/a 
-4.759 
n/a 
n/a 
n/a 
n/a 
-4.759 
n/a 
n/a 
n/a 
n/a 
-4.759 
n/a 
n/a 
n/a 
n/a 
-2.871 -3.193 -2.5045 -3.543 -4.1865 -3.84 -5.5785 -3.251 -1.8085 -6.4735 -1.934 -3.091 -3.8385 -1.756 -4.101 -1.7695 -1.4985 -3.7455 -1.7565 -5.451 -3.5015 -2.5195 -8.5375 -3.7455 -4.1585 -3.855 -3.595 -1.7695 -4.0135 -3.091 -6.4735 0 
-4.715 -5.5725 -5.323 -8.267 -8.9545 -9.428501 -7.855 -4.1695 -7.2705 -8.2915 -4.2105 -5.2555 -5.126 -5.32 -4.6905 -2.7955 -4.4155 -4.7725 -7.0515 -9.123 -5.965 -10.3885 -13.588 -6.1365 -8.810501 -5.8095 -4.634 -4.613 -6.824 -7.8325 -6.4735 
-6.87 -8.336 -8.384001 -13.5122 -14.7214 -12.8538 -9.068501 -9.5655 -8.8035 -9.948 -6.497001 -6.105 -7.503 -5.9125 -5.3325 -5.643 -5.3315 -10.404 -11.2211 -11.7871 -14.0685 -14.9676 -16.476 -11.5641 -10.554 -6.386 -7.541 -6.992001 -9.0325 -7.8325 
-10.107 -11.571 -13.8278 -19.2791 -18.1467 -14.0673 -14.5259 -11.1809 -10.7335 -12.2345 -7.414501 -8.404 -8.75 -6.577 -8.1405 -6.408 -11.6626 -14.5736 -13.8852 -19.8906 -19.2103 -17.8742 -21.9036 -13.3076 -11.1305 -8.6355 -8.402 -9.138 -9.0325 
-13.2812 -17.0148 -19.5947 -22.7044 -19.3602 -19.5247 -16.1413 -13.1109 -13.02 -13.152 -10.1585 -9.0605 -9.475 -9.4385 -8.576501 -12.7857 -15.8322 -17.2377 -21.9887 -25.0324 -22.0147 -23.3018 -23.6471 -13.8841 -13.38 -9.681001 -10.096 -9.138 
-2.5045 -3.0365 -1.934 -5.451 -4.5685 0 -5.6655 -3.7455 0 -2.871 -3.193 -3.034 -5.5785 -4.101 -2.0935 -5.378 -4.795 -6.4735 -2.5045 -3.543 -4.1865 -4.862 0 -1.4985 -4.236 -4.584 -3.595 -1.7695 -4.0135 -1.4985 -6.4735 0 
-6.750501 -5.238 -7.3595 -7.716001 -4.5685 -5.6655 -9.191501 -3.7455 -2.871 -4.715 -5.501 -8.396501 -8.8155 -5.904 -7.223001 -11.6274 -9.1985 -8.609 -5.323 -8.267 -7.903 -4.862 -1.4985 -5.2555 -7.0365 -6.772 -4.634 -4.613 -4.874 -7.567 -6.4735 
-9.237501 -10.7595 -9.319501 -7.716001 -9.597 -9.191501 -9.191501 -6.8655 -4.715 -6.5515 -10.586 -10.375 -10.523 -11.7623 -13.6382 -16.0309 -11.4432 -11.7883 -8.384001 -12.4607 -7.903 -6.912001 -5.2555 -7.514501 -8.2395 -6.897 -7.541 -5.369 -9.606501 -7.567 
-14.756 -12.7195 -9.319501 -10.2595 -13.235 -9.191501 -12.7859 -8.46 -6.5515 -11.9641 -12.5645 -12.2961 -16.3813 -18.1775 -18.0417 -18.2756 -14.6225 -14.8493 -12.7763 -12.4607 -9.589001 -10.6215 -7.514501 -8.684501 -8.499001 -8.908001 -8.1155 -10.1465 -9.606501 
-16.716 -12.7195 -11.9904 -13.8975 -13.235 -12.7859 -14.3804 -10.082 -11.9641 -13.9426 -14.4856 -18.1544 -22.7965 -22.581 -20.2864 -21.4549 -17.6835 -19.2416 -12.7763 -14.1467 -13.2985 -12.8805 -8.684501 -8.821 -10.6345 -9.477 -13.0094 -10.1465 
-1.934 -1.4985 -3.7455 -1.7565 -5.451 -4.5685 -2.5045 -5.6655 -3.2875 -7.3475 -5.5785 -4.0555 -2.356 -3.091 -6.4735 -2.0935 -10.7455 -3.985 -3.595 -1.7695 -4.0135 -3.091 -6.4735 0 
-2.6125 -4.4155 -4.7725 -7.0515 -7.716001 -7.2295 -7.604 -7.832 -10.5975 -13.4602 -8.812 -5.6055 -4.513 -7.8325 -8.603001 -14.147 -14.9905 -5.636 -4.634 -4.613 -6.824 -7.8325 -6.4735 
-5.9055 -5.3315 -10.404 -9.956 -10.4595 -10.7495 -10.0605 -15.9988 -17.148 -16.6937 -10.614 -7.373 -9.263 -9.545501 -21.4733 -17.8462 -16.047 -6.184 -7.541 -6.992001 -9.0325 -7.8325 
-6.325 -11.6626 -13.3085 -12.7967 -13.9795 -13.206 -18.9835 -22.5493 -20.3815 -18.4957 -12.3815 -12.4878 -11.0586 -22.5992 -24.6873 -18.9027 -16.898 -8.1905 -8.402 -9.138 -9.0325 
-12.8081 -14.5671 -16.1492 -16.3167 -16.436 -22.129 -25.534 -25.7828 -22.1835 -20.2632 -17.4963 -14.2834 -24.1123 -25.8132 -25.7438 -19.7537 -18.9577 -9.14 -10.096 -9.138 
-5.5785 -4.101 -1.7695 -4.968 -1.934 -1.8085 -3.7455 -4.06 -2.5045 -1.4985 -5.6655 -3.2875 -1.7565 -5.451 -4.5685 -3.0365 -2.356 -3.091 -3.8385 -3.9785 -2.5045 -3.543 -4.1865 -4.77 -1.4985 -4.236 -3.333 -3.595 -1.7695 -4.0135 -1.4985 -3.8385 -3.9785 0 
-8.8155 -4.6905 -5.6515 -6.783 -3.2685 -5.171 -6.9905 -4.933001 -3.1915 -7.0185 -7.832 -4.3315 -7.0515 -7.716001 -7.414001 -5.5295 -4.513 -5.2555 -6.6525 -6.508 -5.323 -8.267 -7.535 -6.245501 -5.2555 -7.803 -7.419 -4.634 -4.613 -4.874 -4.778501 -6.6525 -3.9785 
-9.179501 -9.739 -7.415 -7.831 -6.0795 -7.995 -8.448 -5.460501 -7.981501 -8.835501 -9.938001 -8.9005 -9.956 -10.335 -10.757 -7.025001 -6.7165 -9.903501 -9.611501 -8.9725 -8.384001 -10.2535 -8.866 -10.259 -8.8085 -9.97 -7.6015 -7.541 -5.369 -7.6565 -7.9915 -6.6525 
-14.5192 -11.5203 -8.442 -9.578501 -8.8715 -10.3295 -9.1085 -10.7861 -9.585501 -11.6399 -14.507 -12.0934 -12.6722 -13.882 -12.2525 -8.7735 -11.7225 -12.8625 -12.1238 -12.1569 -10.304 -11.5845 -12.9327 -13.812 -10.2865 -10.1235 -9.876 -8.1155 -8.401501 -10.0375 -7.9915 
-16.3005 -12.5473 -9.851501 -12.4091 -11.1124 -10.99 -14.5275 -12.3901 -13.5527 -16.2089 -17.6999 -14.8096 -16.2192 -15.3775 -14.001 -14.0955 -14.6815 -15.3748 -15.3082 -14.0769 -11.635 -15.6512 -16.4857 -15.29 -10.3505 -12.4594 -10.2365 -11.2644 -10.6047 -10.0375 
