-4.759 
n/a 
n/a 
n/a 
n/a 
-4.759 
n/a 
n/a 
n/a 
n/a 
-4.759 
n/a 
n/a 
n/a 
n/a 
-4.759 
n/a 
n/a 
n/a 
n/a 
-4.304 0 -3.8225 -3.545 -1.7565 -4.698 
-4.304 -3.8225 -7.371 -4.649 -5.5475 
-8.546501 -7.371 -8.9825 -6.6775 
-12.613 -8.9825 -11.4076 
-14.2245 -11.4076 
-4.304 0 -4.834 -4.698 
-4.304 -4.834 -7.354 
-9.007501 -7.354 
-12.2777 
n/a 
-4.304 0 -3.237 -4.5735 -4.698 
-4.304 -3.237 -6.009501 -9.9405 
-7.559501 -6.009501 -12.0679 
-10.396 -12.0679 
-16.8642 
-4.304 0 -3.8225 -4.698 
-4.304 -3.8225 -9.245501 
-8.546501 -9.245501 
-14.4875 
n/a 
