-4.759 
n/a 
n/a 
n/a 
n/a 
-4.759 
n/a 
n/a 
n/a 
n/a 
-4.759 
n/a 
n/a 
n/a 
n/a 
-4.759 
n/a 
n/a 
n/a 
n/a 
-1.4985 -4.2135 -4.742 -1.7565 -4.348 -1.934 -3.188 -3.8275 -3.741 -4.548 -1.756 -1.934 -4.8185 0 -2.4265 -4.0555 -3.325 -1.4985 -4.065 -4.1 -1.756 -3.321 -1.934 -4.782 0 -2.4265 -5.018 -2.356 -4.5065 0 
-5.2425 -7.218 -5.865 -5.8355 -6.7025 -5.387 -4.801 -5.1015 -8.5705 -6.103001 -4.0205 -6.139 -4.8185 -2.4265 -5.285501 -6.2735 -3.898 -4.824 -6.884 -5.774 -4.0055 -5.4075 -6.01 -4.782 -2.4265 -7.362 -5.953 -7.344001 -4.5065 
-7.481 -7.813 -8.975 -7.667 -9.5035 -5.9855 -5.1285 -8.891001 -10.3475 -8.051001 -8.133 -6.139 -7.3495 -5.285501 -7.6685 -6.9505 -7.3705 -7.796 -7.978001 -7.807 -6.081 -8.737 -6.01 -7.365 -7.362 -7.515 -10.3815 -7.344001 
-7.961501 -9.072001 -10.085 -9.852 -9.739 -6.1565 -8.8915 -10.6605 -12.2955 -12.4871 -8.133 -7.8455 -10.0645 -7.6685 -8.2005 -8.992001 -8.679501 -8.943001 -10.155 -9.852 -9.481 -8.737 -7.75 -10.0785 -7.515 -12.0061 -10.3815 
-9.206 -10.1995 -10.482 -9.9895 -9.8035 -10.1985 -10.66 -12.6085 -16.7316 -12.4871 -9.509501 -10.4675 -12.4475 -8.2005 -10.092 -9.844501 -9.764 -11.2086 -12.2 -13.3898 -9.481 -10.4265 -10.1305 -10.095 -12.0061 -12.0061 
-3.5455 -3.135 -3.277 -1.7565 -3.6115 -3.188 -3.8275 -4.348 -2.7415 -3.325 -1.4985 -3.4985 -1.7565 -4.034 -1.756 -3.693 -1.934 -4.8185 -4.101 -3.325 -3.6085 -3.882 -3.1575 -1.934 -4.782 -2.4265 -2.7415 -4.2815 -2.356 -4.5065 0 
-6.614501 -5.790501 -4.296 -5.642 -5.7875 -4.801 -8.814501 -7.3645 -5.7585 -3.898 -4.798 -4.622 -5.4725 -5.5175 -5.153501 -5.151 -6.139 -9.247 -6.818001 -7.1065 -8.304001 -4.816 -4.974 -6.01 -7.365 -3.681 -6.641 -5.666 -7.344001 -4.5065 
-8.2115 -7.463 -8.6155 -8.080001 -5.8365 -10.0745 -10.233 -9.887501 -6.248 -5.8625 -5.425 -8.6905 -6.668 -9.385 -6.211 -8.8595 -9.781001 -12.2148 -10.598 -12.5446 -10.3545 -7.643001 -9.295501 -7.75 -7.851501 -7.9905 -7.676001 -11.1934 -7.344001 
-9.561501 -11.8765 -10.513 -8.132501 -10.1185 -11.493 -12.756 -10.4385 -7.6545 -5.8915 -9.640501 -9.8085 -10.5745 -10.1865 -9.437 -12.5711 -12.8324 -15.9948 -16.0361 -14.5951 -13.4307 -12.2775 -11.1107 -8.2095 -12.4276 -8.784 -13.3782 -11.1934 
-14.158 -13.774 -10.539 -12.4981 -11.537 -14.016 -13.307 -11.845 -7.687 -9.861 -10.611 -13.715 -11.376 -13.4125 -13.1318 -15.6225 -16.6124 -21.4329 -18.0866 -17.6713 -18.0652 -14.0927 -11.5702 -12.7858 -13.2211 -14.5178 -13.3782 
-4.348 -2.7415 -1.934 -4.034 -2.229 -3.4985 -2.264 -8.495001 -1.756 -4.8185 -2.4265 -2.8645 -3.6955 -1.7695 -3.6085 -6.337 -1.756 -4.782 -2.4265 -2.229 -4.267 -2.356 -4.5065 
-7.3645 -4.5155 -5.035 -5.521501 -5.9115 -5.8995 -11.791 -11.136 -7.1245 -7.3495 -4.1435 -5.1625 -4.4705 -5.7045 -11.142 -8.868 -7.322001 -7.365 -3.3415 -6.412 -6.6445 -7.344001 
-9.198501 -7.622 -6.9525 -9.378501 -8.4125 -15.8443 -14.432 -16.5045 -8.9065 -8.710501 -6.443501 -5.651 -9.039001 -13.7998 -13.673 -14.6158 -9.4545 -8.4615 -8.876 -9.4205 -11.8261 
-12.332 -9.7915 -11.0831 -12.1799 -18.5373 -18.4853 -19.8005 -18.2865 -10.4345 -11.2385 -6.674 -10.7977 -17.3809 -16.3308 -19.4208 -16.7483 -10.5478 -14.2598 -10.459 -14.6463 
-14.5015 -14.0545 -13.8845 -22.3047 -21.1783 -23.8538 -21.5825 -19.8145 -13.0461 -11.469 -12.7273 -19.1396 -19.9119 -22.0786 -21.5533 -17.8416 -16.3461 -15.8428 -15.9958 
-9.6455 -12.16972 -9.0745 -12.16972 -11.0905 -8.2145 -12.16972 -9.4525 -4.348 -9.6925 -12.16972 -12.16972 -12.16972 -5.9185 -8.807 -9.7545 -12.16972 -12.16972 -12.16972 0 
-22.04702 -21.24422 -21.30842 -23.26022 -19.305 -20.64222 -21.62222 -14.0429 -15.1117 -21.92862 -24.33944 -24.33944 -18.08822 -15.5241 -18.6357 -21.98262 -24.33944 -24.33944 -12.16972 
-31.12152 -33.47814 -32.39892 -31.47472 -31.73272 -30.09472 -26.21262 -24.8066 -27.34782 -34.09834 -36.50916 -30.25794 -27.69382 -25.3528 -30.86382 -34.15234 -36.50916 -24.33944 
-43.35544 -44.56864 -40.61342 -43.90244 -41.18522 -34.68512 -36.97632 -37.04272 -39.51754 -46.26806 -42.42766 -39.86354 -37.52252 -37.58092 -43.03354 -46.32206 -36.50916 
-54.44594 -52.78314 -53.04114 -53.35494 -45.77562 -45.44882 -49.21244 -49.21244 -51.68726 -52.18656 -52.03326 -49.69224 -49.75064 -49.75064 -55.20326 -46.32206 
