-4.759 
n/a 
n/a 
n/a 
n/a 
-4.759 
n/a 
n/a 
n/a 
n/a 
-4.759 
n/a 
n/a 
n/a 
n/a 
-4.759 
n/a 
n/a 
n/a 
n/a 
-1.4985 -5.2545 -3.99 -4.7895 -1.756 -3.441 0 
-6.726001 -9.9615 -9.749001 -6.2255 -4.74 -3.441 
-12.2438 -15.7871 -11.185 -9.444 -4.74 
-18.0694 -17.2231 -14.4035 -9.444 
-19.5054 -20.4416 -14.4035 
-5.2545 -3.757 -5.3405 -2.4285 -5.5505 0 
-9.603001 -8.929501 -7.658501 -6.5705 -5.5505 
-14.9339 -10.186 -12.2177 -6.5705 
-16.1904 -14.929 -12.2177 
-20.9334 -14.929 
-1.4985 -3.8235 -5.2545 -3.074 -3.757 -5.988 -2.4285 -4.501 
-4.53 -9.1485 -8.094001 -5.8645 -10.115 -7.7805 -5.9575 
-9.364 -12.0624 -11.2207 -12.6587 -12.1183 -9.557001 
-12.3251 -15.1891 -18.0149 -14.662 -13.8948 
-15.4518 -21.9833 -20.0182 -16.4385 
-1.4985 -4.3955 -1.7565 -5.2545 -2.186 -4.0085 0 
-4.95 -4.9015 -6.461 -7.119 -7.612 -4.0085 
-5.049 -8.333 -8.701501 -13.0516 -7.612 
-8.338 -11.6855 -14.7239 -13.0516 
-11.7399 -17.7079 -14.7239 
