-4.759 
n/a 
n/a 
n/a 
n/a 
-4.759 
n/a 
n/a 
n/a 
n/a 
-4.759 
n/a 
n/a 
n/a 
n/a 
-4.759 
n/a 
n/a 
n/a 
n/a 
-3.524 -3.281 -4.525 -3.801 -3.09 -4.9985 -1.934 -6.6585 0 
-5.471 -7.828001 -6.6745 -6.78 -9.2005 -6.2365 -7.809 -6.6585 
-10.5975 -10.6195 -9.5495 -13.5595 -10.2395 -10.757 -7.809 
-13.389 -13.4945 -16.7156 -14.5985 -14.916 -10.757 
-16.264 -20.6606 -17.7546 -19.275 -14.916 
-3.524 -3.281 0 -4.525 -3.801 -3.09 -3.152 -4.9985 -1.934 -6.6585 0 
-5.471 -3.281 -4.525 -6.6745 -6.78 -5.9645 -6.776501 -6.2365 -7.809 -6.6585 
-5.471 -7.828001 -6.6745 -9.5495 -9.4475 -9.8085 -7.679 -10.757 -7.809 
-10.5975 -10.6195 -9.5495 -12.6036 -13.2915 -10.8546 -12.4745 -10.757 
-13.389 -13.4945 -12.6036 -16.4476 -14.3376 -15.6501 -12.4745 
-3.524 -3.281 0 -4.525 -3.801 -3.09 -4.9985 -1.934 -6.6585 0 
-5.471 -3.281 -4.525 -6.6745 -6.78 -9.2005 -6.2365 -7.809 -6.6585 
-5.471 -7.828001 -6.6745 -9.5495 -13.5595 -10.2395 -10.757 -7.809 
-10.5975 -10.6195 -9.5495 -16.7156 -14.5985 -14.916 -10.757 
-13.389 -13.4945 -16.7156 -17.7546 -19.275 -14.916 
-3.524 -3.281 0 -4.525 -3.801 -3.1335 -1.7695 -3.935 -1.4985 -6.6585 
-5.471 -3.281 -4.525 -6.6745 -6.277 -4.809 -4.6555 -5.08 -9.0305 
-5.471 -7.828001 -6.6745 -9.299 -8.186501 -7.92 -5.519001 -13.1942 
-10.5975 -10.6195 -9.299 -12.5057 -11.5349 -8.820001 -13.8082 
-13.389 -13.244 -12.5057 -15.8541 -12.4349 -17.3612 
