-4.759 
n/a 
n/a 
n/a 
n/a 
-4.759 
n/a 
n/a 
n/a 
n/a 
-4.759 
n/a 
n/a 
n/a 
n/a 
-4.759 
n/a 
n/a 
n/a 
n/a 
-2.7835 -3.979 -2.5685 -3.1495 -3.681 -4.541 -3.321 -3.098 -2.4265 -3.918 -1.7695 -1.4985 -5.036 -5.305 
-7.6 -7.061 -4.8995 -5.1675 -8.584001 -7.541 -6.0555 -5.79 -7.05 -6.328 -2.7955 -6.927001 -8.1255 
-11.0728 -9.271501 -6.137 -9.419001 -11.9186 -10.085 -8.595501 -11.4623 -8.9215 -6.8405 -8.751 -10.6935 
-13.2833 -10.39 -10.5535 -12.8348 -14.4626 -13.2132 -14.5162 -13.3338 -9.1385 -12.85 -12.2275 
-14.4018 -14.8065 -13.9693 -15.3788 -17.5908 -19.1339 -16.3877 -13.5508 -15.7076 -16.7681 
-3.034 -3.45 -2.4945 -5.0775 -4.541 -3.098 -2.925 -2.742 -3.613 -2.356 -5.712501 
-6.073501 -5.354 -6.54 -8.674001 -8.079 -5.9875 -4.3725 -5.773 -6.174 -7.8155 
-7.8275 -9.5875 -10.533 -12.8 -11.6685 -7.702 -7.355 -7.372 -12.8805 
-10.718 -13.9137 -14.659 -16.3895 -13.383 -10.9407 -8.817 -14.1723 
-15.0442 -18.0397 -18.2485 -18.104 -16.6217 -12.4027 -15.8141 
-3.2615 -4.872 -12.16972 -2.5685 -2.3615 -3.321 -3.098 -1.4985 -4.656 -1.7565 -4.7695 -2.356 -7.766 
-6.7675 -17.91492 -14.73822 -4.833 -5.9255 -6.0555 -4.514 -4.866 -4.96 -6.231 -6.843 -11.0328 
-20.51202 -20.48342 -17.00272 -7.614 -8.983 -7.007 -7.978 -5.0375 -8.039001 -8.2795 -15.8794 
-23.08052 -22.74792 -19.78372 -10.7335 -10.139 -10.7276 -8.2155 -8.082001 -9.445001 -17.4743 
-25.34502 -25.52892 -22.90322 -11.8895 -13.8596 -10.9651 -11.2696 -9.498501 -18.8216 
-3.1495 -2.4945 -2.5685 -3.0465 -3.973 -3.098 -2.925 -2.742 -3.613 -2.356 -7.766 
-4.459 -4.6335 -5.961 -7.593501 -7.254001 -5.9875 -4.3725 -5.773 -6.174 -11.0328 
-5.958 -9.476001 -11.0722 -11.4567 -9.958501 -7.702 -7.355 -7.372 -15.4652 
-10.7575 -14.7184 -14.9354 -14.1612 -12.0852 -10.9407 -8.817 -16.757 
-15.9999 -18.5816 -17.6399 -16.2879 -15.3239 -12.4027 -18.3988 
