-4.759 
n/a 
n/a 
n/a 
n/a 
-4.759 
n/a 
n/a 
n/a 
n/a 
-4.759 
n/a 
n/a 
n/a 
n/a 
-4.759 
n/a 
n/a 
n/a 
n/a 
-1.4985 -10.14 -2.186 -1.934 -1.4985 -3.6215 -1.7565 -12.16972 
-12.7323 -12.326 -4.0835 -2.6125 -4.3415 -3.936 -14.87542 
-14.9183 -14.2235 -4.6915 -5.546 -4.621 -18.73592 
-16.8158 -14.8315 -7.7035 -5.6935 -19.88892 
-17.4238 -17.8435 -7.762 -21.00162 
-3.1495 -4.9225 -2.4945 -3.849 -2.5045 -12.16972 
-7.203501 -6.9525 -5.410501 -6.305 -15.59162 
-8.478001 -9.5465 -7.648001 -19.49572 
-10.4105 -11.9874 -20.86992 
-13.1316 -25.20932 
-1.4985 -4.485 -1.934 -2.3615 -3.6445 -2.4945 -3.849 -12.16972 0 
-6.112 -5.809 -3.539 -5.0345 -6.293 -5.410501 -16.17932 -12.16972 
-7.396 -7.6325 -5.6465 -7.1135 -8.72 -18.03442 -16.17932 
-9.255 -8.462501 -7.3935 -9.2205 -21.65172 -18.03442 
-9.880501 -10.3955 -9.235001 -22.63842 -21.65172 
-2.3615 -4.9225 -2.4945 -3.849 -12.16972 
-8.6175 -6.9525 -5.410501 -16.17932 
-9.9835 -9.5465 -18.03442 
-12.8191 -22.37382 
-25.64642 
