-4.759 
n/a 
n/a 
n/a 
n/a 
-4.759 
n/a 
n/a 
n/a 
n/a 
-4.759 
n/a 
n/a 
n/a 
n/a 
-4.759 
n/a 
n/a 
n/a 
n/a 
-15.4805 -1.4985 -3.3435 -4.359 -1.7565 -1.4985 -3.7075 
-15.155 -4.6745 -5.284 -5.4865 -2.4195 -4.6235 
-18.9928 -6.0795 -6.185 -6.333 -5.468501 
-20.5524 -6.413 -6.8125 -8.429501 
-20.8859 -6.9685 -9.459001 
-3.7075 -2.229 -3.8245 -4.359 
-5.5255 -6.172501 -9.178 
-10.757 -12.414 
-16.9985 
n/a 
-16.979 -3.7075 -2.229 -3.3435 -4.359 
-18.28 -5.5255 -5.0415 -5.284 
-20.0163 -8.830501 -6.953001 
-23.2748 -10.013 
-24.3428 
-3.7075 -3.3435 -4.4695 
-6.353001 -8.022501 
-12.136 
n/a 
n/a 
