-4.759 
n/a 
n/a 
n/a 
n/a 
-4.759 
n/a 
n/a 
n/a 
n/a 
-4.759 
n/a 
n/a 
n/a 
n/a 
-4.759 
n/a 
n/a 
n/a 
n/a 
-1.934 -3.531 -3.2815 0 -6.6585 -3.599 -4.348 -3.43 -4.889 -4.5115 -1.934 -9.3085 0 -10.6925 -3.8245 -3.4425 -1.934 -2.9705 -2.871 -2.7415 -4.493 -1.756 -3.54 -3.5385 0 -1.8085 -3.535 -3.928 -1.756 -2.7625 -3.769 -2.7415 -4.874 0 
-5.012 -5.568501 -3.2815 -6.6585 -10.6345 -6.297501 -7.847 -8.155001 -6.877501 -5.896 -10.041 -9.3085 -10.6925 -14.517 -5.967 -5.188 -4.051 -5.303 -5.3315 -5.5985 -5.8585 -5.1005 -5.8695 -3.5385 -1.8085 -4.294 -7.31 -5.6975 -5.2165 -6.767 -6.7965 -6.175 -4.874 
-7.9455 -5.568501 -10.862 -10.6345 -13.333 -9.715 -12.8228 -9.844001 -7.54 -14.9028 -10.041 -20.1462 -14.517 -16.6595 -7.6735 -6.127 -6.221 -7.109001 -7.4995 -6.7325 -7.5615 -6.892 -5.8695 -5.824 -4.294 -7.776 -8.769 -9.975501 -6.9335 -10.688 -10.6735 -6.175 
-7.9455 -14.2726 -14.838 -13.333 -16.7505 -14.7002 -14.5118 -9.902 -17.0604 -14.9028 -20.8787 -23.9707 -16.6595 -18.366 -9.743 -8.642 -8.585501 -9.495501 -8.497001 -8.01 -9.969501 -6.892 -7.810501 -8.4055 -7.776 -8.927501 -13.195 -11.9767 -11.8835 -14.565 -10.6735 
-17.2728 -18.2486 -17.5365 -16.7505 -21.7357 -16.3892 -14.5698 -20.235 -17.0604 -25.7405 -24.7032 -26.1132 -18.366 -20.4355 -12.426 -11.2553 -9.713 -9.7665 -10.1 -10.4185 -9.969501 -8.7565 -10.5745 -12.0351 -8.927501 -13.3937 -15.1962 -16.9267 -15.7605 -14.565 
-3.531 -3.2815 0 -2.3345 -1.4985 -4.299 -1.7565 -6.899 -7.3015 -2.871 -4.424 -3.7965 -3.928 0 -2.461 -5.1475 0 -2.7625 -4.874 -1.934 -10.6925 -4.9225 -3.4425 -1.934 -9.3085 -5.907 
-5.568501 -3.2815 -2.3345 -3.233 -5.463 -5.794001 -8.5275 -15.2109 -11.1207 -7.04 -9.365001 -7.680501 -3.928 -2.461 -7.927501 -5.1475 -2.7625 -7.8955 -5.694 -13.6329 -15.615 -9.647501 -5.188 -10.041 -15.3607 
-5.568501 -6.4155 -3.233 -7.486001 -6.818501 -13.562 -17.029 -19.0301 -15.2897 -12.363 -13.4104 -7.680501 -6.7535 -7.927501 -7.927501 -7.851501 -7.8955 -8.541 -18.4803 -18.5554 -20.34 -11.4416 -13.789 -16.0932 
-9.059501 -7.6685 -7.486001 -8.538501 -14.5987 -22.0635 -20.8482 -23.1991 -20.6127 -16.4084 -13.4104 -11.1306 -10.7495 -7.927501 -11.0323 -14.4867 -8.541 -21.8329 -23.4028 -23.2804 -22.1341 -20.0426 -19.8412 
-10.071 -12.2621 -8.538501 -16.3703 -23.1002 -25.8827 -25.0172 -28.5221 -24.6581 -16.4084 -16.8605 -15.1266 -10.7495 -11.0323 -17.6675 -15.1322 -21.8329 -26.7554 -28.1278 -25.0745 -30.7351 -26.0948 
-3.531 -3.2815 0 -2.871 -4.493 -1.756 -4.3735 -3.1385 -3.5005 -2.664 -4.774 -1.756 -3.54 -3.5385 -3.152 -4.874 -3.034 -6.899 -3.599 -4.348 -6.0305 -1.934 -1.4985 -4.386 -3.4425 -1.7565 -10.939 -1.934 -9.3085 -3.2875 
-5.568501 -3.2815 -2.871 -7.023001 -5.8585 -5.838 -6.557 -5.9425 -5.481 -5.965 -6.1985 -5.1005 -5.8695 -5.624 -6.21 -6.619 -10.3165 -9.1855 -6.297501 -8.425501 -7.330501 -2.6125 -5.768001 -6.306 -4.5535 -13.6447 -12.873 -10.041 -12.7412 
-5.568501 -6.9675 -7.023001 -8.3915 -8.182 -8.3245 -8.064501 -8.028501 -8.397 -7.3815 -9.481501 -6.892 -7.414001 -8.035 -7.321 -14.5587 -12.603 -12.386 -9.5465 -10.1467 -8.0425 -6.455 -7.271501 -7.1685 -16.9463 -15.5787 -20.98 -13.4737 
-9.7135 -10.411 -8.3915 -10.107 -9.644 -10.223 -9.861 -9.259001 -9.0815 -9.823501 -11.4324 -8.364 -9.016001 -9.033 -15.8609 -16.8452 -15.8035 -15.635 -11.3425 -10.8587 -12.2934 -7.79 -7.705 -19.8571 -18.8803 -23.6857 -24.4127 
-13.2918 -12.2127 -10.107 -12.0438 -12.0915 -12.0195 -11.2209 -10.435 -12.1641 -11.8356 -12.9044 -9.974501 -9.8465 -17.6579 -18.1474 -20.0457 -19.0525 -17.431 -12.0545 -15.1096 -13.6284 -8.0915 -20.663 -21.7911 -26.9873 -27.1184 
-3.531 -10.388 -7.7 -5.907 -3.1385 -4.388 -3.8275 -3.7015 -6.6585 0 -1.934 -4.889 -4.8115 -2.871 -4.493 0 0 -3.54 -5.1475 -4.493 0 -2.7625 -5.228 
-13.2275 -19.2324 -10.718 -9.657001 -8.774 -10.3165 -5.687 -9.271501 -6.6585 -1.934 -7.1155 -6.759501 -8.031 -7.023001 -4.493 0 -3.54 -9.1785 -10.862 -4.493 -2.7625 -8.485001 
-22.5907 -22.2504 -14.468 -15.6641 -14.9691 -12.176 -12.1356 -9.271501 -8.461 -7.1155 -8.265501 -9.608001 -10.348 -7.023001 -4.493 -3.54 -9.1785 -14.9542 -10.862 -7.762 -8.485001 
-25.6087 -26.0004 -20.4751 -21.8592 -16.8286 -18.6246 -12.1356 -10.0685 -14.2601 -8.265501 -10.6605 -12.1164 -10.348 -7.023001 -6.857 -9.1785 -14.9542 -14.9542 -14.131 -9.2025 
-29.3587 -32.0075 -26.6702 -23.7187 -23.2772 -18.6246 -12.9326 -16.0832 -15.4101 -10.6605 -13.7743 -12.1164 -10.348 -8.547501 -13.4195 -14.9542 -14.9542 -18.2232 -15.5715 
