-4.759 
n/a 
n/a 
n/a 
n/a 
-4.759 
n/a 
n/a 
n/a 
n/a 
-4.759 
n/a 
n/a 
n/a 
n/a 
-4.759 
n/a 
n/a 
n/a 
n/a 
-6.5455 -5.831 -3.8245 -4.126 -2.186 0 -3.06 -4.3365 -1.7695 -2.7035 -3.4795 0 -3.0465 -2.3335 -4.2605 0 
-13.6317 -10.7025 -8.179501 -5.985001 -2.186 -3.06 -5.488501 -5.568 -4.9755 -5.2675 -3.4795 -3.0465 -5.3435 -6.1315 -4.2605 
-18.5032 -15.0575 -10.4675 -5.985001 -5.944 -5.488501 -6.193501 -8.8035 -7.012001 -5.2675 -6.366 -5.3435 -9.126 -6.1315 
-22.8582 -17.3455 -10.4675 -9.5375 -7.3005 -6.193501 -9.977501 -11.462 -7.012001 -8.374001 -9.114 -9.126 -9.126 
-25.1462 -17.3455 -14.02 -11.1444 -8.669001 -9.977501 -12.9482 -11.462 -10.2309 -12.0706 -13.7143 -9.126 
-4.8525 -1.4985 -6.041 -4.748 -3.3435 -2.95 -3.06 -4.3365 -1.7695 -2.7035 -3.4795 -3.5725 0 -2.674 -3.429 -1.4985 -4.2605 0 
-5.864501 -7.4405 -11.5798 -8.586 -5.892 -6.2085 -5.488501 -5.568 -4.9755 -5.2675 -7.287 -3.5725 -2.674 -7.197001 -4.4635 -4.8355 -4.2605 
-12.4159 -13.3719 -15.4178 -11.8099 -9.255 -7.356 -6.193501 -8.8035 -7.012001 -9.443001 -7.287 -4.997 -7.197001 -8.2375 -8.06 -4.8355 
-18.3473 -17.2099 -18.6417 -15.1729 -10.504 -9.135 -9.977501 -11.462 -11.2999 -9.443001 -8.777 -9.948001 -8.2375 -11.936 -8.06 
-22.1853 -20.4338 -22.0047 -16.4219 -12.283 -12.9228 -12.9482 -15.7499 -11.2999 -11.2322 -14.005 -10.7615 -11.936 -11.936 
-8.487 -6.3045 -3.3435 -2.95 -2.186 0 -3.06 -4.3365 -1.7695 -2.7035 -3.4795 0 -3.8255 -4.053 -3.918 0 
-16.199 -10.688 -5.892 -4.817 -2.186 -3.06 -5.488501 -5.568 -4.9755 -5.2675 -3.4795 -3.8255 -9.168 -8.962 -3.918 
-20.9441 -13.2365 -7.7925 -4.817 -5.944 -5.488501 -6.193501 -8.8035 -7.012001 -5.2675 -7.307 -9.168 -14.1806 -8.962 
-23.4926 -15.137 -7.7925 -7.62 -7.3005 -6.193501 -9.977501 -11.462 -7.012001 -9.8505 -13.0405 -14.1806 -14.1806 
-25.3931 -15.137 -10.0535 -8.5415 -8.669001 -9.977501 -12.9482 -11.462 -11.7074 -15.584 -18.0531 -14.1806 
-6.1485 -7.314 -5.453 -1.7695 -2.7035 -3.4795 
-14.462 -12.025 -7.351 -4.9755 -5.2675 
-18.6097 -13.5442 -10.233 -7.012001 
-19.8037 -16.9082 -12.4435 
-23.1677 -19.1187 
