-4.759 
n/a 
n/a 
n/a 
n/a 
-4.759 
n/a 
n/a 
n/a 
n/a 
-4.759 
n/a 
n/a 
n/a 
n/a 
-4.759 
n/a 
n/a 
n/a 
n/a 
-1.4985 -4.455 -2.186 -4.399 -1.7565 -2.5685 -4.1585 
-5.262 -6.646001 -7.8785 -4.831 -3.938 -7.6335 
-6.953001 -12.7543 -8.508 -7.428 -8.6035 
-13.3199 -13.3838 -10.564 -12.5057 
-13.9494 -15.4398 -15.6417 
-3.4225 -5.709 -5.228 -4.425 -1.4985 -4.2705 -3.5015 -1.7565 -3.5035 0 
-8.019501 -10.2755 -9.3575 -5.532 -5.383 -6.13 -4.783 -4.6725 -3.5035 
-12.8252 -14.405 -10.452 -9.930501 -7.303 -6.6955 -8.468 -4.6725 
-16.9547 -15.4995 -14.8505 -11.7369 -7.4445 -11.1959 -8.468 
-18.0492 -19.898 -16.6569 -11.8784 -12.4107 -11.1959 
-5.395 -4.481 -3.5435 -1.7565 -3.7455 0 
-9.1675 -9.836 -4.9885 -5.5385 -3.7455 
-14.8529 -11.281 -10.688 -5.5385 
-16.2979 -16.9805 -10.688 
-21.9974 -16.9805 
-1.4985 -4.688 -2.186 -1.4985 -4.2705 -1.7565 -4.1585 
-5.4195 -6.8035 -3.339 -5.383 -5.4125 -4.9845 
-7.160501 -7.909 -7.345 -5.585001 -9.8605 
-8.210501 -12.09 -7.7755 -10.031 
-12.5285 -12.5205 -12.3539 
