-4.759 
n/a 
n/a 
n/a 
n/a 
-4.759 
n/a 
n/a 
n/a 
n/a 
-4.759 
n/a 
n/a 
n/a 
n/a 
-4.759 
n/a 
n/a 
n/a 
n/a 
-4.1495 -4.3705 -1.934 -4.649 -5.041 
-6.729001 -5.8205 -7.277 -7.874001 
-7.944001 -11.8869 -10.0035 
-14.293 -14.6134 
-17.0195 
-4.1495 -4.3705 -1.934 -3.275 -3.8385 0 
-6.729001 -5.8205 -5.659 -7.55 -3.8385 
-7.944001 -10.2689 -9.92 -7.55 
-12.675 -14.5299 -9.92 
-16.936 -14.5299 
-4.1495 -4.3705 -1.934 -4.649 -5.041 
-6.729001 -5.8205 -7.277 -7.874001 
-7.944001 -11.8869 -10.0035 
-14.293 -14.6134 
-17.0195 
-4.1495 -4.3705 -1.934 -4.649 -5.041 
-6.729001 -5.8205 -7.277 -7.874001 
-7.944001 -11.8869 -10.0035 
-14.293 -14.6134 
-17.0195 
