-4.759 
n/a 
n/a 
n/a 
n/a 
-4.759 
n/a 
n/a 
n/a 
n/a 
-4.759 
n/a 
n/a 
n/a 
n/a 
-4.759 
n/a 
n/a 
n/a 
n/a 
-4.445 -3.193 0 -2.882 -3.1475 0 
-6.934 -3.193 -2.882 -5.316501 -3.1475 
-6.934 -5.964 -5.316501 -5.316501 
-7.562 -7.900001 -5.316501 
-8.96 -7.900001 
-4.445 -3.193 0 -2.882 -3.1475 0 
-6.934 -3.193 -2.882 -5.316501 -3.1475 
-6.934 -5.964 -5.316501 -5.316501 
-7.562 -7.900001 -5.316501 
-8.96 -7.900001 
-4.445 -3.193 0 -2.882 -3.1475 0 
-6.934 -3.193 -2.882 -5.316501 -3.1475 
-6.934 -5.964 -5.316501 -5.316501 
-7.562 -7.900001 -5.316501 
-8.96 -7.900001 
-4.445 -3.193 0 -4.9235 -3.1475 0 
-6.934 -3.193 -4.9235 -7.461 -3.1475 
-6.934 -8.695001 -7.461 -7.461 
-13.3444 -10.1595 -7.461 
-14.8089 -10.1595 
