-4.759 
n/a 
n/a 
n/a 
n/a 
-4.759 
n/a 
n/a 
n/a 
n/a 
-4.759 
n/a 
n/a 
n/a 
n/a 
-4.759 
n/a 
n/a 
n/a 
n/a 
-2.356 -1.8085 -4.4095 -1.7565 -4.347 -4.9505 -4.4095 0 -1.934 -3.864 -3.1335 0 -1.4985 -4.1865 -3.599 -3.9665 -2.186 -1.4985 -4.4145 -4.1735 -3.599 -3.9665 -1.934 -1.4985 -3.188 
-3.4075 -6.3885 -5.1885 -5.3115 -8.224501 -9.9725 -4.4095 -1.934 -5.9375 -6.515 -3.1335 -1.4985 -5.177 -7.0785 -4.743 -5.825 -3.339 -4.8425 -6.417 -7.4965 -4.743 -5.47 -2.6125 -3.619 
-7.645 -7.035 -8.5065 -8.72 -13.7959 -9.9725 -5.936 -5.9375 -7.353 -6.515 -5.0785 -5.177 -7.5175 -7.144 -6.981 -7.099 -6.2495 -6.645 -9.229501 -8.447001 -6.7545 -6.0325 -4.377 
-8.071 -9.295 -11.9456 -14.7028 -13.7959 -11.499 -9.2075 -7.353 -7.353 -8.106 -8.745501 -7.5175 -7.552001 -8.929 -8.1945 -9.9895 -7.1955 -9.396501 -9.383 -9.074 -7.5035 -7.267 
-9.84 -12.7603 -17.9284 -14.7028 -15.3224 -14.7705 -9.4355 -7.353 -8.9125 -10.688 -10.3745 -7.552001 -8.991 -10.0885 -10.411 -10.4085 -10.264 -9.5305 -9.582001 -9.1675 -8.446 
-4.0435 -3.676 0 -2.4265 -2.8645 -4.9505 -4.954 -1.934 -3.948 -4.088 -1.7565 -3.345 -5.213 -4.1485 -5.045 -2.3615 -3.882 -3.3715 -4.5355 -1.7695 -3.837 -2.3335 -3.676 -2.186 -4.4435 0 -3.918 -4.0965 0 -3.2295 -3.849 -4.088 -1.934 -1.4985 -3.188 0 
-7.753 -3.676 -2.4265 -4.1435 -8.5135 -10.1995 -6.151501 -5.024 -6.41 -5.4975 -4.365 -7.499001 -7.7405 -7.728 -7.838 -5.355 -6.9375 -6.852 -6.296 -6.766 -4.933 -6.085 -5.5015 -5.901 -4.4435 -3.918 -9.284 -4.0965 -3.2295 -6.044 -6.419001 -5.429501 -2.6125 -3.619 -3.188 
-7.753 -6.1585 -4.1435 -10.3815 -14.5291 -11.8514 -9.1435 -6.745501 -7.8545 -8.829 -8.529 -9.223001 -7.960001 -9.7045 -10.5865 -8.442 -10.7335 -8.5635 -12.0075 -8.2295 -8.183001 -6.7545 -8.904 -5.901 -8.7725 -9.284 -9.284 -7.649001 -6.044 -9.373 -7.190001 -5.9065 -4.377 -3.619 
-9.481001 -7.5055 -10.3815 -16.3971 -16.181 -14.8434 -10.6345 -8.469501 -11.2884 -13.2006 -10.3844 -9.264501 -9.887501 -12.5238 -13.6735 -12.4144 -12.445 -14.4358 -13.471 -11.6565 -8.9835 -10.564 -8.904 -11.032 -14.3061 -9.284 -13.2843 -10.7595 -9.373 -10.2875 -7.4725 -6.633 -4.377 
-10.6225 -13.9065 -16.3971 -18.049 -19.173 -16.3344 -12.3585 -12.0142 -15.66 -15.056 -10.4259 -11.4726 -12.6912 -15.6108 -17.6459 -14.1259 -18.3173 -15.8993 -16.898 -12.457 -13.0138 -10.564 -14.2526 -16.5656 -14.3061 -13.2843 -16.3948 -14.0885 -10.2875 -10.768 -9.037001 -6.633 

n/a 
n/a 
n/a 
n/a 
-3.4975 -1.934 -2.9905 -1.7565 -1.4985 0 -4.9505 -4.088 -5.045 -3.188 -3.518 -1.934 -4.0415 -2.3615 -2.186 -1.4985 -3.518 -1.934 -3.188 -1.4985 -3.135 -4.5355 -1.934 -3.4975 0 -3.5015 -1.934 -3.383 -4.69 -1.934 0 
-6.2475 -5.5125 -3.6185 -2.4195 -1.4985 -4.9505 -10.4115 -8.341001 -7.8235 -7.135 -5.322001 -5.927001 -7.261 -3.5005 -3.339 -4.77 -5.322001 -5.387 -5.0075 -6.4025 -6.802501 -6.241 -5.3805 -3.4975 -3.5015 -4.704 -5.5185 -9.553 -6.777 -1.934 
-10.757 -6.3075 -4.3385 -2.4195 -7.354501 -10.4115 -14.6645 -12.2105 -13.2471 -8.526001 -9.723001 -9.339001 -7.93 -4.3105 -6.598 -7.036 -8.604 -7.917 -10.2755 -10.6595 -8.685501 -8.9405 -5.3805 -7.655001 -4.704 -8.4685 -12.3645 -10.6235 -6.777 
-11.552 -7.041501 -4.3385 -8.381001 -13.3947 -14.6645 -18.534 -17.6341 -14.6381 -13.1282 -13.135 -10.2145 -8.637 -7.554 -8.861501 -10.5635 -11.644 -13.573 -14.6991 -12.5425 -11.574 -8.9405 -10.248 -9.195001 -8.4685 -15.3625 -13.435 -10.6235 
-12.286 -7.041501 -10.2805 -14.5418 -17.6477 -18.534 -23.9576 -19.0251 -19.2403 -16.5402 -14.0105 -11.1779 -12.2217 -9.608001 -12.6506 -13.6035 -17.3 -17.9966 -16.5821 -15.431 -11.574 -14.28 -12.0816 -13.0915 -15.3625 -16.433 -13.435 
