-4.759 
n/a 
n/a 
n/a 
n/a 
-4.759 
n/a 
n/a 
n/a 
n/a 
-4.759 
n/a 
n/a 
n/a 
n/a 
-4.759 
n/a 
n/a 
n/a 
n/a 
-4.61 -3.458 -6.23 -2.4285 -7.877501 -5.1595 0 -1.4985 -5.254 -4.153 -4.3535 -7.2665 -2.229 -3.5035 0 -2.9705 -3.468 -2.3335 -1.4985 -4.6855 -4.153 -1.7565 -3.345 -4.1855 -2.186 -1.4985 -3.3855 -1.7565 -1.4985 -5.254 -4.153 -1.7565 -1.4985 -4.554 -4.1855 -1.756 -3.1435 -5.496 -5.016 -1.934 -1.4985 -4.916 -1.4985 -3.5085 -5.254 -4.153 -2.186 -1.4985 -4.5935 -1.7565 -1.4985 -4.1855 -4.6855 -5.2245 
-8.336 -10.8805 -9.145 -10.4805 -11.775 -5.1595 -1.4985 -6.507501 -6.3395 -9.068001 -10.348 -8.040501 -5.3825 -3.5035 -2.9705 -6.047501 -5.035501 -3.3515 -5.905001 -6.7735 -5.717 -4.365 -6.0065 -5.737 -3.339 -4.5395 -5.133 -2.4195 -6.507501 -6.3395 -5.717 -2.4195 -5.836 -8.023001 -5.801 -4.1365 -8.995001 -7.1555 -6.682 -2.6125 -5.718 -6.9065 -4.4755 -8.575001 -6.3395 -5.824501 -3.339 -5.172501 -5.0835 -2.4195 -5.41 -8.9655 -7.439 
-13.251 -13.2395 -16.245 -15.204 -12.273 -6.8015 -6.507501 -7.352 -12.0881 -15.3193 -10.4375 -8.071 -5.3825 -5.9165 -6.047501 -6.380001 -5.758 -7.529 -7.3405 -7.074 -8.264501 -6.823501 -7.193501 -6.969 -6.1805 -5.679 -5.6695 -7.3995 -7.352 -7.1055 -6.319001 -6.753001 -8.758 -9.4195 -7.629 -9.986 -9.291 -8.533001 -7.462501 -7.009501 -7.618 -9.321501 -9.072001 -9.099 -8.0205 -7.259501 -6.1435 -5.2735 -5.653 -6.129 -9.675501 -10.435 
-16.6309 -19.0728 -20.5584 -15.8866 -13.6465 -10.757 -7.352 -13.8554 -18.3394 -15.4088 -10.4585 -8.071 -7.4665 -7.757501 -6.380001 -6.995 -9.762 -8.926001 -7.408 -9.177 -9.576501 -8.0495 -8.9095 -9.3995 -6.3335 -6.2785 -10.177 -8.585501 -7.6425 -7.7535 -9.210501 -9.312501 -10.31 -11.6475 -13.9269 -10.352 -9.771501 -8.872001 -9.684501 -8.321501 -10.054 -14.0828 -9.350501 -10.2 -9.1405 -9.254001 -6.182 -5.718 -8.482 -10.7025 -11.6456 
-22.4642 -24.6309 -20.5584 -17.2601 -17.602 -11.6015 -13.8554 -20.1067 -18.4289 -15.4298 -10.4585 -10.074 -8.272 -7.882501 -6.995 -10.702 -10.175 -8.993 -9.3105 -10.0645 -10.7045 -9.287001 -10.427 -9.6125 -6.954 -10.292 -10.3895 -8.973001 -8.0045 -9.375501 -10.2 -10.7185 -12.538 -17.9454 -14.2929 -10.6015 -9.877501 -10.1995 -10.72 -10.467 -14.8153 -14.3613 -10.3055 -10.5415 -10.4505 -9.262501 -6.5605 -8.5375 -13.4267 -12.6726 
-7.626 -4.157 -1.934 -1.7695 -1.4985 -3.518 -1.7565 -5.0475 
-12.336 -5.719 -4.0395 -2.7955 -4.77 -4.302 -6.515 
-13.898 -9.969501 -5.3685 -5.859 -4.885 -9.814501 
-18.1485 -11.2985 -9.1855 -5.982 -10.223 
-19.4775 -15.1155 -9.492001 -11.4436 
-3.4715 -4.901 -2.186 -5.0175 -7.287 -4.3775 -1.4985 -6.3855 -1.934 -1.4985 -3.4715 -4.901 -5.169 -2.186 -1.4985 -3.4715 -4.901 0 
-8.213 -6.562 -8.276501 -13.5215 -12.7207 -6.1805 -7.705501 -8.4075 -2.6125 -4.574 -8.213 -10.389 -6.8415 -3.339 -4.574 -8.213 -4.901 
-10.6278 -12.9861 -17.1217 -18.9552 -14.5237 -13.0411 -9.762001 -9.091001 -5.4655 -9.765501 -14.4548 -12.0615 -8.118 -6.9005 -9.765501 -8.213 
-17.0519 -21.8313 -22.5554 -20.7582 -21.3843 -15.0976 -10.497 -12.0878 -10.8576 -16.1849 -16.1273 -13.338 -11.9419 -12.3798 -9.765501 
-25.8971 -27.265 -24.3584 -27.6188 -23.4408 -15.8326 -13.4938 -17.4799 -17.277 -17.8574 -17.4038 -17.1619 -17.4212 -12.3798 
-9.450001 -1.7695 -2.7275 -2.645 -7.4815 -1.4985 -3.4715 
-11.3831 -5.2225 -6.294001 -10.8215 -8.205501 -4.574 
-14.8361 -8.398001 -14.7815 -11.5455 -11.769 
-18.0116 -17.0441 -15.5055 -15.109 
-26.6577 -17.7681 -19.069 
