-4.759 
n/a 
n/a 
n/a 
n/a 
-4.759 
n/a 
n/a 
n/a 
n/a 
-4.759 
n/a 
n/a 
n/a 
n/a 
-4.759 
n/a 
n/a 
n/a 
n/a 
-1.4985 -12.16972 -3.2345 -4.386 -1.7565 -3.869 -3.2225 -3.7015 -1.4985 -8.868 0 
-14.76202 -15.40422 -6.7955 -4.539 -5.629 -7.311 -7.462501 -4.3435 -9.1555 -8.868 
-17.99652 -18.96522 -6.8235 -7.526 -8.8835 -10.2925 -8.075001 -12.5041 -9.1555 
-21.55752 -18.99322 -9.9125 -9.824 -12.132 -10.905 -16.4886 -12.5041 
-21.58552 -22.08222 -12.2843 -13.2117 -12.7445 -19.3186 -16.4886 
-4.7175 -7.466001 -8.700001 0 -4.1985 -2.229 -4.7785 -3.946 0 -2.7415 -3.1125 -3.17 -5.5385 0 
-13.1543 -16.7194 -8.700001 -4.1985 -5.4225 -6.8085 -8.6565 -3.946 -2.7415 -7.131001 -6.429 -8.2545 -5.5385 
-22.4077 -16.7194 -13.1933 -5.4225 -11.2034 -10.0675 -8.6565 -6.2045 -7.131001 -10.6151 -9.832001 -8.2545 
-22.4077 -21.2127 -14.4173 -11.2034 -14.4624 -10.0675 -11.0646 -11.1484 -10.6151 -14.0181 -9.832001 
-26.901 -22.4367 -20.1982 -14.4624 -14.4624 -12.6964 -16.0085 -14.6325 -14.0181 -14.0181 
-1.934 -3.45 -3.594 0 -3.452 -4.281 -8.771001 -8.700001 0 -4.1985 -2.229 -5.6735 0 -2.7415 -4.3315 -4.5855 -2.7455 -1.4985 -6.963 0 
-5.009 -6.5445 -3.594 -3.452 -7.758 -13.3686 -18.2278 -8.700001 -4.1985 -5.4225 -7.869 -5.6735 -2.7415 -5.823 -9.210501 -7.0375 -3.637 -7.569 -6.963 
-7.811501 -6.5445 -5.983 -7.758 -17.0188 -22.8254 -18.2278 -13.1933 -5.4225 -12.2639 -7.869 -8.307 -5.823 -10.7335 -11.9835 -7.594501 -10.111 -7.569 
-7.811501 -10.6875 -11.5514 -17.0188 -26.4756 -22.8254 -22.7211 -14.4173 -12.2639 -12.2639 -10.0855 -11.5717 -10.7335 -13.5065 -12.5405 -14.2289 -10.111 
-12.0351 -16.2559 -20.8122 -26.4756 -26.4756 -27.3187 -23.9451 -21.2587 -12.2639 -14.4804 -13.3502 -16.4822 -13.5065 -14.0635 -19.1749 -14.2289 
-1.934 -2.3335 -11.128 0 -9.403001 -4.089 -7.116 0 -6.6385 -2.229 -2.7415 -5.2985 -5.5395 0 
-4.359 -14.6523 -11.128 -9.403001 -13.719 -11.136 -7.116 -6.6385 -8.485001 -5.767 -6.5505 -8.492001 -5.5395 
-17.2702 -14.6523 -20.531 -13.719 -20.766 -11.136 -14.4301 -8.485001 -12.2456 -9.7015 -9.504001 -8.492001 
-17.2702 -24.0553 -24.847 -20.766 -20.766 -18.4501 -16.2766 -12.2456 -16.1801 -12.7168 -9.504001 
-26.6732 -28.3713 -31.894 -20.766 -28.0801 -20.2966 -20.0372 -16.1801 -19.1954 -12.7168 
