-4.759 
n/a 
n/a 
n/a 
n/a 
-4.759 
n/a 
n/a 
n/a 
n/a 
-4.759 
n/a 
n/a 
n/a 
n/a 
-4.759 
n/a 
n/a 
n/a 
n/a 
-1.4985 -3.473 -3.324 -1.934 -3.098 -1.934 -3.8235 -1.7565 -6.316 -1.934 -1.4985 -3.555 -3.777 -1.934 -3.324 0 
-4.624001 -6.8625 -4.971 -5.752501 -5.081 -5.9075 -5.004 -8.3415 -8.502001 -2.6125 -5.3545 -6.858 -5.6955 -5.885 -3.324 
-8.399 -8.7915 -9.4715 -8.106501 -8.968 -7.7635 -12.9886 -10.543 -9.135501 -6.5675 -7.653501 -9.032001 -9.611 -5.885 
-9.745001 -13.4256 -12.3893 -12.2165 -11.311 -16.3015 -15.1901 -11.1765 -13.1823 -8.603001 -9.406 -13.2355 -9.611 
-14.6907 -16.3434 -16.4993 -14.5595 -19.849 -18.503 -15.8236 -15.2233 -15.2178 -10.7427 -13.7701 -13.2355 
-3.4765 -2.3335 -4.622 -1.7695 -3.228 -1.7565 -3.135 -4.972 -1.7695 -3.555 -3.777 0 
-5.9195 -7.2045 -6.468 -5.232 -5.58 -4.6765 -9.318501 -7.437 -5.9785 -6.858 -3.777 
-11.2017 -8.8625 -10.6475 -8.3005 -8.8465 -10.9992 -11.8649 -12.1476 -9.174001 -6.858 
-12.8597 -13.4708 -13.716 -11.5498 -15.2178 -13.5456 -16.5755 -15.3431 -9.174001 
-17.468 -16.5393 -16.9653 -17.9211 -17.7642 -18.2562 -19.771 -15.3431 
-3.6705 0 -3.5065 -3.1385 -2.882 -4.8575 -1.4985 -3.53 -3.843 0 -1.7565 -1.4985 -4.3465 -4.622 -2.9825 -1.756 -1.4985 -3.555 -3.777 -1.934 -3.898 -4.3035 -2.9825 -2.7765 -2.489 -3.2955 0 
-3.6705 -3.5065 -6.703 -5.738 -7.8865 -5.6275 -5.229 -7.4205 -3.843 -1.7565 -2.4195 -6.203 -6.8715 -7.416 -4.648 -3.0405 -5.3545 -6.858 -5.6955 -6.015 -7.0755 -8.112 -5.91 -3.495 -3.979 -3.2955 
-5.895 -6.703 -8.583 -10.586 -8.553501 -9.26 -8.804001 -7.4205 -6.135 -2.4195 -7.2605 -9.040501 -9.014501 -9.151001 -5.824 -6.9725 -7.653501 -9.032001 -10.513 -8.161501 -11.5 -11.4493 -6.283 -4.532001 -3.979 
-8.863501 -8.583 -13.6828 -11.253 -12.456 -13.1588 -8.804001 -9.9355 -6.764 -7.2605 -10.0035 -11.4311 -10.9049 -10.3965 -10.0505 -9.8735 -9.406 -14.1375 -12.6595 -13.1278 -14.8373 -11.8223 -7.5575 -4.532001 
-10.8507 -13.6828 -14.3498 -15.1555 -16.3548 -13.1588 -11.6198 -10.393 -11.8478 -10.0035 -12.5079 -13.3215 -12.1504 -14.623 -13.0493 -11.626 -14.6721 -16.284 -17.6258 -16.4651 -15.2103 -13.0968 -7.5575 
-2.872 -4.3465 -5.5905 -3.7555 -1.7695 -3.664 -3.2945 -3.098 -1.756 -3.53 -3.0415 0 -3.4625 -1.7695 -4.4535 -3.555 -3.777 
-7.85 -7.587001 -10.089 -4.815 -5.3665 -6.571 -4.672 -4.558 -4.8225 -6.659 -3.0415 -3.4625 -5.0775 -6.345 -7.366 -6.858 
-11.2099 -12.5459 -11.1485 -10.354 -8.631001 -7.4945 -5.712 -5.6755 -7.518001 -6.659 -7.168 -5.0775 -8.7585 -9.9585 -8.856001 
-16.1688 -13.6054 -16.6875 -13.6185 -9.910001 -9.601501 -5.789 -8.098001 -7.518001 -10.4345 -8.672 -8.7585 -12.7206 -11.5309 
-17.2283 -19.1444 -19.952 -14.8975 -12.4184 -10.0115 -8.283 -8.098001 -11.4807 -11.9385 -12.6016 -12.7206 -14.293 
