-4.759 
n/a 
n/a 
n/a 
n/a 
-4.759 
n/a 
n/a 
n/a 
n/a 
-4.759 
n/a 
n/a 
n/a 
n/a 
-4.759 
n/a 
n/a 
n/a 
n/a 
-3.851 -1.7695 -1.4985 -10.033 -1.7565 -6.668 -3.6505 -1.756 -3.8275 -3.7015 -1.4985 -4.5845 0 -1.4985 -3.2015 -1.7565 -6.0385 -5.1845 -3.1385 -3.6955 -3.539 
-4.0015 -2.7955 -12.6253 -12.2781 -9.344001 -10.9873 -5.246 -5.858 -5.687 -4.3435 -5.802501 -4.5845 -1.4985 -4.9495 -4.706 -8.094 -11.6634 -7.4095 -5.9915 -5.559 
-4.5775 -14.1575 -14.8704 -19.8656 -14.1305 -12.5828 -9.1475 -8.266001 -6.335 -7.8655 -5.802501 -6.7685 -4.9495 -5.357 -10.459 -13.9823 -13.8884 -10.647 -8.225 
-16.5443 -16.4026 -22.4579 -24.6521 -15.726 -16.4843 -11.7763 -8.84 -10.5798 -7.8655 -7.406501 -10.7595 -5.357 -11.4906 -16.3473 -16.2073 -17.1259 -12.8805 
-18.7894 -23.9901 -27.2444 -26.2476 -19.6275 -19.1131 -12.3503 -13.2148 -10.5798 -10.621 -11.7729 -11.167 -11.4906 -17.3789 -18.5723 -19.4448 -19.3594 
-3.433 -1.7565 -1.4985 -4.537 -4.0045 -4.413 -2.3345 -9.3505 0 -1.756 -2.5045 -3.074 -1.4985 -4.5115 -4.504 -2.9905 -3.7015 -1.4985 -5.3745 -4.891 0 -1.4985 -4.1865 -4.241 -4.4165 -3.9665 -9.651 -4.331 -4.7325 -3.1435 -4.7015 
-4.1845 -2.4195 -6.164001 -7.1845 -7.5375 -4.6955 -12.0156 -9.3505 -1.756 -4.4965 -6.3095 -4.6505 -5.813001 -7.854001 -4.8085 -5.940001 -4.3435 -6.2355 -7.061501 -4.891 -1.4985 -5.177 -7.936501 -6.8265 -7.6835 -14.6241 -13.9962 -7.825001 -6.434 -6.5475 
-4.6515 -7.038001 -8.1745 -10.533 -7.674001 -15.4672 -12.0156 -11.2477 -4.4965 -8.308001 -7.18 -9.201 -8.838501 -7.8715 -7.508 -6.468 -8.541 -7.2945 -7.061501 -7.06 -5.177 -8.515501 -8.363501 -7.692501 -18.8333 -18.9693 -17.4902 -9.131001 -8.8485 
-7.7835 -9.121 -10.702 -10.6385 -18.7559 -15.4672 -13.9128 -13.9882 -8.308001 -9.534 -11.8533 -12.5463 -8.859501 -9.066001 -8.042001 -10.9849 -8.7805 -7.2945 -9.4515 -10.155 -8.515501 -8.714001 -8.436501 -18.8505 -23.1785 -22.4633 -18.7962 -11.6429 
-9.606001 -11.5109 -10.8075 -21.7204 -18.7559 -17.3644 -16.6533 -17.7997 -9.534 -14.3817 -15.1986 -12.5673 -10.134 -9.801001 -12.8023 -11.2244 -8.7805 -9.522 -12.5685 -13.6827 -8.714001 -8.7475 -20.0555 -23.1957 -26.6725 -23.7693 -21.3081 
-3.851 -1.7695 -7.0925 -8.528501 -4.0695 -1.756 -1.4985 -4.285 -3.8535 -1.7695 -1.4985 -5.3745 -4.891 -1.4985 -4.1865 -4.241 -4.4165 -3.9665 -3.966 -3.1435 -3.2015 -2.5195 -1.4985 -6.899 -6.4735 
-4.0015 -9.1165 -16.1076 -13.3532 -5.371 -3.0405 -5.456 -6.283501 -5.1985 -2.7955 -6.2355 -7.061501 -7.06 -5.177 -7.936501 -6.8265 -7.6835 -8.2685 -6.0375 -6.051 -5.1835 -3.1695 -8.336 -8.8765 
-12.0633 -18.2196 -20.9323 -14.6547 -6.779 -6.8595 -6.650001 -6.8065 -6.3135 -7.613 -7.2945 -9.4515 -10.155 -8.515501 -8.363501 -7.692501 -12.4777 -9.204 -9.145 -7.4895 -5.708 -10.147 -9.4205 
-21.1664 -23.0443 -22.2338 -16.0627 -10.9828 -7.607 -7.1235 -7.27 -11.4806 -8.8475 -9.522 -12.5685 -13.6827 -8.714001 -8.436501 -12.4949 -13.4132 -12.8795 -10.143 -7.841 -13.1953 -11.2315 
-25.9911 -24.3458 -23.6418 -20.2665 -11.7303 -8.509501 -7.566 -12.7123 -12.7151 -11.0782 -12.6424 -16.0962 -13.8812 -8.7475 -13.6999 -13.4304 -17.0887 -13.8775 -10.475 -15.8865 -14.2798 
-6.7815 -4.795 -5.829 0 -1.756 -3.8275 -3.7015 -2.8965 -6.144 -4.891 -4.2065 -1.4985 -3.5515 -1.7565 -4.1865 -4.241 -4.4165 -3.9665 0 
-12.4151 -10.9575 -5.829 -1.756 -5.858 -5.687 -6.048 -9.119 -9.338 -10.7495 -4.732 -4.567 -5.0325 -5.463 -7.936501 -6.8265 -7.6835 -3.9665 
-18.5776 -10.9575 -6.64 -5.858 -8.266001 -8.503 -12.7711 -12.5804 -15.2921 -11.275 -7.7345 -5.6435 -8.8005 -9.4575 -8.363501 -7.692501 -7.6835 
-18.5776 -11.7685 -10.2925 -8.266001 -10.218 -15.5671 -16.2325 -18.5345 -15.8176 -14.2775 -9.5415 -9.2335 -13.0448 -9.968 -8.436501 -7.692501 
-19.3886 -15.421 -12.7005 -10.218 -17.5937 -19.0285 -22.1866 -19.06 -18.8201 -16.0845 -13.3989 -13.5956 -13.5553 -10.07 -8.436501 
