-4.759 
n/a 
n/a 
n/a 
n/a 
-4.759 
n/a 
n/a 
n/a 
n/a 
-4.759 
n/a 
n/a 
n/a 
n/a 
-4.759 
n/a 
n/a 
n/a 
n/a 
-2.871 -2.186 -4.129 -1.756 -3.228 -2.186 -4.4595 -4.0145 -3.074 0 -4.191 0 -4.674 0 -4.6945 0 -2.3335 -2.186 -2.674 -4.2775 -4.761 0 
-4.751 -5.7485 -6.0335 -5.3125 -6.4995 -6.92 -8.234501 -7.1095 -3.074 -4.191 -4.191 -4.674 -4.674 -4.6945 -4.6945 -2.3335 -3.7085 -6.491 -6.436 -8.4165 -4.761 
-8.274 -7.894501 -10.1345 -7.995501 -11.5405 -10.7495 -11.5527 -7.1095 -7.9635 -4.191 -7.9855 -4.674 -5.999001 -4.6945 -7.554501 -3.7085 -7.531001 -10.204 -10.0345 -8.4165 
-10.4945 -12.1243 -12.8175 -13.1911 -15.37 -14.0677 -11.5527 -12.4216 -7.9635 -7.9855 -7.9855 -5.999001 -5.999001 -7.554501 -8.583501 -7.531001 -11.3496 -13.8025 -10.0345 
-14.7243 -14.8073 -18.0131 -17.0206 -18.6882 -14.0677 -16.8648 -12.4216 -11.8668 -7.9855 -8.592 -5.999001 -8.701 -8.583501 -12.6648 -11.3496 -14.9481 -13.8025 
-2.6165 -3.4765 -4.321 -2.4945 -3.961 -2.0935 -3.264 -4.129 -2.5195 -2.1715 -2.872 -3.074 -2.0935 -4.674 0 -4.6945 -3.074 -2.925 -2.674 -5.707 -3.4265 
-4.9455 -8.247001 -6.1515 -5.0485 -4.809 -6.276 -7.0905 -5.397 -4.909 -5.79 -4.5415 -5.4025 -7.915 -4.674 -4.6945 -8.777 -6.184 -4.1785 -7.7325 -9.2465 
-9.9305 -10.459 -8.543 -5.925 -9.6295 -10.9755 -7.925 -6.7965 -8.729 -7.661 -5.9015 -11.5034 -7.915 -5.999001 -8.777 -10.7605 -7.213 -9.06 -11.5034 
-12.2345 -12.8505 -9.427 -11.0463 -14.7418 -11.81 -8.632501 -9.75 -10.688 -9.061501 -12.2876 -11.5034 -9.669001 -10.0095 -10.7605 -11.7895 -12.2123 -12.8931 
-14.626 -13.7345 -14.6489 -16.1586 -15.5763 -12.5175 -11.9022 -11.9168 -12.0885 -15.56 -12.2876 -13.2574 -13.9073 -11.993 -11.7895 -16.7888 -16.0454 

n/a 
n/a 
n/a 
n/a 
-14.2565 -3.074 
-16.3715 
n/a 
n/a 
n/a 
