-4.759 
n/a 
n/a 
n/a 
n/a 
-4.759 
n/a 
n/a 
n/a 
n/a 
-4.759 
n/a 
n/a 
n/a 
n/a 
-4.759 
n/a 
n/a 
n/a 
n/a 
-3.4975 -2.229 -3.2895 -1.7695 -4.008 -1.934 -2.9995 -3.355 -1.7565 -2.4265 -2.7835 -2.925 -2.674 -3.5435 -4.6515 -4.7505 -1.756 -3.0365 -2.4945 -3.074 -3.564 -3.1335 -4.5675 0 
-6.219 -5.268 -4.985001 -4.6125 -4.890501 -4.2175 -5.2965 -3.725 -4.305 -4.934 -4.2715 -4.1785 -7.2025 -8.113501 -9.4515 -5.869 -4.484 -3.688 -4.4205 -7.26 -5.803 -6.973001 -4.5675 
-8.814 -6.665 -8.599001 -5.3885 -7.7805 -6.4455 -5.431 -5.580501 -6.347 -6.371 -5.4805 -8.751 -12.2173 -13.0457 -10.7585 -8.686501 -5.1685 -5.288 -8.087 -9.665001 -8.352501 -6.973001 
-9.566 -10.354 -8.967501 -8.360001 -10.0505 -6.526501 -6.6805 -7.549001 -7.7485 -7.759 -9.989 -13.9172 -17.1495 -14.3527 -13.576 -9.374001 -6.897 -8.440001 -10.7572 -12.3715 -8.352501 
-13.3666 -10.7605 -12.4976 -10.6875 -10.1085 -8.635 -8.188001 -9.194501 -9.249001 -12.4627 -15.1552 -18.8494 -18.4565 -17.1702 -14.2635 -11.2099 -10.218 -11.3834 -13.4637 -12.3715 
-3.676 -4.969 -1.756 -3.1335 -1.7565 -4.969 -4.494 -3.5435 -4.132 
-9.036501 -5.877501 -4.8505 -5.0585 -6.0395 -10.0855 -6.883501 -7.7465 
-9.9335 -8.3275 -6.5965 -9.8485 -11.6546 -12.898 -12.8365 
-12.5147 -10.5921 -11.8723 -15.6496 -14.4671 -18.851 
-14.7793 -15.8679 -17.6734 -18.4621 -20.4201 
-4.6555 -4.1535 -2.9825 -1.7565 -3.676 -2.229 -4.969 -1.756 -4.493 -3.09 
-8.689501 -7.2465 -4.927 -4.4345 -4.593 -6.2895 -5.877501 -5.857 -6.3445 
-12.0943 -9.5 -8.453 -5.472 -9.79 -6.71 -6.324 -6.600501 
-14.3478 -13.2274 -8.4755 -11.0226 -10.3335 -6.804 -6.639 
-18.0752 -13.2499 -14.7451 -11.5661 -10.4275 -6.898 
-3.676 -2.229 -4.493 -1.756 -3.09 -5.1255 -4.2115 0 
-4.593 -6.078 -5.6235 -4.362 -7.743001 -9.739 -4.2115 
-8.06 -6.884501 -10.0605 -9.694501 -13.3591 -9.739 
-10.054 -12.4507 -15.393 -15.4046 -13.3591 
-15.6496 -17.7832 -21.1031 -15.4046 
