-4.759 
n/a 
n/a 
n/a 
n/a 
-4.759 
n/a 
n/a 
n/a 
n/a 
-4.759 
n/a 
n/a 
n/a 
n/a 
-4.759 
n/a 
n/a 
n/a 
n/a 
-1.934 -2.3615 -3.158 -4.938 -2.802 -3.0015 0 
-3.539 -4.2655 -7.4545 -8.0315 -4.964 -3.0015 
-5.9105 -9.657001 -10.8684 -10.504 -4.964 
-9.795501 -13.5843 -13.3409 -10.504 
-14.4456 -16.0568 -13.3409 
-3.1435 -4.938 0 -4.6945 -4.4595 -4.674 -1.756 -5.0605 -3.2495 0 -3.158 
-9.0245 -4.938 -4.6945 -6.951501 -6.503 -5.601501 -6.3755 -6.503 -3.2495 -3.158 
-9.0245 -9.973001 -6.951501 -7.020501 -7.063001 -6.7615 -7.7385 -6.503 -5.246 
-14.2829 -13.401 -7.020501 -7.3065 -8.3225 -8.002501 -7.7385 -8.2015 
-17.7109 -13.47 -7.3065 -8.512001 -9.545001 -8.002501 -10.3345 
-1.934 -1.4985 -3.158 -4.938 
-2.6125 -4.178 -7.4545 
-5.265 -7.771 
-8.93 
n/a 
-2.4265 -4.938 -3.158 -5.8035 
-8.3255 -8.639 -8.684501 
-12.2595 -15.0314 
-18.6519 
n/a 
