-4.759 
n/a 
n/a 
n/a 
n/a 
-4.759 
n/a 
n/a 
n/a 
n/a 
-4.759 
n/a 
n/a 
n/a 
n/a 
-4.759 
n/a 
n/a 
n/a 
n/a 
-2.7295 -2.674 -1.7695 -3.423 -4.792 -5.0915 -2.5045 0 -4.8625 0 -4.0435 -1.4985 -3.59 
-3.8 -3.787 -4.648 -8.0535 -9.795501 -7.6905 -2.5045 -4.8625 -4.8625 -4.0435 -4.6045 -4.268 
-4.963 -6.822 -8.7925 -13.7268 -10.7205 -7.6905 -7.415 -4.8625 -8.848001 -4.6045 -6.6615 
-7.5255 -9.73 -14.7178 -14.6518 -10.7205 -13.079 -7.415 -8.848001 -9.5105 -6.6615 
-9.915001 -15.6137 -15.6428 -14.6518 -16.109 -13.079 -11.8283 -9.5105 -10.69 
-3.034 -2.3585 -3.9355 -1.4985 -3.59 -12.16972 -2.489 -4.6085 -1.7695 -3.6785 -2.5045 0 -4.1865 0 
-3.972 -5.507 -4.938 -4.268 -16.89832 -14.65872 -5.7505 -5.0895 -4.268 -6.1945 -2.5045 -4.1865 -4.1865 
-6.266 -6.1495 -6.544 -17.91272 -19.38732 -17.92022 -6.6225 -6.4945 -6.685 -6.1945 -7.041 -4.1865 
-6.931 -8.123501 -20.54792 -20.40172 -22.64882 -18.79222 -8.259501 -9.369 -6.685 -11.2774 -7.041 
-8.752001 -22.32602 -23.03692 -23.66322 -23.52082 -20.42922 -11.1984 -9.369 -11.9345 -11.2774 
-2.7835 -2.7295 -4.101 -1.7695 -4.051 -3.959 -3.757 -2.7295 -2.674 -1.7695 -3.5395 -2.5045 0 -4.1865 0 -2.5045 -3.383 -4.6085 0 
-4.405 -5.341 -4.6905 -5.7285 -5.893 -7.962 -5.788 -3.8 -3.787 -4.7845 -6.4025 -2.5045 -4.1865 -4.1865 -2.5045 -6.1685 -5.803 -4.6085 
-7.244501 -5.796 -8.573001 -6.847 -9.920001 -9.657001 -6.719501 -4.963 -6.3605 -7.6025 -6.4025 -7.041 -4.1865 -7.5125 -6.1685 -9.676001 -5.803 
-7.858001 -10.6735 -9.623501 -10.4945 -11.4934 -10.6365 -7.161 -7.677001 -9.3555 -7.6025 -11.456 -7.041 -7.5125 -11.6215 -9.676001 -9.676001 
-12.9353 -11.724 -13.3908 -12.0679 -12.4729 -11.078 -10.0245 -10.9442 -9.3555 -13.0462 -11.456 -9.131001 -11.6215 -15.129 -9.676001 
-2.871 -3.2645 -2.489 -4.6085 -1.7695 -3.5395 -4.33 -2.664 0 -4.1865 0 -3.034 -2.9805 -5.083 -3.8515 -2.5195 -3.091 -3.59 0 
-5.529 -3.7195 -5.7505 -5.0895 -4.7845 -7.0985 -6.6815 -2.664 -4.1865 -4.1865 -3.034 -4.4605 -6.714001 -8.2635 -4.4615 -4.8225 -5.8 -3.59 
-6.2655 -6.669 -6.6225 -7.0135 -7.4685 -8.165501 -6.6815 -5.778 -4.1865 -8.228001 -4.4605 -7.826 -9.676001 -8.317 -6.355 -7.691501 -5.8 
-8.9055 -7.671 -7.7885 -9.014 -8.582001 -8.165501 -9.330001 -5.778 -8.228001 -9.110001 -7.826 -10.495 -9.757501 -10.0995 -9.130501 -7.691501 
-9.755501 -9.3275 -10.434 -9.913 -8.582001 -10.6875 -9.330001 -8.932501 -9.110001 -12.5795 -10.495 -10.591 -11.4954 -12.875 -9.130501 
