-4.759 
n/a 
n/a 
n/a 
n/a 
-4.759 
n/a 
n/a 
n/a 
n/a 
-4.759 
n/a 
n/a 
n/a 
n/a 
-4.759 
n/a 
n/a 
n/a 
n/a 
-5.5785 -3.918 -1.4985 -4.1865 -3.4075 -4.203 -1.756 -5.037 -1.934 -1.4985 -4.248 -4.866 0 
-9.438001 -5.135 -5.177 -6.714 -6.197001 -5.5325 -6.375 -5.1315 -2.6125 -5.2845 -7.309 -4.866 
-9.962501 -8.342501 -7.226 -7.1085 -7.672501 -9.563001 -6.432001 -5.5325 -6.979001 -7.857501 -7.309 
-13.17 -9.227501 -7.629 -8.498 -10.733 -9.59 -6.89 -9.026501 -8.5165 -7.857501 
-14.055 -9.341001 -8.628 -11.5989 -10.776 -10.0605 -10.4255 -9.663501 -8.5165 
-2.9805 -3.918 -1.934 -4.1865 -3.4075 -4.203 -1.756 -4.077 -5.867 -1.934 -1.4985 -4.248 -4.866 0 
-5.773 -6.013 -5.967 -6.714 -6.197001 -5.5325 -6.1935 -10.186 -7.3935 -2.6125 -5.2845 -7.309 -4.866 
-7.337 -10.7325 -8.724 -7.1085 -7.672501 -10.3745 -12.5303 -11.7125 -7.961 -6.979001 -7.857501 -7.309 
-12.5307 -13.4895 -9.828 -8.498 -12.6835 -16.8091 -14.0568 -12.28 -12.5335 -8.5165 -7.857501 
-15.2877 -14.5935 -11.4129 -13.5494 -19.1181 -18.3356 -14.6243 -16.8525 -14.071 -8.5165 
-5.5785 -3.918 -1.4985 -3.4075 -4.203 -1.756 -5.192 -2.0935 -4.248 -4.866 -3.7015 -7.746 
-9.438001 -5.135 -4.118 -6.197001 -5.5325 -6.48 -6.165501 -5.816 -7.309 -6.1515 -10.1 
-9.962501 -7.373 -7.0205 -7.672501 -10.031 -7.360001 -7.884501 -9.750501 -9.2185 -13.2442 
-12.2005 -10.3605 -8.5255 -12.34 -10.7075 -9.183001 -12.2574 -11.724 -16.7492 
-15.188 -12.0535 -13.246 -13.0165 -12.5305 -13.7057 -14.2309 -19.2547 
-5.5785 -3.918 -4.1865 -3.4075 -4.203 -4.2995 -1.756 -5.037 -1.934 -1.4985 -5.3745 -4.866 -3.7015 -4.065 -3.5435 
-9.438001 -8.9205 -6.714 -6.197001 -8.3335 -5.518 -6.375 -5.1315 -2.6125 -6.2355 -7.3075 -6.1515 -7.2475 -6.1265 
-14.6639 -10.204 -7.1085 -9.956 -9.436501 -9.3985 -6.432001 -5.5325 -7.477 -7.6845 -8.841001 -8.661 -9.4515 
-15.9474 -10.3365 -10.3475 -11.059 -13.4372 -9.42 -6.89 -8.764501 -8.4645 -9.351 -10.634 -11.6148 
-16.0799 -13.5755 -11.4505 -15.0597 -13.4587 -9.778 -9.685 -9.894 -10.0005 -11.3386 -13.5878 
