-4.759 
n/a 
n/a 
n/a 
n/a 
-4.759 
n/a 
n/a 
n/a 
n/a 
-4.759 
n/a 
n/a 
n/a 
n/a 
-4.759 
n/a 
n/a 
n/a 
n/a 
-18.7975 -9.345 -2.264 -4.5235 0 
-29.8725 -9.793501 -7.079 -4.5235 
-26.64 -14.45 -7.079 
-31.7272 -14.7488 
-31.7272 
-4.98 -3.2895 
-10.862 
n/a 
n/a 
n/a 
-5.943 -4.5235 -3.9005 
-10.841 -8.153001 
-14.4705 
n/a 
n/a 
-18.7975 -4.5485 0 -4.445 -2.229 -3.9005 0 
-21.2873 -4.5485 -4.445 -7.98 -6.0655 -3.9005 
-17.7543 -9.269501 -7.98 -12.1945 -6.0655 
-23.0223 -13.2351 -12.1945 -12.1945 
-26.9879 -17.4496 -12.1945 
