-4.759 
n/a 
n/a 
n/a 
n/a 
-4.759 
n/a 
n/a 
n/a 
n/a 
-4.759 
n/a 
n/a 
n/a 
n/a 
-4.759 
n/a 
n/a 
n/a 
n/a 
-8.1485 -3.0695 -3.152 -5.0305 -1.934 -7.31 -1.756 -4.348 -3.5725 -3.4635 -2.985 -5.1845 -3.6885 -1.756 -5.1845 -3.9675 
-10.022 -4.8015 -6.911 -5.755001 -8.950001 -9.216001 -6.1805 -8.511 -7.316501 -6.211 -8.887501 -7.323501 -5.041 -7.0085 -8.286 
-11.754 -8.418501 -7.5855 -13.356 -9.892501 -10.3895 -9.517 -12.4558 -9.147 -12.7271 -10.404 -8.563001 -9.6235 -9.7305 
-15.371 -8.590501 -15.4469 -14.2985 -11.066 -13.726 -13.6074 -14.2863 -15.8505 -14.2436 -11.6435 -9.92 -10.636 
-15.543 -16.8133 -16.3894 -15.472 -14.4025 -17.8164 -15.4379 -20.9898 -17.367 -15.4831 -13.0005 -10.6775 
-6.4735 -5.7565 -1.7695 -4.5065 0 -4.348 -3.959 -3.5725 -4.3455 -2.985 -3.6885 -1.756 -3.9675 -2.9705 -2.186 -1.7695 -2.489 -4.4155 0 
-10.27 -6.202 -6.651501 -4.5065 -4.348 -9.004 -7.158 -6.668 -5.871 -6.238501 -5.041 -4.942 -6.533501 -3.89 -3.8745 -3.1405 -6.0695 -4.4155 
-10.477 -9.7095 -6.651501 -6.4415 -9.004 -12.4748 -9.281 -7.946001 -8.901 -7.096 -6.1885 -7.642 -7.258501 -5.732 -4.7485 -6.732501 -6.0695 
-13.9845 -9.7095 -8.530001 -10.647 -12.4748 -14.5978 -10.587 -10.586 -9.365001 -7.9525 -8.682 -8.487 -9.182501 -6.251 -8.35 -6.732501 
-13.9845 -11.7616 -13.1245 -14.1178 -14.5978 -15.9038 -13.227 -11.05 -9.700001 -10.2325 -9.575001 -10.31 -9.969501 -10.064 -8.35 
-4.5065 -1.756 -4.348 -6.38 -4.9225 -2.4945 -3.5725 -3.4635 -4.1865 -3.9675 
-6.254 -6.1805 -11.7992 -12.4211 -6.9525 -4.6825 -7.316501 -8.387501 -6.6535 
-7.164001 -14.2795 -17.8403 -14.4511 -8.89 -8.1075 -12.9733 -11.0525 
-15.4444 -20.3206 -19.8703 -16.3886 -12.3844 -13.9713 -15.6383 
-21.4855 -22.3506 -21.8078 -19.883 -18.2482 -16.6363 
-1.4985 -3.909 -2.3335 -8.27 -3.0695 -3.511 -1.934 -4.5065 0 -4.348 -1.756 -2.8965 -4.39 -5.3805 -1.7695 -4.4615 -2.985 -4.121 -5.0485 -1.756 -3.4635 -2.985 -4.77 -2.186 -4.076 0 
-4.339 -4.3805 -10.147 -9.8105 -5.514501 -4.582 -5.764 -4.5065 -4.348 -6.0835 -3.751 -5.949 -9.3605 -5.4275 -6.807001 -7.2035 -6.031 -6.243001 -6.1755 -5.7385 -6.211 -7.2665 -6.498501 -5.795 -4.076 
-4.4215 -12.4626 -11.7971 -12.4491 -5.868001 -7.8245 -5.764 -6.4415 -6.0835 -7.9405 -6.8985 -10.451 -9.404501 -11.5746 -9.382501 -9.1875 -7.172501 -7.491001 -10.459 -7.745501 -9.647 -8.889001 -10.064 -5.795 
-12.5178 -14.1127 -14.4357 -12.8026 -9.747001 -7.8245 -7.924 -7.553 -7.9405 -9.8085 -11.5209 -10.6005 -15.545 -14.1501 -10.661 -9.259501 -8.1055 -12.2947 -12.466 -10.621 -11.3567 -12.5157 -10.064 
-14.1679 -16.7513 -14.7892 -16.6816 -9.747001 -10.3605 -8.408 -9.217 -9.8085 -14.4899 -11.6704 -16.741 -18.1205 -15.4286 -10.697 -10.2055 -13.1052 -14.3017 -15.3415 -12.3307 -14.9834 -12.5157 
