-4.759 
n/a 
n/a 
n/a 
n/a 
-4.759 
n/a 
n/a 
n/a 
n/a 
-4.759 
n/a 
n/a 
n/a 
n/a 
-4.759 
n/a 
n/a 
n/a 
n/a 
-2.985 -3.9675 -1.756 -3.3435 -3.6835 -5.4015 -2.5195 -2.8965 -5.2135 
-6.269 -4.9775 -5.1365 -5.2295 -8.4895 -5.6195 -4.786 -6.9115 
-6.8925 -7.598001 -7.1945 -10.749 -8.749001 -6.986 -8.139 
-9.4385 -8.717 -13.3844 -11.0085 -10.2925 -10.44 
-10.156 -15.1929 -13.6439 -12.552 -13.7465 
-3.0365 -3.9675 0 -3.3435 -3.6835 -3.1435 -3.6065 
-8.318501 -3.9675 -3.3435 -5.2295 -7.442 -6.7105 
-8.318501 -6.646501 -5.2295 -9.3555 -9.935501 
-11.3251 -8.902 -9.3555 -11.8956 
-13.5806 -13.1914 -11.8956 
-2.985 -4.77 0 -3.3755 -1.7565 -3.8245 -2.186 -4.5925 -3.6065 -2.5195 -2.8965 -5.2135 0 
-7.2665 -4.77 -3.3755 -4.5295 -5.058 -6.206 -5.63 -5.982 -4.897 -4.786 -6.9115 -5.2135 
-7.2665 -8.969001 -4.5295 -6.6045 -6.66 -9.458 -6.982501 -7.05 -6.279 -8.139 -6.9115 
-11.8259 -9.486501 -6.6045 -8.2285 -10.199 -10.505 -7.511001 -8.735001 -10.126 -8.139 
-12.3434 -11.7263 -8.2285 -12.0769 -10.725 -11.0335 -9.1715 -12.6748 -10.126 
-2.985 -3.9675 -1.756 -3.3435 -3.6835 -3.152 -4.721 -3.6065 -2.5195 -4.1205 -4.938 -3.1385 0 
-6.269 -4.9775 -5.1365 -5.2295 -7.5235 -6.849 -6.004 -4.897 -6.3605 -8.318001 -7.191 -3.1385 
-6.8925 -7.598001 -7.1945 -9.2555 -11.4755 -8.332001 -7.214 -9.0645 -10.451 -11.1338 -7.191 
-9.4385 -8.717 -9.7465 -13.2901 -12.9585 -8.9475 -11.5947 -13.318 -13.2668 -11.1338 
-10.156 -11.555 -13.8589 -14.7731 -13.574 -13.6306 -15.8482 -16.1338 -13.2668 
