-4.759 
n/a 
n/a 
n/a 
n/a 
-4.759 
n/a 
n/a 
n/a 
n/a 
-4.759 
n/a 
n/a 
n/a 
n/a 
-4.759 
n/a 
n/a 
n/a 
n/a 
-8.004001 -1.756 -12.224 -2.4945 -1.4985 -4.4695 -3.3195 -5.3705 -1.934 -5.1845 -3.8195 -3.655 0 
-9.885 -11.7675 -13.7315 -3.9315 -5.252501 -7.267 -6.8135 -6.953 -6.564 -6.896501 -5.969501 -3.655 
-17.8275 -15.3719 -14.5764 -7.623 -8.184 -9.816501 -8.6735 -12.3456 -8.638 -8.322001 -5.969501 
-19.723 -17.2265 -18.4065 -10.7411 -11.3223 -11.8587 -14.0821 -14.4196 -8.838 -8.322001 
-21.16 -20.918 -21.5246 -13.8794 -13.3645 -17.2673 -16.1561 -14.6196 -8.838 
-7.4445 -1.756 -10.614 -2.4945 -3.7375 -4.4695 -4.909 -1.934 -1.4985 -5.1845 -4.3225 0 
-9.461 -9.9925 -11.3355 -5.764501 -7.135 -7.4815 -6.275001 -2.6125 -6.5205 -7.6455 -4.3225 
-15.855 -12.107 -13.3879 -9.859 -10.19 -8.8755 -6.818 -7.672 -9.803 -7.6455 
-15.6875 -15.4574 -17.4704 -12.914 -11.6712 -9.414001 -12.6113 -10.4855 -9.803 
-15.8369 -18.0419 -20.5254 -14.3952 -12.2097 -15.4157 -15.4248 -10.4855 
-4.8835 -5.7305 0 -12.16972 0 -2.4945 -1.4985 -4.4695 -3.3195 -3.819 -1.934 -4.1865 -3.8195 -3.655 0 
-8.217 -5.7305 -12.16972 -12.16972 -2.4945 -3.9315 -5.252501 -7.267 -6.1505 -5.8935 -5.967 -6.8305 -5.969501 -3.655 
-6.7105 -18.60022 -12.16972 -14.66422 -3.9315 -7.623 -8.184 -9.3385 -7.943501 -10.0815 -8.6265 -7.6595 -5.969501 
-20.31182 -18.60022 -14.66422 -16.10122 -7.623 -10.7411 -9.9525 -10.675 -12.4279 -12.8978 -9.118 -7.6595 
-20.31182 -21.09472 -16.10122 -19.79272 -10.7411 -12.5096 -11.289 -15.1594 -15.2442 -13.3893 -9.118 
-8.382501 -1.756 -11.4155 -2.4945 -4.4695 -4.909 -1.934 -5.1845 -4.3225 0 
-10.068 -11.1805 -12.228 -6.5845 -7.4815 -6.275001 -6.564 -7.6455 -4.3225 
-18.443 -13.3302 -15.4799 -9.852501 -8.8755 -11.4744 -8.929 -7.6455 
-21.1511 -17.2213 -18.7663 -11.2973 -14.3303 -13.8394 -8.929 
-25.7841 -20.7401 -20.2111 -16.7521 -16.6953 -13.8394 
