-4.759 
n/a 
n/a 
n/a 
n/a 
-4.759 
n/a 
n/a 
n/a 
n/a 
-4.759 
n/a 
n/a 
n/a 
n/a 
-4.759 
n/a 
n/a 
n/a 
n/a 
-4.285 -3.85 -3.9725 -2.7415 -1.4985 -4.2245 -1.7565 -3.59 0 
-10.147 -9.653001 -6.3315 -4.063 -5.2345 -5.277 -5.59 -3.59 
-16.3962 -12.1638 -7.669001 -6.907001 -5.753 -9.2425 -5.59 
-18.907 -13.5013 -9.84 -7.0775 -9.5165 -9.2425 
-20.2445 -15.6723 -9.9785 -11.002 -9.5165 
-5.876 -2.8645 -1.4985 -3.401 -1.7695 -4.1 0 -2.9805 -2.186 -1.4985 -4.2245 
-8.060501 -4.3545 -3.9525 -4.275 -5.4985 -4.1 -2.9805 -4.1635 -3.339 -5.2345 
-10.0065 -5.597 -4.539001 -7.474 -5.4985 -7.068501 -4.1635 -5.312 -6.2205 
-11.249 -5.7075 -7.894001 -7.474 -8.545 -8.228001 -5.312 -7.622001 
-11.3595 -8.651 -7.894001 -9.732 -9.651501 -8.938001 -7.622001 
-3.5435 -3.2895 0 -2.9805 -3.7905 -1.4985 -4.2245 
-7.047 -3.2895 -2.9805 -7.118001 -4.969 -5.2345 
-7.047 -6.773001 -7.118001 -8.007001 -7.2815 
-11.9995 -11.3907 -8.007001 -9.863001 
-16.6172 -12.2797 -9.863001 
-1.4985 -5.228 -3.0695 -2.674 -1.4985 -3.519 -1.7695 -4.1 -2.186 -1.4985 -4.2245 -1.7565 -1.4985 -3.59 0 
-5.679501 -7.3265 -4.343 -3.998 -4.426001 -4.761 -5.4985 -5.632501 -3.339 -5.2345 -5.277 -2.4195 -4.268 -3.59 
-7.7275 -10.443 -5.978001 -5.808 -5.072001 -7.798 -8.370501 -7.02 -6.2205 -5.753 -5.484 -5.009 -4.268 
-10.9698 -12.078 -7.515 -5.9725 -8.107 -9.852 -9.602501 -10.1409 -6.864 -5.9345 -7.844 -5.009 
-12.6048 -13.615 -7.633 -8.764501 -10.057 -11.149 -12.8266 -10.7844 -7.099 -8.250501 -7.844 
