-4.759 
n/a 
n/a 
n/a 
n/a 
-4.759 
n/a 
n/a 
n/a 
n/a 
-4.759 
n/a 
n/a 
n/a 
n/a 
-4.759 
n/a 
n/a 
n/a 
n/a 
-2.872 0 -1.934 -3.691 0 -4.2655 -3.4405 -2.6165 -3.6675 -1.8085 -3.8175 -3.9825 0 
-2.872 -1.934 -4.8225 -3.691 -4.2655 -7.2935 -3.7415 -5.66 -4.9975 -4.55 -5.9455 -3.9825 
-4.659 -4.8225 -4.8225 -8.649501 -7.2935 -7.5445 -6.6125 -6.9545 -6.4025 -6.002501 -5.9455 
-8.035501 -4.8225 -9.272 -11.9877 -7.5445 -9.298 -7.492001 -7.988501 -6.457 -6.002501 
-8.035501 -9.272 -13.1126 -12.2387 -9.298 -9.4235 -8.401501 -8.0275 -6.457 
-2.872 0 -4.2655 -3.4405 -2.6165 -3.0465 -4.4525 -1.934 -3.3785 -3.3435 -1.934 -3.691 0 
-2.872 -4.2655 -7.2935 -3.7415 -5.122 -9.403 -5.908501 -4.5895 -6.7795 -4.8115 -4.8225 -3.691 
-7.646501 -7.2935 -7.5445 -6.139 -12.0991 -10.514 -8.824501 -8.0655 -8.538 -7.3915 -4.8225 
-9.288501 -7.5445 -9.915 -13.3775 -13.2101 -13.43 -12.4345 -9.266001 -11.5152 -7.3915 
-9.549001 -9.915 -17.3587 -14.4885 -16.1261 -17.04 -13.635 -12.4594 -11.5152 
-1.934 -3.691 -3.0365 -2.186 -2.6165 -3.4915 -1.7565 -3.699 -1.7695 -1.4985 -4.2655 -3.681 0 
-4.8225 -6.831 -3.66 -3.5105 -5.27 -4.605 -5.662 -4.585 -2.7955 -5.9775 -8.630501 -3.681 
-7.255001 -7.415 -5.4545 -6.1255 -6.2375 -9.876 -8.366501 -5.838 -7.304501 -10.3815 -8.630501 
-7.7735 -9.3505 -6.4135 -7.1125 -12.1789 -12.5805 -9.3155 -9.960501 -11.9823 -10.3815 
-9.612 -10.2235 -7.763 -13.1381 -14.8834 -13.5295 -13.5862 -14.6267 -11.9823 
-4.5925 0 -1.934 -3.691 
-4.5925 -1.934 -4.8225 
-6.6495 -4.8225 
-10.1635 
n/a 
