-4.759 
n/a 
n/a 
n/a 
n/a 
-4.759 
n/a 
n/a 
n/a 
n/a 
-4.759 
n/a 
n/a 
n/a 
n/a 
-4.759 
n/a 
n/a 
n/a 
n/a 
-8.686001 -3.986 -4.2215 -1.7695 -7.402 -3.986 -4.0225 -1.756 -12.16972 0 -3.091 -4.235 -2.186 -2.5195 -9.0815 -1.756 -3.332 -4.121 -3.582 -4.0455 0 
-9.876501 -7.797501 -5.594 -9.585501 -8.6785 -8.080001 -6.2325 -14.93432 -12.16972 -3.091 -5.1065 -5.9235 -4.863 -11.136 -11.1415 -4.7095 -5.3765 -8.111501 -6.9355 -4.0455 
-14.063 -9.367001 -14.259 -11.0502 -13.0669 -10.159 -20.30782 -14.93432 -15.26072 -5.1065 -6.838 -7.911 -13.7945 -13.196 -14.095 -6.375 -9.797001 -11.7798 -6.9355 
-15.6325 -18.8942 -15.7237 -15.4386 -15.1459 -24.23432 -20.30782 -18.02532 -17.27622 -6.838 -8.619 -17.1153 -15.8545 -16.1495 -15.7605 -10.6095 -13.5145 -11.7798 
-25.1597 -20.3589 -20.1121 -17.5176 -29.22122 -24.23432 -23.39882 -20.04082 -19.00772 -8.619 -17.9891 -19.1753 -18.808 -17.815 -19.995 -14.327 -13.5145 
-10.738 -6.2235 -3.35 -1.756 -4.6685 -6.482 -3.986 -1.756 -4.6055 -5.0755 -3.1715 -3.582 -3.1385 -1.7695 -4.2705 -1.4985 -3.986 
-16.9615 -10.884 -5.1005 -6.726501 -12.2873 -11.3338 -5.464 -6.226 -10.7495 -9.3025 -7.494 -5.900001 -4.6115 -6.566 -6.3425 -5.286 
-21.622 -12.6345 -9.878501 -14.9621 -17.1391 -12.8118 -10.061 -12.679 -14.9765 -13.7932 -10.2755 -7.594 -10.0445 -8.0965 -10.0475 
-23.3725 -17.4125 -18.2891 -19.8139 -18.6171 -17.4088 -17.1676 -16.906 -19.4672 -16.5747 -12.1091 -13.2998 -11.575 -11.9869 
-28.1505 -25.8231 -23.1409 -21.2919 -23.2141 -24.5154 -21.3946 -21.3967 -22.2487 -18.4083 -17.8149 -14.8303 -15.4654 
-6.0395 -3.986 -2.7415 -4.2215 -1.7695 -9.526 -3.986 -4.0225 -1.7565 -4.6685 -1.756 -4.4025 -9.5895 -1.7565 -5.4385 -3.2875 -7.943 -2.925 -4.2765 -1.934 -12.16972 -5.569 -3.35 
-6.7285 -6.0125 -4.7885 -5.594 -12.2777 -10.2335 -8.080001 -7.3865 -6.208001 -6.287001 -6.2105 -14.6606 -11.5618 -7.279 -8.763 -12.3779 -10.287 -6.124001 -5.6775 -15.11012 -17.73872 -10.051 
-8.637501 -7.1555 -6.463 -16.9512 -12.9852 -14.4771 -12.2292 -12.2276 -7.388 -9.155001 -16.7292 -16.6329 -17.0843 -10.085 -18.3968 -14.7219 -13.486 -7.123 -19.47562 -20.67912 -22.22072 
-9.9455 -9.074 -17.915 -17.6587 -17.2288 -18.6263 -17.0703 -13.4076 -10.621 -21.1591 -18.7015 -22.1554 -19.8903 -19.8172 -20.7408 -17.9209 -14.485 -21.11932 -25.04462 -25.16112 
-11.6546 -21.1146 -18.6225 -21.9023 -21.378 -23.4674 -18.2503 -16.6406 -22.0315 -23.1314 -24.224 -24.9614 -29.6225 -22.1612 -23.9398 -18.9199 -28.48132 -26.68832 -29.52662 
-1.934 -12.16972 -2.229 -4.38 -3.35 -3.0835 -2.95 -2.9805 -4.2765 -4.6685 -2.229 -4.714 -3.986 -4.0225 0 -1.756 -4.288 -4.7315 -3.582 -4.385 -4.4025 -12.16972 -3.152 -3.091 -4.0355 
-15.11012 -14.39872 -6.9 -7.437 -7.1625 -4.3945 -5.2005 -5.915501 -9.7155 -6.371 -7.403 -4.759 -8.080001 -4.0225 -1.756 -6.443 -9.1125 -9.0385 -7.1565 -7.801001 -17.24082 -15.32172 -6.275001 -5.579 
-17.33912 -19.06972 -10.568 -12.3073 -9.0325 -6.422501 -7.719501 -11.8103 -10.1135 -12.3608 -7.4935 -8.981501 -8.080001 -6.2325 -6.443 -10.485 -13.6531 -12.8192 -10.8951 -21.00152 -20.39282 -18.44472 -7.999001 
-22.01012 -22.73772 -15.4383 -14.1773 -11.3851 -8.291 -13.6949 -12.2083 -16.2605 -12.4513 -12.1522 -8.981501 -10.159 -11.8165 -10.485 -15.0256 -17.4338 -16.5578 -24.09562 -24.15352 -23.51582 -20.16872 
-25.67812 -27.60802 -17.3083 -16.5299 -13.2536 -14.3508 -14.0929 -18.3553 -16.351 -17.11 -12.1522 -10.341 -15.743 -15.8585 -15.0256 -18.8063 -21.1724 -29.75832 -27.24762 -27.27652 -25.23982 
