-4.759 
n/a 
n/a 
n/a 
n/a 
-4.759 
n/a 
n/a 
n/a 
n/a 
-4.759 
n/a 
n/a 
n/a 
n/a 
-4.759 
n/a 
n/a 
n/a 
n/a 
-6.686 -12.16972 -2.7415 -4.493 -2.3345 -12.16972 -4.299 -3.9615 -10.7895 -1.934 -6.8835 0 
-19.48312 -14.91122 -5.5985 -5.523 -14.83482 -16.46872 -7.55 -15.5126 -12.7235 -8.045 -6.8835 
-22.22462 -17.76822 -6.3755 -18.95752 -19.13382 -19.71972 -19.5397 -17.4466 -18.8345 -8.045 
-25.08162 -18.54522 -20.21702 -23.25652 -22.38482 -31.70942 -21.4737 -23.5576 -18.8345 
-25.85862 -32.38674 -24.51602 -26.50752 -34.37452 -33.64342 -27.5847 -23.5576 
-10.939 -7.900001 -4.493 -12.16972 -4.299 -1.934 -10.7895 0 
-18.839 -12.767 -17.77612 -16.46872 -5.88 -13.7299 -10.7895 
-23.706 -26.05012 -22.07512 -18.04972 -18.3379 -13.7299 
-36.98912 -30.34912 -23.65612 -30.50762 -18.3379 
-41.28812 -31.93012 -36.11402 -30.50762 
-12.16972 -9.484501 -2.7415 -4.493 -1.934 -6.8835 -12.16972 -1.934 -1.8085 -5.7505 -4.299 0 
-21.65422 -12.3194 -5.5985 -5.1865 -8.045 -19.66542 -14.10372 -3.2685 -6.769 -8.5625 -4.299 
-24.48912 -15.1764 -6.158 -9.8715 -21.25132 -21.59942 -15.43822 -8.384501 -8.984501 -8.5625 
-27.34612 -15.7359 -11.561 -23.20362 -23.18532 -22.93392 -20.55422 -9.812 -8.984501 
-27.90562 -21.1389 -24.89312 -25.13762 -24.51982 -28.04992 -21.98172 -9.812 
-12.16972 -7.900001 -2.7415 -6.2035 -1.934 -1.8085 -3.5015 -3.849 -10.7895 -2.5045 -6.8835 0 
-20.06972 -10.368 -6.6435 -7.001 -3.2685 -4.642 -6.303 -14.7991 -13.294 -10.233 -6.8835 
-22.53772 -14.27 -7.2445 -8.2585 -5.982 -6.456 -17.3719 -17.3036 -21.0225 -10.233 
-26.43972 -14.871 -8.5015 -11.4326 -7.358 -17.5659 -19.8764 -25.0321 -21.0225 
-27.04072 -16.128 -11.8008 -12.8086 -18.4783 -20.0704 -27.6049 -25.0321 
