-4.759 
n/a 
n/a 
n/a 
n/a 
-4.759 
n/a 
n/a 
n/a 
n/a 
-4.759 
n/a 
n/a 
n/a 
n/a 
-4.759 
n/a 
n/a 
n/a 
n/a 
-3.718 -4.7895 -3.881 -3.8195 
-8.355 -8.373 -8.382501 
-12.0763 -13.4607 
-17.164 
n/a 
-3.718 0 -4.1785 -3.251 -3.881 -3.853 
-3.718 -4.1785 -7.654 -6.03 -7.488501 
-8.0365 -7.654 -10.8122 -9.261001 
-11.8458 -10.8122 -14.0432 
-15.004 -14.0432 
-8.507501 -3.951 -4.3225 
-11.693 -8.6835 
-16.9789 
n/a 
n/a 
-7.697001 -3.6675 -3.881 -2.0935 -4.3225 
-11.1105 -7.320001 -5.5525 -6.583 
-12.5095 -8.776501 -9.3105 
-14.2396 -12.8241 
-18.2872 
