-4.759 
n/a 
n/a 
n/a 
n/a 
-4.759 
n/a 
n/a 
n/a 
n/a 
-4.759 
n/a 
n/a 
n/a 
n/a 
-4.759 
n/a 
n/a 
n/a 
n/a 
-3.9225 -1.4985 -3.106 -3.959 0 -2.3615 -2.186 -3.074 -2.871 
-4.463 -5.6485 -6.9125 -3.959 -2.3615 -3.5005 -4.156 -5.798 
-7.766 -8.126 -6.9125 -6.195 -3.5005 -5.675 -6.1775 
-9.673 -8.126 -9.272501 -6.967 -5.675 -7.353 
-9.673 -11.0108 -10.46 -8.776 -7.353 
-2.3615 -2.186 -2.871 -3.9225 -1.4985 -3.106 -5.3285 -4.707 0 
-3.5005 -4.247 -6.554 -4.463 -5.6485 -9.897 -9.766001 -4.707 
-5.2435 -7.502501 -7.095 -7.766 -10.586 -14.3345 -9.766001 
-8.7655 -7.971 -10.126 -12.9625 -15.0235 -14.3345 
-9.237 -10.6595 -15.4431 -17.4 -15.0235 
-2.356 -3.106 -3.6135 -6.369 -3.959 -2.3615 -2.871 -3.6245 0 
-5.9685 -7.1745 -11.3119 -7.745501 -6.195 -4.583 -5.9995 -3.6245 
-10.1 -15.4177 -12.6884 -9.6955 -8.949 -6.845 -5.9995 
-18.3432 -16.7942 -14.6384 -12.7249 -11.6154 -6.845 
-19.7197 -18.7442 -17.6678 -15.3913 -11.6154 
-2.3615 -2.186 -2.871 -3.9225 -1.4985 -3.106 -4.377 -4.39 
-3.5005 -4.247 -6.554 -4.463 -5.6485 -8.841001 -7.525001 
-5.2435 -7.502501 -7.095 -7.766 -10.1855 -12.1068 
-8.7655 -7.971 -10.126 -12.562 -13.8885 
-9.237 -10.6595 -15.0426 -16.265 
