-4.759 
n/a 
n/a 
n/a 
n/a 
-4.759 
n/a 
n/a 
n/a 
n/a 
-4.759 
n/a 
n/a 
n/a 
n/a 
-4.759 
n/a 
n/a 
n/a 
n/a 
-3.2645 -2.489 -3.115 -2.8705 -4.2725 0 -12.16972 
-3.7195 -5.344501 -5.7585 -5.910501 -4.2725 -12.16972 
-6.7205 -8.089001 -9.018001 -5.910501 -17.38382 
-9.5555 -11.5177 -9.018001 -19.61162 
-13.011 -11.5177 -22.89412 
-2.4945 -3.115 -3.2495 -4.2725 -2.0935 -3.8245 -5.164 0 -8.214001 
-5.505 -6.333 -6.8435 -6.3365 -5.878 -6.658 -5.164 -8.214001 
-7.780001 -9.323001 -8.7605 -10.6465 -8.501 -6.658 -14.4054 
-10.2435 -11.332 -13.3441 -13.2695 -8.501 -16.0994 
-12.2525 -15.9156 -15.9671 -13.2695 -18.0856 
-1.4985 -3.2495 -4.2725 -1.7565 -2.5685 -4.221 0 0 -8.214001 
-4.1915 -6.8435 -5.4205 -3.938 -7.6415 -4.221 0 -8.214001 
-7.481501 -8.0655 -7.366 -8.580001 -7.6415 -4.221 -8.214001 
-8.5795 -10.5492 -12.6228 -8.580001 -7.6415 -13.5446 
-11.508 -15.806 -12.6228 -8.580001 -17.2301 
-12.16972 -8.913 -10.6255 0 0 -8.214001 
-21.08272 -20.1873 -10.6255 0 -8.214001 
-32.35702 -20.1873 -10.6255 -8.214001 
-32.35702 -20.1873 -18.8395 
-32.35702 -28.4013 
