-4.759 
n/a 
n/a 
n/a 
n/a 
-4.759 
n/a 
n/a 
n/a 
n/a 
-4.759 
n/a 
n/a 
n/a 
n/a 
-4.759 
n/a 
n/a 
n/a 
n/a 
-3.508 -10.8855 -12.16972 -3.4975 -4.873 -3.7555 -1.8085 -4.9105 -4.5515 0 -3.0015 
-14.208 -23.81672 -15.66722 -6.87 -8.9545 -4.597 -6.136001 -7.6325 -4.5515 -3.0015 
-28.05212 -27.31422 -19.03972 -11.6133 -9.916 -9.49 -8.413501 -7.6325 -8.2165 
-31.54962 -30.68672 -23.78302 -12.5748 -14.809 -10.26 -8.413501 -11.7605 
-34.92212 -35.43002 -24.74452 -17.4678 -15.579 -10.26 -12.7371 
-3.508 -2.341 0 -10.526 -12.16972 0 -7.7775 -3.4975 -4.873 
-5.413 -2.341 -10.526 -22.69572 -12.16972 -7.7775 -11.8668 -6.87 
-5.413 -13.1274 -22.69572 -22.69572 -19.94722 -11.8668 -15.2393 
-17.3628 -25.29712 -22.69572 -30.47322 -24.03652 -15.2393 
-29.53252 -25.29712 -30.47322 -34.56252 -27.40902 
-3.508 -4.255 0 -8.722501 -12.16972 0 -3.4975 -4.873 -3.8935 -5.2655 -4.5515 0 -3.0015 0 
-6.2845 -4.255 -8.722501 -21.72922 -12.16972 -3.4975 -6.87 -8.9065 -8.672501 -5.723 -4.5515 -3.0015 -3.0015 
-6.2845 -13.9585 -21.72922 -21.72922 -15.66722 -6.87 -11.5653 -14.0337 -9.259001 -5.723 -8.2165 -3.0015 
-17.1062 -26.96522 -21.72922 -25.22672 -19.03972 -11.5653 -16.6925 -14.6202 -9.259001 -9.972 -8.2165 
-30.11292 -26.96522 -25.22672 -28.59922 -23.73502 -16.6925 -17.279 -14.6202 -13.9552 -9.972 
-3.508 -2.341 -10.5895 -12.16972 0 -3.4975 -7.119 -2.871 -3.0695 -3.7555 -1.4985 -4.9105 -4.5515 0 -3.002 
-5.413 -13.1909 -22.98242 -12.16972 -3.4975 -10.985 -10.061 -5.059 -5.774 -4.843 -5.934501 -7.6325 -4.5515 -3.002 
-17.4263 -25.58382 -22.98242 -15.66722 -10.985 -13.927 -12.7732 -7.2225 -6.707 -9.56 -8.2185 -7.6325 -8.198 
-29.81922 -25.58382 -26.47992 -23.15472 -13.927 -16.6392 -14.9367 -8.172 -11.754 -9.9575 -8.2185 -11.742 
-29.81922 -29.08132 -33.96742 -26.09672 -16.6392 -18.8027 -15.8862 -13.3222 -12.1515 -9.9575 -12.445 
