-4.759 
n/a 
n/a 
n/a 
n/a 
-4.759 
n/a 
n/a 
n/a 
n/a 
-4.759 
n/a 
n/a 
n/a 
n/a 
-4.759 
n/a 
n/a 
n/a 
n/a 
-1.4985 -6.522 -3.618 -4.06 -1.934 -5.3885 -2.186 -2.871 -3.9225 -1.4985 -3.4075 -5.476 -4.295 0 
-7.832001 -9.5775 -7.170001 -4.483 -6.4035 -7.7415 -4.247 -6.554 -4.463 -4.118 -8.055 -6.919001 -4.295 
-10.31 -13.4229 -7.62 -8.426001 -8.5155 -9.062 -7.502501 -7.095 -7.542 -8.198001 -10.3415 -6.919001 
-14.1554 -13.8729 -11.8468 -10.4185 -9.772 -13.1339 -7.971 -10.4505 -11.9536 -10.6235 -10.3415 
-14.6054 -18.0997 -13.8393 -11.675 -13.9413 -13.6024 -11.5795 -14.8621 -14.3791 -10.6235 
-10.1695 -3.237 -3.618 -2.186 -2.871 -1.7565 -1.4985 -3.2825 -3.4075 -5.476 -4.295 -1.934 -5.3885 0 
-13.9229 -5.080501 -5.4505 -4.247 -3.5385 -2.4195 -3.712 -7.2485 -8.055 -6.919001 -5.938 -6.4035 -5.3885 
-15.7664 -6.982 -7.5425 -4.411 -3.7675 -4.687 -7.6075 -12.4034 -10.3415 -7.820001 -10.3815 -6.4035 
-17.6679 -8.719501 -7.589 -4.5655 -4.982 -8.248501 -12.8508 -14.6899 -11.2425 -13.0871 -10.3815 
-19.4054 -8.771501 -7.8925 -5.5725 -8.711 -13.6658 -15.1373 -15.5909 -16.5096 -13.0871 
-5.3885 -2.229 -10.1695 -3.618 -2.186 -2.871 -1.7565 -1.4985 -3.4075 -5.476 -4.295 
-7.854 -12.9935 -14.3039 -5.4505 -4.247 -3.5385 -2.4195 -4.118 -8.055 -6.919001 
-18.8819 -17.1279 -16.1364 -7.5425 -4.411 -3.7675 -4.851 -8.198001 -10.3415 
-23.0163 -18.9604 -18.2284 -7.589 -4.5655 -7.1405 -9.053501 -10.6235 
-24.8488 -21.0524 -18.2749 -7.8925 -7.836 -11.6 -11.422 
-10.1695 -3.3785 -3.618 -1.934 -5.3885 -2.186 -5.091 -5.476 -10.261 0 
-14.0644 -7.092501 -5.7585 -6.4035 -7.7415 -6.483001 -11.5838 -17.2152 -10.261 
-17.7784 -9.571001 -9.880501 -8.5155 -12.4003 -14.3394 -23.323 -17.2152 
-20.2569 -13.7466 -11.9925 -13.1337 -20.2567 -26.0786 -23.323 
-24.4325 -15.8586 -16.6107 -20.9901 -31.9959 -26.0786 
