-4.759 
n/a 
n/a 
n/a 
n/a 
-4.759 
n/a 
n/a 
n/a 
n/a 
-4.759 
n/a 
n/a 
n/a 
n/a 
-4.759 
n/a 
n/a 
n/a 
n/a 
-2.9805 -2.186 -2.8965 -3.6885 -6.4115 -3.594 -4.824 -2.264 -5.1845 
-4.1635 -6.3505 -6.119 -10.985 -10.7029 -7.5745 -7.7375 -7.422001 
-8.5775 -9.572001 -14.1069 -15.2764 -14.6834 -12.2818 -13.4127 
-11.9784 -17.8377 -18.3983 -19.2569 -19.3907 -17.957 
-20.2441 -22.1291 -22.3788 -23.9642 -25.0659 
-2.9805 -2.8645 -3.4865 -4.245 -1.934 -2.5685 -4.2915 
-4.3245 -6.348001 -8.316 -5.906001 -4.244 -5.9445 
-7.9855 -11.7401 -9.958501 -8.196001 -6.966001 
-13.8364 -13.3826 -12.2467 -9.396001 
-15.4789 -15.6708 -13.4467 
-2.9805 -3.251 -4.894 -3.135 -4.9305 -6.2055 -2.5195 -3.1495 -4.2915 -1.7695 -5.1845 
-4.429 -7.7345 -7.447001 -7.1495 -10.622 -8.501 -5.0805 -6.655 -6.3895 -7.4505 
-8.5865 -9.528501 -12.3483 -13.1948 -12.9175 -11.2672 -8.8015 -8.354 -12.7337 
-10.1855 -14.341 -18.3936 -15.4903 -15.6837 -14.9882 -9.783501 -14.827 
-15.0156 -20.3863 -20.6891 -18.2565 -19.4047 -15.9702 -16.6861 
-2.9805 -4.894 -3.699 -4.15 -1.934 -2.3335 -4.2915 -1.934 -5.1845 0 
-7.400001 -9.331 -7.485001 -6.086 -4.359 -7.583 -5.985 -6.564 -5.1845 
-12.1854 -13.2866 -8.676001 -8.2945 -9.809001 -9.4855 -10.434 -6.564 
-16.141 -14.4776 -11.2417 -14.5557 -11.7115 -14.2133 -10.434 
-17.332 -17.0433 -17.5029 -16.4582 -16.4393 -14.2133 
