-4.759 
n/a 
n/a 
n/a 
n/a 
-4.759 
n/a 
n/a 
n/a 
n/a 
-4.759 
n/a 
n/a 
n/a 
n/a 
-4.759 
n/a 
n/a 
n/a 
n/a 
-3.5455 -1.4985 -5.343 -1.756 -5.674 -4.153 -1.4985 -6.864 -5.2875 -6.561501 
-3.91 -5.8105 -6.9705 -7.2355 -7.0195 -5.544001 -7.8675 -8.533 -10.2135 
-7.855 -7.463 -7.634501 -9.021501 -8.0885 -10.2135 -8.806001 -13.7208 
-9.1475 -8.025001 -9.162001 -10.75 -12.8812 -11.152 -14.1806 
-9.255501 -9.6695 -10.9111 -15.5427 -13.8197 -16.5266 
-10.4605 -4.153 -3.152 -2.985 -4.36 -3.8405 
-12.6899 -6.97 -6.5165 -7.01 -7.8435 
-15.4589 -10.5225 -10.523 -9.646 
-19.109 -14.529 -13.159 
-23.1155 -17.165 
-5.343 -1.756 -5.674 -5.1185 -2.186 -3.849 -4.36 -3.8405 -1.7565 -7.4885 0 
-6.9705 -7.2355 -8.1 -7.3795 -4.8565 -7.399 -7.8435 -4.563 -9.320001 -7.4885 
-7.634501 -8.298 -10.127 -10.061 -8.8555 -9.920501 -8.330501 -13.2877 -9.320001 
-8.3795 -10.316 -12.8085 -14.06 -11.4484 -10.4305 -17.1644 -13.2877 
-10.354 -12.9975 -16.8075 -16.6529 -11.9584 -19.2644 -17.1644 
-2.855 0 -2.846 -4.153 -3.383 -4.36 -2.95 -1.7565 -2.3335 -3.193 0 
-2.855 -2.846 -7.9655 -8.101001 -8.690001 -7.625 -4.3785 -4.314 -5.214 -3.193 
-4.003 -7.9655 -12.2447 -13.7402 -12.1194 -8.4845 -7.249 -6.5965 -5.214 
-9.698501 -12.2447 -17.8839 -17.1696 -12.9789 -11.8816 -9.108 -6.5965 
-14.1691 -17.8839 -21.3133 -18.0291 -16.376 -13.7406 -9.108 
