-4.759 
n/a 
n/a 
n/a 
n/a 
-4.759 
n/a 
n/a 
n/a 
n/a 
-4.759 
n/a 
n/a 
n/a 
n/a 
-4.759 
n/a 
n/a 
n/a 
n/a 
-4.099 -7.853 -3.5865 0 -7.4985 -6.199 -3.5865 -3.8825 -6.3215 -3.8145 0 
-13.0778 -9.264501 -3.5865 -7.4985 -11.0145 -9.2025 -8.1145 -10.66 -8.402 -3.8145 
-14.4893 -9.264501 -10.985 -11.0145 -14.018 -14.2661 -15.2566 -12.7405 -8.402 
-14.4893 -16.9752 -14.501 -14.018 -19.0816 -21.4082 -17.3371 -12.7405 
-22.2 -20.4912 -17.5045 -19.0816 -26.2237 -23.4887 -17.3371 
-4.1485 -2.3335 -7.853 -3.5865 0 -7.4985 -6.3205 -3.5865 -2.4945 -3.074 -4.99 -1.934 -6.3215 
-5.245 -11.046 -9.264501 -3.5865 -7.4985 -9.8465 -9.774501 -6.639 -4.4205 -7.5275 -5.477 -7.453 
-14.5827 -12.4575 -9.264501 -10.985 -9.8465 -9.898001 -12.9606 -8.314501 -8.2445 -8.047001 -10.115 
-15.9942 -12.4575 -16.9752 -13.333 -9.898001 -13.1027 -14.6361 -12.4249 -8.767 -12.7236 
-15.9942 -20.1682 -19.3232 -13.3845 -13.1027 -14.7782 -18.7465 -12.9474 -13.4318 
-4.685 -2.5195 -3.1495 -1.934 -6.3215 -3.4425 -3.0365 -2.4945 -12.16972 -3.5865 -1.756 -7.4985 -6.3205 -3.5865 
-5.093 -5.0805 -5.8215 -7.453 -9.739 -6.1225 -3.688 -16.09242 -15.75622 -5.18 -9.029 -9.8465 -9.774501 
-6.996001 -8.078 -11.8353 -11.3157 -12.523 -6.5475 -18.12332 -19.67892 -17.34972 -13.501 -11.5706 -9.898001 
-9.765501 -14.2792 -15.698 -14.0997 -12.948 -21.15922 -21.70982 -21.27242 -25.67072 -16.0426 -11.6221 
-16.0011 -18.1419 -18.482 -14.5247 -27.55972 -24.74572 -23.30332 -29.59342 -28.21232 -16.0941 
-4.685 -2.5195 -3.45 0 -9.550501 -3.5865 0 -12.16972 -6.3205 -3.5865 -3.074 -4.06 -1.934 -6.3215 -3.8145 0 
-5.093 -5.1315 -3.45 -9.550501 -13.271 -3.5865 -12.16972 -18.49022 -9.774501 -6.8655 -6.4615 -4.483 -7.453 -8.402 -3.8145 
-7.0695 -5.1315 -14.3519 -13.271 -13.271 -16.99162 -18.49022 -21.94422 -13.1871 -9.562 -6.872 -9.726001 -8.894 -8.402 
-7.0695 -16.4498 -18.0724 -13.271 -26.67612 -23.31212 -21.94422 -25.35682 -15.8836 -9.691501 -12.2514 -11.2766 -8.894 
-18.6998 -20.1703 -18.0724 -26.67612 -32.99662 -26.76612 -25.35682 -28.05332 -16.0131 -14.8763 -13.802 -11.2766 
