-4.759 
n/a 
n/a 
n/a 
n/a 
-4.759 
n/a 
n/a 
n/a 
n/a 
-4.759 
n/a 
n/a 
n/a 
n/a 
-4.759 
n/a 
n/a 
n/a 
n/a 
-1.7695 -4.2765 -4.2135 -3.3425 -4.348 -4.9785 -3.918 0 -2.4265 -2.7415 -4.9345 -3.436 -2.4265 -2.7415 -1.7695 -2.489 -4.9385 -2.3345 -4.2135 0 
-4.5005 -9.201 -8.215 -8.620001 -8.793 -6.3655 -3.918 -2.4265 -3.681 -6.129 -7.3295 -4.978 -3.681 -4.604 -3.1405 -6.176001 -5.823501 -6.5465 -4.2135 
-9.429001 -13.2843 -13.7215 -13.5924 -9.376 -6.3655 -6.4545 -3.681 -7.129 -8.38 -8.343 -5.9545 -5.806 -5.526 -6.791 -6.880001 -8.950001 -6.5465 
-13.5123 -18.7908 -18.6939 -14.1754 -9.376 -8.875501 -7.660501 -7.129 -9.5815 -9.235001 -9.449501 -7.9745 -6.541 -9.1355 -7.574 -10.2105 -8.950001 
-19.0188 -23.7632 -19.2769 -14.1754 -11.9356 -9.559501 -10.6465 -9.5815 -9.9875 -9.864 -11.7273 -8.4935 -10.7485 -10.041 -11.0683 -10.2105 
-7.037 -6.3205 -1.934 -3.9175 -1.7565 -2.9805 -4.9345 
-14.1461 -7.674 -4.681 -4.64 -6.1285 -7.18 
-15.4996 -10.8718 -4.7425 -8.842501 -10.1056 
-18.6974 -10.9333 -8.925501 -12.91 
-18.7589 -15.1163 -13.033 
-1.7695 -3.2345 -1.4985 -4.348 -4.9785 -3.918 -1.7695 -2.489 -5.905 -2.0935 -1.4985 -4.2135 0 -2.4265 -2.7415 -4.9345 -3.436 -6.354 0 
-3.713 -4.328 -6.117001 -8.793 -6.3655 -5.8605 -3.1405 -7.250501 -7.056 -2.9725 -5.2425 -4.2135 -2.4265 -3.681 -6.129 -7.3295 -7.931001 -6.354 
-4.717 -9.6815 -9.4825 -9.376 -8.3745 -7.344501 -7.819 -8.1695 -8.1645 -6.745501 -5.2425 -7.2695 -3.681 -7.129 -8.38 -12.3343 -7.931001 
-9.945001 -13.0958 -9.671 -11.4346 -9.828001 -12.3772 -8.894 -9.4785 -12.3787 -6.745501 -8.123 -8.3905 -7.129 -9.5815 -13.7496 -12.3343 
-13.4001 -13.2843 -11.7702 -12.8881 -14.9161 -13.4522 -9.940001 -13.7703 -12.3787 -9.106001 -8.8725 -11.9561 -9.5815 -14.8947 -13.7496 
-1.4985 -4.348 -4.9785 -3.9815 -2.7415 -4.9345 -3.436 -1.4985 -5.3405 -1.7695 -4.034 -3.0415 -2.3335 -2.925 -3.423 -2.6165 -2.9645 -1.4985 -3.486 0 
-6.117001 -8.793 -7.908 -6.8875 -6.129 -7.3295 -4.213 -6.455501 -6.3945 -5.845 -7.203501 -4.132 -4.0295 -4.8335 -4.4935 -4.853 -3.957 -3.5655 -3.486 
-9.4825 -12.4833 -10.2135 -9.702001 -8.38 -7.8815 -8.384 -8.1215 -9.753501 -8.342501 -8.466001 -5.2485 -5.705 -5.8425 -6.8895 -5.566 -5.518001 -3.5655 
-13.6312 -14.7888 -13.028 -11.9046 -8.714001 -12.3471 -9.812 -11.7137 -12.3816 -9.497001 -9.456 -6.4225 -6.5325 -8.0065 -7.476 -7.167 -5.518001 
-15.9367 -17.6033 -15.2306 -12.2386 -13.6022 -13.7751 -13.8616 -14.3418 -13.5361 -10.362 -10.2245 -7.775 -8.565001 -8.58 -8.809 -7.167 
