-4.759 
n/a 
n/a 
n/a 
n/a 
-4.759 
n/a 
n/a 
n/a 
n/a 
-4.759 
n/a 
n/a 
n/a 
n/a 
-4.759 
n/a 
n/a 
n/a 
n/a 
-1.4985 -3.6115 -3.957 -1.7565 -2.3615 -4.153 -3.158 -1.4985 -4.065 -3.5435 -2.7415 -4.0765 0 
-4.081 -5.284 -4.676 -3.523 -6.1475 -7.925501 -4.725 -4.824 -6.1265 -5.902 -5.9285 -4.0765 
-5.3865 -5.624001 -6.342 -6.521 -10.31 -10.4425 -7.852 -6.2165 -7.7935 -9.175 -5.9285 
-5.6635 -6.987501 -7.680501 -10.5525 -12.827 -13.5695 -8.8275 -7.809501 -11.2407 -9.175 
-6.997 -8.267501 -11.7808 -13.0695 -15.954 -14.545 -10.647 -11.2665 -11.2407 
-3.5455 -1.4985 -3.6115 -3.957 -1.7565 -1.4985 -4.602 -4.153 0 -4.065 -5.523 -2.7415 -5.0825 -1.756 -4.3315 -5.8415 0 
-3.91 -4.081 -5.284 -4.676 -2.4195 -5.3995 -5.112 -4.153 -4.065 -8.755 -7.783 -7.226001 -6.763 -5.816 -7.9885 -5.8415 
-5.798 -5.3865 -5.624001 -5.031 -5.785501 -5.5865 -5.112 -6.785001 -8.755 -10.3545 -12.5299 -8.497001 -11.4208 -9.738501 -7.9885 
-6.501501 -5.6635 -5.936501 -6.746 -5.842 -5.5865 -7.642001 -12.1656 -10.3545 -15.1014 -13.8009 -13.4662 -15.3433 -9.738501 
-6.559501 -5.958 -7.231501 -6.7555 -5.842 -8.844501 -13.4222 -13.7651 -15.1014 -16.3724 -18.7701 -17.3887 -15.3433 
-4.065 -5.5195 -2.7415 -5.4905 -1.934 -1.4985 -3.6115 -3.957 -1.7565 -1.4985 -4.602 -4.153 -1.756 -2.7415 -5.8415 -4.196 0 
-8.415001 -8.0385 -7.089001 -7.239501 -2.6125 -4.081 -5.284 -4.676 -2.4195 -5.3995 -5.112 -5.6875 -4.4655 -8.837001 -10.841 -4.196 
-10.1905 -12.5318 -8.584001 -7.797501 -4.958 -5.3865 -5.624001 -5.031 -5.785501 -5.5865 -6.691 -7.329501 -11.1006 -14.0181 -10.841 
-14.6838 -14.0268 -9.243001 -10.4675 -5.6785 -5.6635 -5.936501 -6.746 -5.842 -6.8605 -8.4525 -14.4072 -16.2817 -14.0181 
-16.1788 -14.6858 -11.9502 -11.188 -6 -5.958 -7.231501 -6.7555 -7.1035 -8.602501 -15.6062 -19.5883 -16.2817 
-1.934 -1.4985 -3.6115 -3.957 -1.7565 -1.4985 -4.602 -4.153 0 -4.065 -4.1 -2.7415 -6.2655 -1.756 -4.5925 -5.344 
-2.6125 -4.081 -5.284 -4.676 -2.4195 -5.3995 -5.112 -4.153 -4.065 -6.884 -6.363 -7.165 -7.3275 -6.0365 -7.864 
-4.958 -5.3865 -5.624001 -5.031 -5.785501 -5.5865 -5.112 -6.785001 -6.884 -8.597 -11.3779 -8.0135 -12.146 -9.627001 
-5.6785 -5.6635 -5.936501 -6.746 -5.842 -5.5865 -7.642001 -9.8915 -8.597 -13.7235 -12.2264 -13.0498 -15.7365 
-6 -5.958 -7.231501 -6.7555 -5.842 -8.844501 -11.1481 -10.4145 -13.7235 -14.572 -17.2627 -16.6403 
