-4.759 
n/a 
n/a 
n/a 
n/a 
-4.759 
n/a 
n/a 
n/a 
n/a 
-4.759 
n/a 
n/a 
n/a 
n/a 
-4.759 
n/a 
n/a 
n/a 
n/a 
-3.999 0 -2.688 -3.5855 -4.3225 
-3.999 -2.688 -6.247001 -7.1875 
-6.9715 -6.247001 -10.6284 
-11.3947 -10.6284 
-15.7761 
-3.5855 0 -2.688 -4.2665 -4.837 
-3.5855 -2.688 -6.6265 -8.8755 
-6.3505 -6.6265 -11.9753 
-10.7438 -11.9753 
-16.0926 
-3.845 0 -2.688 -3.914 -3.8015 
-3.845 -2.688 -6.0385 -6.882 
-6.3005 -6.0385 -9.684501 
-10.7175 -9.684501 
-14.3635 
-3.999 0 -2.688 -4.571 
-3.999 -2.688 -7.471 
-6.9715 -7.471 
-12.6187 
n/a 
