-4.759 
n/a 
n/a 
n/a 
n/a 
-4.759 
n/a 
n/a 
n/a 
n/a 
-4.759 
n/a 
n/a 
n/a 
n/a 
-4.759 
n/a 
n/a 
n/a 
n/a 
-4.426 -1.7565 -1.4985 -3.0835 -4.7285 -4.1555 -3.147 0 
-5.47 -2.4195 -3.535 -6.042 -8.4455 -5.77 -3.147 
-5.9535 -4.6785 -6.335501 -9.523001 -9.541501 -5.77 
-8.021 -7.476501 -10.0095 -10.7035 -9.541501 
-9.983001 -11.3061 -11.3 -10.7035 
-3.433 -1.7565 -2.3615 0 -4.347 -1.934 -2.871 -3.7075 -3.193 -2.4285 -1.934 -3.1475 -3.6505 0 -3.995 -6.054 -3.6215 -3.1435 -4.764 -1.756 -4.518 -3.1435 -4.129 -5.3195 -1.7565 -3.7075 0 
-4.1845 -3.523 -2.3615 -4.347 -7.1505 -4.2805 -7.360001 -7.1835 -5.2695 -4.403501 -5.361 -4.59 -3.6505 -3.995 -7.833 -6.107501 -6.421 -6.9065 -6.1025 -6.254 -6.2345 -6.839 -10.586 -7.307001 -5.7275 -3.7075 
-5.5485 -3.523 -7.719 -7.1505 -9.3985 -8.901 -9.915501 -9.451 -7.402 -8.8485 -5.5645 -4.59 -8.453 -7.833 -7.948501 -8.437501 -8.074501 -7.892 -11.3541 -7.737 -9.9925 -13.9814 -12.5735 -12.017 -5.7275 
-5.5485 -8.380501 -10.4185 -9.3985 -14.2964 -11.9531 -12.2478 -11.8329 -10.4505 -9.722 -5.5645 -9.4135 -12.9374 -7.948501 -9.961 -10.0125 -9.0845 -13.3786 -12.8371 -11.8554 -17.5273 -15.9689 -17.2835 -12.017 
-10.074 -11.1656 -12.6665 -14.2964 -17.3485 -14.2854 -14.6297 -14.8814 -10.5885 -9.722 -10.057 -13.7083 -13.0529 -9.961 -10.4465 -10.738 -14.6741 -14.8616 -16.9555 -19.3902 -19.5148 -20.6789 -17.2835 
-3.851 -1.7695 -2.3615 -1.4985 -3.995 -5.25 -1.934 -3.1435 -3.5205 -4.764 0 -6.054 -3.6215 -3.7075 0 -2.9705 -4.0705 -2.264 -3.193 -2.4285 -3.1475 -3.6505 0 -1.756 -3.321 -3.6955 -3.251 -1.7695 -3.1435 -3.5205 -5.3195 
-4.0015 -3.736 -4.913 -4.712 -8.625 -6.966001 -4.335 -4.573 -7.706 -4.764 -6.054 -6.107501 -7.708501 -3.7075 -2.9705 -5.7925 -5.4875 -5.594501 -5.2695 -6.223001 -4.59 -3.6505 -1.756 -4.0055 -6.0755 -4.9205 -3.664 -4.49 -4.573 -9.403 
-6.14 -6.1655 -8.517 -8.743501 -9.998 -9.336 -5.727 -7.824 -7.706 -9.892 -6.107501 -9.462001 -7.708501 -6.874001 -5.7925 -7.826 -9.724501 -8.607 -8.473001 -7.448501 -4.59 -5.0785 -4.0055 -6.5265 -6.4395 -5.5275 -6.154 -6.1435 -9.852 
-7.62 -9.732 -12.8171 -10.107 -12.4204 -10.486 -10.275 -7.824 -10.513 -10.2525 -9.462001 -9.462001 -9.005001 -9.448501 -7.826 -12.5416 -13.0584 -12.1665 -8.967001 -7.448501 -6.384501 -6.812 -6.5265 -6.7465 -7.089 -8.456 -8.351 -11.7655 
-11.2893 -14.2045 -14.1806 -12.5294 -13.5704 -15.034 -10.275 -10.5125 -10.8735 -13.8224 -9.462001 -10.8129 -13.3235 -11.718 -12.5416 -15.8755 -16.6179 -12.6605 -8.967001 -8.8765 -7.7625 -9.1355 -6.7465 -7.4645 -10.553 -10.13 -14.166 
-3.851 -1.7695 -2.3615 -3.8465 0 -1.934 -2.871 -4.365 -3.193 -2.4285 -3.1475 -3.6505 0 -1.4985 -3.995 -5.25 -1.934 -3.1435 -4.764 0 -3.7075 -4.066 -1.7695 -3.1435 -4.129 -5.3195 
-4.0015 -3.736 -5.6075 -3.8465 -1.934 -4.2805 -7.469501 -7.723001 -5.2695 -6.223001 -4.59 -3.6505 -1.4985 -4.712 -8.625 -6.966001 -4.335 -6.9065 -4.764 -3.7075 -6.946 -4.6735 -4.49 -6.839 -10.586 
-6.14 -7.1965 -5.6075 -5.2335 -4.2805 -8.84 -9.4025 -9.646501 -8.473001 -7.448501 -4.59 -5.584 -4.712 -8.743501 -9.998 -9.336 -9.151001 -6.9065 -8.536501 -6.946 -8.790001 -7.3805 -7.828001 -13.9814 
-9.1265 -7.1965 -7.3405 -7.761001 -8.84 -10.316 -11.4424 -13.0156 -8.967001 -7.448501 -6.5195 -8.712501 -8.743501 -10.107 -12.4204 -14.3818 -9.151001 -11.2688 -12.476 -8.790001 -10.7595 -11.0853 -15.3602 
-9.1265 -8.429501 -9.729 -12.6729 -10.316 -12.4801 -14.8115 -13.5096 -8.967001 -9.159 -9.677 -13.3872 -10.107 -12.5294 -17.4662 -14.3818 -13.6385 -15.2083 -14.32 -10.7595 -14.4643 -18.6175 
