-4.759 
n/a 
n/a 
n/a 
n/a 
-4.759 
n/a 
n/a 
n/a 
n/a 
-4.759 
n/a 
n/a 
n/a 
n/a 
-4.759 
n/a 
n/a 
n/a 
n/a 
-4.7175 -4.559 -1.756 -3.9465 -3.2955 -2.3615 0 
-9.233 -5.633 -5.895 -8.056001 -5.544 -2.3615 
-9.619 -6.8895 -9.348501 -10.1425 -5.544 
-10.2725 -10.1225 -11.668 -10.1425 
-13.5055 -12.477 -11.668 
-12.16972 -1.756 -3.9685 -3.2955 -4.4715 
-13.92572 -5.691 -8.089001 -6.9095 
-17.86072 -9.493 -11.8962 
-21.66272 -13.2666 
-25.43632 
-2.3615 -2.7765 -3.2955 -2.3345 -4.065 -1.756 -3.9465 
-4.876 -7.141 -4.534 -6.219 -5.851 -5.895 
-9.085 -8.6335 -8.059 -7.6885 -9.7185 
-10.598 -12.2973 -9.226501 -11.9836 
-14.2618 -13.4648 -13.7756 
-4.559 -1.756 -3.9685 -2.674 -3.2955 -2.3615 -4.4715 
-5.633 -5.691 -7.108 -5.19 -5.544 -7.112 
-9.7795 -8.504001 -9.6635 -6.4795 -9.865 
-12.6519 -11.1807 -10.989 -10.621 
-15.3286 -12.5062 -15.1305 
