-4.759 
n/a 
n/a 
n/a 
n/a 
-4.759 
n/a 
n/a 
n/a 
n/a 
-4.759 
n/a 
n/a 
n/a 
n/a 
-4.759 
n/a 
n/a 
n/a 
n/a 
-5.1215 -1.756 -4.3705 -6.0065 -2.5195 -4.051 -4.39 -4.0555 -3.9485 -5.3885 -4.197 0 
-6.296 -5.5605 -8.799 -8.1125 -6.1055 -6.681 -8.085001 -6.1655 -9.969501 -9.446501 -4.197 
-9.872001 -9.8585 -10.647 -12.0315 -8.206 -10.3815 -10.624 -12.3627 -10.7375 -9.446501 
-14.237 -11.7289 -14.566 -14.132 -12.1723 -12.9205 -16.8212 -13.1307 -10.7375 
-16.1074 -15.6479 -16.6665 -18.0983 -14.7113 -19.1177 -17.5892 -13.1307 
-2.5195 -4.051 -3.959 -3.0435 -3.1385 -1.756 -4.3705 -5.3585 -4.663 -5.3885 -3.815 -9.561001 0 
-6.1055 -5.893 -7.539001 -5.7255 -4.6325 -5.5605 -7.7685 -8.884501 -9.3575 -9.243 -14.0948 -9.561001 
-6.8915 -9.637 -10.054 -6.920001 -8.596001 -8.898001 -11.8485 -14.3056 -13.4186 -19.6248 -14.0948 
-10.543 -12.152 -11.2485 -10.0005 -12.2361 -13.2654 -17.2696 -18.3667 -23.8004 -19.6248 
-13.058 -13.3465 -14.329 -14.3698 -16.6035 -18.6865 -21.3307 -28.7485 -23.8004 
-5.3585 -1.756 -5.9065 -2.5195 -1.4985 -4.051 -3.959 -3.152 -5.3155 -1.934 -5.3885 -4.197 0 
-6.163501 -6.968 -7.7025 -3.1695 -5.263 -5.893 -6.2895 -7.535001 -6.1435 -6.4035 -9.446501 -4.197 
-10.504 -8.502501 -8.337001 -6.9115 -7.66 -8.3995 -11.1255 -8.323501 -9.742001 -10.7883 -9.446501 
-12.0385 -9.229 -12.3742 -9.1235 -10.0375 -13.3099 -11.914 -12.0418 -14.173 -10.7883 
-12.765 -13.36 -14.5862 -11.5038 -14.9479 -14.0984 -15.6323 -16.4728 -14.173 
-5.1215 -1.756 -9.522 -5.679 -2.5195 -4.051 -3.959 -4.7445 -2.5045 -5.3885 -2.3345 -4.1115 0 
-6.296 -10.784 -15.2878 -7.4725 -6.1055 -5.893 -8.665501 -5.43 -7.3385 -8.0495 -6.127501 -4.1115 
-16.0936 -16.5498 -17.0813 -10.634 -6.8915 -10.396 -9.402 -10.057 -9.6555 -10.7575 -6.127501 
-21.8594 -18.3433 -20.2428 -11.42 -10.7025 -11.1325 -14.162 -12.374 -12.3901 -10.7575 
-23.6529 -21.5048 -21.0288 -15.231 -11.439 -15.8925 -16.479 -15.1086 -12.3901 
