-4.759 
n/a 
n/a 
n/a 
n/a 
-4.759 
n/a 
n/a 
n/a 
n/a 
-4.759 
n/a 
n/a 
n/a 
n/a 
-4.759 
n/a 
n/a 
n/a 
n/a 
-2.4265 -2.186 -2.6165 -4.3285 -3.091 -4.3615 -3.433 -2.4265 -2.186 -2.6165 -4.841 -1.756 -6.0075 -2.0935 -3.9195 -3.6175 
-3.292 -3.5105 -5.818 -6.894 -7.3695 -8.144001 -4.4115 -3.292 -3.5105 -7.057 -5.9905 -7.4045 -6.381 -5.664001 -7.1165 
-4.443 -6.6965 -8.926001 -11.7457 -10.019 -8.85 -5.0845 -4.443 -7.580501 -8.186001 -12.6746 -7.7345 -10.504 -8.803 
-7.926001 -10.4945 -13.8579 -14.3952 -10.3275 -9.744 -6.189 -8.5755 -8.802 -15.3579 -13.0046 -12.1167 -13.643 
-12.1226 -15.4264 -16.5074 -14.7037 -11.7117 -10.8485 -10.067 -9.869 -15.9565 -15.6879 -17.3868 -15.2557 
-2.4265 -4.1585 -2.3335 -3.091 -4.8255 -2.4945 -4.841 -1.756 -2.186 -2.6165 -4.59 -2.0935 -1.4985 -3.9195 -1.756 -4.7975 -3.091 -4.3315 0 
-6.7305 -5.438 -4.9605 -7.176 -6.5745 -6.607501 -5.9905 -3.986 -3.5105 -5.909 -4.887 -2.9725 -4.9505 -5.097 -6.514 -6.971 -6.7725 -4.3315 
-8.897501 -7.471 -9.157001 -8.387 -10.1905 -7.493001 -8.3245 -5.0545 -6.385 -5.995501 -6.072 -5.8605 -6.135 -10.757 -8.328501 -11.3083 -6.7725 
-10.9383 -11.8315 -9.973001 -12.1002 -10.7575 -10.76 -9.9585 -7.1895 -6.4785 -7.288001 -8.3275 -6.8135 -12.287 -12.5715 -12.7964 -11.3083 
-15.2988 -12.6475 -13.7742 -12.6672 -14.0245 -12.394 -12.0935 -7.2025 -7.706 -9.871501 -9.822001 -13.4993 -14.1015 -17.0394 -12.7964 
-2.4265 -4.9775 -1.7695 -4.683 -3.091 -5.216 -2.3345 -4.288 -3.1435 -2.6165 -4.841 -1.756 -2.6165 -4.954 -2.0935 -3.9195 -3.0435 0 
-7.1105 -5.224501 -5.154 -7.0145 -6.9145 -6.91 -5.621 -6.8645 -5.3155 -7.057 -5.9905 -4.2965 -8.643001 -6.538501 -5.664001 -6.475 -3.0435 
-7.1835 -7.340001 -7.430501 -11.3032 -9.4055 -10.7109 -8.290001 -7.943 -9.232 -8.186001 -8.483 -9.9585 -9.8785 -10.5325 -8.772501 -6.475 
-9.0105 -8.958001 -11.7928 -13.7942 -13.259 -13.3799 -9.522 -12.0389 -10.3545 -9.801001 -14.2832 -10.352 -14.1601 -13.641 -8.772501 
-10.8687 -13.5001 -14.2838 -17.6477 -15.928 -14.6119 -13.5967 -13.1614 -11.9695 -15.6012 -14.6767 -15.6092 -17.2686 -13.641 
-3.091 -12.16972 -2.645 -4.4355 -1.756 -8.077001 -3.213 -1.7695 -2.489 -2.6165 -4.4965 
-16.54652 -14.81472 -6.823501 -6.05 -9.3585 -10.9315 -4.908 -3.1405 -5.652 -6.3665 
-19.19152 -18.99322 -8.087001 -14.7211 -12.3578 -12.6265 -5.901 -6.2045 -9.095 
-23.37002 -20.25672 -17.1745 -17.7204 -14.0528 -13.6195 -9.675 -9.154 
-24.63352 -29.34422 -20.1738 -19.4154 -15.0458 -17.3935 -12.6881 
