-4.759 
n/a 
n/a 
n/a 
n/a 
-4.759 
n/a 
n/a 
n/a 
n/a 
-4.759 
n/a 
n/a 
n/a 
n/a 
-4.759 
n/a 
n/a 
n/a 
n/a 
-5.42 -3.4625 -1.934 -4.113 -4.5045 -1.8085 -3.6135 -3.6885 -1.934 -3.8655 
-9.7375 -4.565 -6.106 -9.092501 -5.0395 -4.4545 -5.943 -5.1845 -4.9135 
-11.013 -7.47 -11.6759 -10.186 -7.4195 -6.1895 -7.18 -8.040001 
-13.918 -13.3841 -12.7694 -12.566 -8.509501 -7.313001 -9.698001 
-19.8321 -14.4776 -15.1494 -13.656 -9.349501 -9.7545 
-1.934 -3.634 -3.8405 -3.8655 -2.229 -4.767 -3.6615 -4.3195 -1.8085 -3.4155 -3.6885 0 
-4.9425 -6.9455 -8.3995 -5.1985 -7.0455 -6.8135 -8.107 -5.0655 -4.0495 -7.1955 -3.6885 
-9.118001 -11.9347 -9.172501 -9.762501 -9.173 -11.6714 -9.567501 -7.341 -7.536 -7.1955 
-14.1132 -12.7077 -13.8139 -12.1522 -14.0329 -13.1319 -11.843 -9.9455 -7.536 
-14.8862 -17.3491 -16.2036 -17.0121 -15.4934 -15.4074 -14.4475 -9.9455 
-1.934 -3.634 -3.5215 0 -4.113 -3.4625 -2.8645 -3.7905 -1.8085 -3.8175 -3.6885 -1.934 -3.8655 0 
-4.9425 -6.0365 -3.5215 -4.113 -4.488501 -6.0925 -4.816 -4.255 -4.55 -6.031 -5.1845 -4.9135 -3.8655 
-6.212501 -6.0365 -8.256001 -4.488501 -6.856 -7.724 -5.3875 -6.3875 -6.219501 -6.904 -8.040001 -4.9135 
-6.212501 -10.238 -8.627501 -6.856 -8.081 -8.252501 -6.812 -7.7825 -6.9795 -9.333 -8.040001 
-10.4265 -10.383 -10.1425 -8.081 -8.485001 -9.284 -8.177 -8.472501 -9.371 -9.333 
-3.1015 -2.3335 -3.5215 -3.8655 -2.8645 -1.8085 -3.8175 -3.6885 -2.4265 -2.186 -1.4985 -4.763 -4.287 -3.634 0 
-4.789 -6.9835 -7.6505 -6.2115 -3.9785 -4.55 -6.031 -5.774 -3.292 -3.339 -6.0255 -8.385 -8.446001 -3.634 
-8.6595 -11.9795 -9.546 -7.218 -6.642 -6.219501 -8.096001 -6.4035 -4.5995 -8.9495 -8.741501 -12.7824 -8.446001 
-14.6879 -13.875 -10.6517 -9.641001 -8.178 -8.237 -8.679501 -7.625 -9.842 -11.8693 -13.3571 -12.7824 
-16.5834 -14.9807 -13.0747 -11.2716 -9.646501 -8.779 -9.966001 -12.9849 -13.0372 -16.4849 -13.3571 
