-4.759 
n/a 
n/a 
n/a 
n/a 
-4.759 
n/a 
n/a 
n/a 
n/a 
-4.759 
n/a 
n/a 
n/a 
n/a 
-4.759 
n/a 
n/a 
n/a 
n/a 
-1.4985 -4.485 -1.934 -2.3615 -4.0135 -1.7565 -6.425 -2.4945 -10.109 -1.934 -1.4985 -12.16972 -4.677 -1.934 -6.557 0 
-6.112 -5.809 -3.539 -5.1525 -4.201 -8.8655 -9.3915 -14.0317 -11.117 -2.6125 -14.76202 -16.84672 -6.2735 -7.536 -6.557 
-7.396 -7.6325 -6.5435 -5.2165 -10.223 -11.9514 -21.1159 -15.0397 -11.7955 -16.27022 -19.43902 -18.44322 -9.855 -7.536 
-9.255 -9.637 -6.555501 -11.6763 -13.3089 -23.6758 -22.1239 -15.7182 -25.45322 -20.94722 -21.03552 -22.02472 -9.855 
-11.4741 -9.64 -13.3525 -14.7622 -25.0333 -24.6838 -22.8024 -29.37592 -30.13022 -22.54372 -24.61702 -22.02472 
-3.1495 -7.712501 -3.511 -3.6215 -10.384 -2.229 -4.076 -10.37 -4.677 
-12.1572 -12.1705 -5.499 -15.0139 -12.7194 -6.429 -15.8262 -15.2586 
-16.6152 -14.1585 -18.7044 -17.3493 -16.9194 -18.7314 -20.7148 
-18.6032 -27.3639 -21.0398 -21.5493 -29.2218 -23.62 
-31.8086 -29.6993 -25.2398 -33.8517 -34.1104 
-3.1495 -6.56 -2.4945 -5.26 -3.6215 -1.4985 -4.4695 -7.779 -4.677 -1.7565 -6.557 
-9.182501 -8.263 -8.1645 -9.271501 -4.094 -5.252501 -13.0237 -9.653 -5.666 -7.653501 
-10.293 -14.1192 -12.7186 -9.785501 -7.9975 -13.7589 -14.8977 -10.9632 -12.5754 
-16.1492 -18.6733 -13.2326 -13.689 -16.6927 -15.6329 -16.2079 -17.8726 
-20.7033 -19.1873 -17.1361 -22.3842 -18.5667 -16.9431 -23.1173 
-6.4925 -4.5145 -4.31 -1.7565 -6.56 -2.8645 -3.1125 -3.8245 -1.8085 -9.849501 -1.8085 -4.677 -1.7565 -7.779 -1.934 -5.1845 -5.74 0 
-9.9305 -8.2405 -5.732501 -7.9045 -9.669001 -3.5345 -6.041 -5.925 -12.1564 -11.9522 -6.3175 -5.666 -10.586 -10.335 -6.564 -5.7465 -5.74 
-13.7227 -10.3745 -12.6425 -10.2645 -10.3005 -6.721 -7.7465 -17.1825 -14.2591 -16.4612 -7.26 -15.5079 -13.142 -14.965 -6.819 -5.7465 
-15.8567 -17.2845 -15.0025 -11.0224 -13.487 -8.2735 -19.3614 -19.2852 -18.7681 -17.4037 -17.4335 -18.0639 -17.772 -15.22 -6.819 
-22.7667 -19.6445 -15.7604 -14.2089 -15.0395 -20.0562 -21.4641 -23.7942 -19.7106 -27.5772 -19.9895 -22.6939 -18.027 -15.22 
