-4.759 
n/a 
n/a 
n/a 
n/a 
-4.759 
n/a 
n/a 
n/a 
n/a 
-4.759 
n/a 
n/a 
n/a 
n/a 
-4.759 
n/a 
n/a 
n/a 
n/a 
-2.925 -2.4945 -4.657 -1.934 -4.065 0 -3.9465 0 -4.1265 0 -3.843 0 
-3.7675 -7.751 -5.156 -5.723001 -4.065 -3.9465 -3.9465 -4.1265 -4.1265 -3.843 -3.843 
-8.659 -8.294001 -8.870501 -5.723001 -8.852501 -3.9465 -5.8545 -4.1265 -7.96 -3.843 
-9.387 -12.3091 -8.870501 -11.3951 -8.852501 -5.8545 -5.8545 -7.96 -7.96 
-13.2855 -12.3091 -15.0166 -11.3951 -10.6095 -5.8545 -8.838501 -7.96 
-3.1495 -3.1385 -3.511 -1.934 -5.717 -1.934 -1.4985 -3.959 -3.115 -7.378 0 -3.9465 0 -3.982 0 -4.1265 0 -4.3935 -1.756 -5.2015 -3.959 0 
-5.148 -5.979 -4.582 -8.092001 -7.206501 -2.6125 -5.5 -6.08 -10.411 -7.378 -3.9465 -3.9465 -3.982 -3.982 -4.1265 -4.1265 -4.3935 -6.092 -7.0275 -6.3885 -3.959 
-7.5855 -6.5055 -11.467 -9.9405 -7.503001 -6.3645 -8.354 -14.6898 -10.411 -11.7953 -3.9465 -4.7935 -3.982 -5.8715 -4.1265 -7.072001 -6.092 -10.304 -8.080501 -6.3885 
-7.961 -13.7333 -13.3155 -10.2375 -11.6514 -8.9825 -17.0324 -14.6898 -14.8283 -11.7953 -4.7935 -4.7935 -5.8715 -5.8715 -7.072001 -7.9425 -10.304 -10.5425 -8.080501 
-15.3266 -15.5818 -13.6125 -14.3859 -14.2694 -17.7297 -17.0324 -19.1071 -14.8283 -12.6423 -4.7935 -6.0665 -5.8715 -7.9335 -7.9425 -12.8343 -10.5425 -10.5425 
-2.925 -3.511 -4.0005 -4.4755 -2.9905 -1.934 -7.378 0 -3.9465 0 -10.9655 0 -4.1265 0 -4.3935 0 -8.384001 -1.756 -2.8965 -4.39 
-5.669001 -8.5345 -6.375 -5.912 -4.5445 -9.228001 -7.378 -3.9465 -3.9465 -10.9655 -10.9655 -4.1265 -4.1265 -4.3935 -4.3935 -8.384001 -11.117 -3.751 -5.949 
-10.361 -11.7644 -9.517 -7.15 -12.4083 -9.228001 -11.7953 -3.9465 -15.7712 -10.9655 -15.092 -4.1265 -7.072001 -4.3935 -13.7721 -11.117 -13.112 -6.8985 
-13.8085 -14.9064 -10.8104 -15.4832 -12.4083 -13.7603 -11.7953 -15.7712 -15.7712 -15.092 -15.092 -7.072001 -7.072001 -13.7721 -16.5051 -13.112 -16.2595 
-16.9505 -16.1998 -19.1436 -15.4832 -16.9406 -13.7603 -23.62 -15.7712 -19.8977 -15.092 -18.0375 -7.072001 -17.278 -16.5051 -18.5001 -16.2595 
-2.925 -4.4755 -12.16972 0 -3.9465 0 -3.982 0 -4.1265 0 -4.3935 0 -4.3055 -5.5105 
-6.846001 -17.87442 -12.16972 -3.9465 -3.9465 -3.982 -3.982 -4.1265 -4.1265 -4.3935 -4.3935 -4.3055 -10.4945 
-20.68912 -17.87442 -16.11622 -3.9465 -4.7935 -3.982 -5.8715 -4.1265 -7.072001 -4.3935 -9.0935 -10.4945 
-20.68912 -21.82092 -16.11622 -4.7935 -4.7935 -5.8715 -5.8715 -7.072001 -7.072001 -9.0935 -15.4243 
-24.63562 -21.82092 -16.96322 -4.7935 -6.0665 -5.8715 -7.9335 -7.072001 -12.5994 -15.4243 
