-4.759 
n/a 
n/a 
n/a 
n/a 
-4.759 
n/a 
n/a 
n/a 
n/a 
-4.759 
n/a 
n/a 
n/a 
n/a 
-4.759 
n/a 
n/a 
n/a 
n/a 
-4.385 -4.8185 -3.5865 0 -7.5625 -3.5865 0 -6.923 -3.5435 -3.5865 -2.0935 -3.5485 0 -8.7565 
-10.082 -10.254 -3.5865 -7.5625 -9.889501 -3.5865 -6.923 -9.987 -7.339001 -5.914001 -4.787 -3.5485 -7.2115 
-15.6879 -10.254 -11.0145 -9.889501 -9.889501 -10.1765 -9.987 -10.2235 -8.475 -7.0065 -4.787 -12.117 
-15.6879 -17.8398 -13.3415 -9.889501 -16.7821 -13.3773 -10.2235 -10.3115 -8.7805 -7.0065 -13.4336 
-23.2737 -20.1668 -13.3415 -16.7821 -19.9829 -13.6138 -10.3115 -10.3215 -8.7805 -16.0345 
-4.385 -6.6095 -3.5865 0 -7.5625 -3.5865 0 -6.923 -3.5435 -3.5865 -2.0935 -3.5485 0 -8.7565 0 
-8.97 -9.017501 -3.5865 -7.5625 -9.889501 -3.5865 -6.923 -9.987 -7.339001 -5.914001 -4.787 -3.5485 -7.2115 -7.2115 
-9.026 -9.017501 -11.0145 -9.889501 -9.889501 -10.1765 -9.987 -10.2235 -8.475 -7.0065 -4.787 -12.117 -7.0325 
-9.026 -16.7421 -13.3415 -9.889501 -16.7821 -13.3773 -10.2235 -10.3115 -8.7805 -7.0065 -13.4336 -12.3106 
-16.759 -19.0691 -13.3415 -16.7821 -19.9829 -13.6138 -10.3115 -10.3215 -8.7805 -16.0345 -13.4336 
-4.385 -6.6095 -3.5865 0 -7.5625 -3.5865 0 -6.923 -3.5435 -4.8275 0 -3.5865 0 -8.7565 0 
-8.97 -9.017501 -3.5865 -7.5625 -9.889501 -3.5865 -6.923 -9.987 -9.6735 -4.8275 -3.5865 -3.5865 -7.2115 -7.2115 
-9.026 -9.017501 -11.0145 -9.889501 -9.889501 -10.1765 -9.987 -17.2854 -9.6735 -7.701 -3.5865 -11.866 -7.0325 
-9.026 -16.7421 -13.3415 -9.889501 -16.7821 -13.3773 -17.2854 -17.2854 -10.6765 -7.701 -11.8928 -11.8928 
-16.759 -19.0691 -13.3415 -16.7821 -19.9829 -20.6757 -17.2854 -18.2884 -10.6765 -16.6465 -11.8928 
-4.385 -6.6095 -3.5865 0 -5.9135 -3.5865 0 -6.923 -3.5435 -3.5485 -2.229 -3.5865 0 -8.7565 0 
-8.97 -9.017501 -3.5865 -5.9135 -8.625501 -3.5865 -6.923 -9.987 -7.7025 -4.0385 -5.343 -3.5865 -7.2115 -7.2115 
-9.026 -9.017501 -9.326 -8.625501 -8.625501 -10.1765 -9.987 -15.3144 -8.0135 -6.303 -5.343 -11.866 -7.0325 
-9.026 -15.0536 -9.8855 -8.625501 -15.4247 -13.3773 -15.3144 -15.6254 -9.670501 -6.303 -14.0207 -11.8928 
-15.0705 -15.6131 -9.8855 -15.4247 -18.6255 -18.7047 -15.6254 -17.2824 -9.670501 -15.4297 -14.0207 
