-4.759 
n/a 
n/a 
n/a 
n/a 
-4.759 
n/a 
n/a 
n/a 
n/a 
-4.759 
n/a 
n/a 
n/a 
n/a 
-4.759 
n/a 
n/a 
n/a 
n/a 
-2.8965 -3.699 -3.2875 -6.864 -2.229 -2.186 -7.299 -2.3615 -2.186 -1.4985 -3.9515 -3.2875 -1.7565 -6.864 -2.229 -3.458 -9.373501 -5.1185 0 
-5.7205 -7.2945 -10.907 -8.205501 -5.1225 -10.335 -10.1995 -3.5005 -3.339 -5.059 -5.783 -4.3315 -8.661 -8.205501 -6.5045 -9.607 -9.867001 -5.1185 
-9.261001 -15.6052 -12.2485 -11.9812 -13.4591 -13.2355 -11.3385 -4.3105 -6.498 -6.233 -6.4065 -12.4294 -10.2807 -13.3632 -11.0315 -10.8185 -8.890501 
-17.5803 -16.9467 -16.0242 -20.3178 -16.3596 -14.3745 -12.1485 -8.443001 -7.319 -6.543 -15.4756 -14.0491 -15.4384 -18.0676 -14.2047 -11.5633 
-18.9218 -20.7224 -24.3608 -23.2183 -17.4986 -15.1845 -16.281 -9.4025 -7.411 -15.7571 -17.0953 -19.2068 -20.1428 -21.0634 -14.2047 
-1.4985 -2.8965 -3.699 -3.5015 -1.7565 -6.864 -4.6825 -2.186 -6.999001 -2.9705 -4.8635 -2.5045 -1.4985 -3.9515 -1.7565 -6.864 -4.6825 -2.5195 -4.711 -4.153 -1.7695 -5.674 -4.153 
-3.928 -5.7205 -6.8615 -4.783 -8.661 -8.668501 -6.609 -10.543 -9.987 -6.851 -6.84 -3.583 -5.059 -5.368 -8.661 -8.668501 -7.0165 -7.351501 -6.8605 -6.192 -7.896501 -7.0195 
-7.0295 -9.7775 -8.150001 -12.3849 -10.2925 -10.8662 -15.4406 -13.531 -14.1559 -8.845 -7.8615 -6.8885 -5.839 -10.044 -10.2925 -10.27 -12.3115 -9.1545 -8.701501 -12.9196 -9.213501 
-10.3745 -10.8798 -15.9303 -14.0164 -12.4902 -19.6978 -18.4286 -17.6999 -16.1499 -9.712501 -9.903501 -7.176001 -10.2275 -12.0859 -11.894 -15.757 -14.1145 -10.6345 -15.6461 -14.2366 
-11.6426 -18.6601 -17.5618 -16.2141 -21.3218 -22.6858 -22.5975 -19.6939 -17.0174 -11.7769 -10.0965 -11.9987 -12.2938 -13.6874 -17.381 -17.56 -15.5945 -17.5791 -16.9631 
-3.571 -3.699 -3.2875 -1.7565 -6.864 -4.0965 -2.7415 -7.299 -2.4265 -2.7415 -1.4985 -3.9515 -3.2875 -1.7565 -1.4985 -4.0965 -2.5195 -4.711 -4.153 -1.7695 -4.748 -4.153 0 
-5.9465 -7.2945 -4.3315 -8.661 -8.968 -6.906501 -11.4063 -10.1385 -3.681 -4.063 -5.059 -5.783 -4.3315 -2.4195 -5.3165 -6.936501 -7.351501 -6.8605 -6.192 -7.008 -6.645 -4.153 
-9.427501 -8.120001 -12.4294 -10.3545 -10.435 -15.8879 -14.2458 -11.5556 -4.946 -7.179 -6.233 -6.4065 -6.134501 -6.0115 -7.756001 -12.2115 -9.1545 -8.701501 -10.1765 -8.67 -6.645 
-10.2875 -16.4933 -14.1229 -11.8215 -19.4164 -18.7274 -15.6629 -12.8206 -7.8855 -8.330501 -6.543 -7.226 -8.6155 -8.526501 -13.4132 -14.0145 -10.6345 -10.7575 -10.256 -8.67 
-18.6608 -18.1868 -15.5899 -20.8029 -22.2559 -20.1445 -16.9279 -15.7601 -9.165 -8.4385 -7.3255 -9.0565 -11.5753 -14.3549 -15.2162 -15.4945 -12.6905 -10.7775 -10.256 
-1.8085 -3.571 -3.699 -3.5015 0 -9.9095 -2.7415 -1.4985 -3.9515 -3.1715 -1.7565 -7.4885 -4.257 -10.5895 -2.7765 -2.489 -8.788501 -1.934 -9.696501 -4.153 -1.7695 -4.748 -4.153 
-6.664001 -5.9465 -6.8615 -3.5015 -9.9095 -12.6694 -4.063 -5.059 -7.66 -4.207 -9.320001 -10.61 -15.9527 -13.366 -3.495 -10.634 -10.3545 -12.6369 -13.8997 -6.192 -7.008 -6.645 
-9.135 -9.061501 -6.8615 -14.406 -12.6694 -13.9909 -7.179 -8.974001 -8.950001 -12.9187 -12.5953 -22.3057 -18.7292 -14.0845 -12.3104 -12.2 -21.2282 -16.8401 -15.9387 -10.1765 -8.67 
-12.2696 -9.061501 -18.594 -17.1659 -13.9909 -17.1069 -11.9756 -9.4715 -17.8399 -16.194 -24.291 -25.0822 -19.4477 -22.8999 -13.8764 -23.0737 -25.4314 -18.8791 -19.9232 -10.256 
-12.2696 -21.0096 -21.3539 -18.4874 -17.1069 -21.9035 -12.4731 -18.3318 -21.1152 -27.8897 -27.0675 -25.8007 -28.2631 -24.4659 -24.7501 -27.2769 -27.4704 -22.8636 -20.0027 
