-4.759 
n/a 
n/a 
n/a 
n/a 
-4.759 
n/a 
n/a 
n/a 
n/a 
-4.759 
n/a 
n/a 
n/a 
n/a 
-4.759 
n/a 
n/a 
n/a 
n/a 
-3.1495 -2.5685 -2.4945 -4.465 -2.3345 -10.939 0 
-6.428 -5.3665 -6.062 -5.2135 -13.6041 -10.939 
-8.0235 -9.0705 -6.2845 -17.3037 -13.6041 
-11.9115 -9.247001 -18.7325 -17.3037 
-12.088 -21.7948 -18.7325 
-2.5685 -3.1495 -3.152 -5.372 -1.756 -4.465 -2.3345 -1.4985 -4.6245 -3.0695 -3.152 -3.325 -7.009 0 
-4.8995 -5.3825 -7.7475 -6.802 -5.8635 -5.2135 -3.233 -5.757501 -7.314 -4.8015 -6.104 -10.0285 -7.009 
-7.3245 -10.0405 -8.897 -8.399 -6.394 -5.7335 -7.33 -9.036501 -8.6805 -7.3625 -13.4373 -10.0285 
-12.1377 -11.2166 -10.4945 -8.7635 -6.9495 -10.403 -11.3596 -10.674 -11.3105 -15.163 -13.4373 
-13.3138 -12.8141 -10.613 -9.123501 -11.964 -14.226 -12.9971 -13.304 -19.111 -15.163 
-3.1495 -2.4945 -2.5685 -3.4985 -3.2295 -1.4985 -4.2245 -7.009 
-4.459 -4.6335 -6.6805 -5.0165 -3.844 -5.2345 -8.8125 
-5.958 -9.1665 -8.067 -5.554 -8.642 -10.7337 
-10.228 -10.7948 -8.632 -10.459 -14.084 
-12.1843 -11.3598 -13.632 -15.901 
-2.5685 -1.7565 -2.3615 -3.325 -1.4985 -4.132 -1.7565 -7.009 -2.229 -4.886 
-3.887 -3.523 -6.52 -3.898 -5.351501 -5.653 -8.217 -7.806 -6.864 
-5.316 -7.8675 -7.132 -6.183 -5.876 -10.533 -8.436501 -13.0596 
-8.4865 -8.446 -9.5605 -6.194 -10.7325 -10.7525 -14.2087 
-8.928 -10.609 -9.6035 -11.0781 -10.952 -16.5247 
