-4.759 
n/a 
n/a 
n/a 
n/a 
-4.759 
n/a 
n/a 
n/a 
n/a 
-4.759 
n/a 
n/a 
n/a 
n/a 
-4.759 
n/a 
n/a 
n/a 
n/a 
-4.867 0 -3.815 -3.718 0 -7.2945 0 -3.326 -4.928 
-4.867 -3.815 -5.634 -3.718 -7.281001 -7.281001 -3.326 -7.7795 
-8.083 -5.634 -5.634 -11.4732 -7.281001 -9.995501 -7.7795 
-8.4255 -5.634 -14.1405 -11.4732 -9.995501 -16.056 
-8.4255 -14.1405 -14.1405 -14.1877 -16.056 
-4.867 0 -3.815 -3.718 0 -2.688 -4.9405 0 -3.326 -4.928 
-4.867 -3.815 -5.634 -3.718 -2.688 -7.174 -4.9405 -3.326 -7.7795 
-8.083 -5.634 -5.634 -6.521 -7.174 -7.174 -8.6625 -7.7795 
-8.4255 -5.634 -9.0395 -11.3662 -7.174 -11.2656 -14.047 
-8.4255 -9.0395 -14.0335 -11.3662 -11.2656 -16.6501 
-4.928 0 -3.815 -3.718 0 -2.688 -4.9405 0 -3.326 -4.928 
-4.928 -3.815 -5.634 -3.718 -2.688 -7.174 -4.9405 -3.326 -7.7795 
-7.751 -5.634 -5.634 -6.521 -7.174 -7.174 -8.6625 -7.7795 
-9.892 -5.634 -9.0395 -11.3662 -7.174 -11.2656 -14.047 
-9.892 -9.0395 -14.0335 -11.3662 -11.2656 -16.6501 
-4.867 0 -3.535 -3.718 0 -2.688 -5.029 0 -3.326 -3.724 
-4.867 -3.535 -7.692 -3.718 -2.688 -7.462 -5.029 -3.326 -5.434 
-9.384001 -7.692 -7.692 -6.521 -7.462 -7.462 -9.412001 -5.434 
-13.632 -7.692 -10.946 -11.6542 -7.462 -12.1844 -11.7922 
-13.632 -10.946 -16.0792 -11.6542 -12.1844 -14.5646 
