-4.759 
n/a 
n/a 
n/a 
n/a 
-4.759 
n/a 
n/a 
n/a 
n/a 
-4.759 
n/a 
n/a 
n/a 
n/a 
-4.759 
n/a 
n/a 
n/a 
n/a 
-12.16972 0 -4.738 -3.3975 0 
-12.16972 -4.738 -7.579 -3.3975 
-16.90772 -7.579 -7.579 
-19.74872 -7.579 
-19.74872 
-12.16972 0 -4.738 -3.3975 0 
-12.16972 -4.738 -7.579 -3.3975 
-16.90772 -7.579 -7.579 
-19.74872 -7.579 
-19.74872 
-10.8075 0 -6.915 -3.3975 0 
-10.8075 -6.915 -10.9575 -3.3975 
-18.6495 -10.9575 -10.9575 
-22.692 -10.9575 
-22.692 
-12.16972 0 -8.429501 -3.3975 0 
-12.16972 -8.429501 -11.9966 -3.3975 
-20.59922 -11.9966 -11.9966 
-24.16632 -11.9966 
-24.16632 
