-4.759 
n/a 
n/a 
n/a 
n/a 
-4.759 
n/a 
n/a 
n/a 
n/a 
-4.759 
n/a 
n/a 
n/a 
n/a 
-4.759 
n/a 
n/a 
n/a 
n/a 
-10.3 -1.756 -8.607 -4.7995 -3.3165 -3.3255 -1.934 -1.7695 -5.3885 -3.2875 
-12.3602 -10.674 -13.8801 -8.3885 -5.0715 -5.9265 -4.0395 -7.072001 -7.8685 
-21.2782 -15.9471 -17.4691 -9.8655 -7.085501 -9.052501 -10.3475 -9.531 
-26.5513 -19.5361 -18.9461 -12.0843 -10.6285 -15.6473 -12.8065 
-30.1403 -21.0131 -21.1649 -15.6273 -17.2233 -18.1063 
-9.900001 -1.756 -8.607 -5.0895 -4.1705 -3.6215 -5.3885 -3.2875 0 
-11.8942 -10.674 -14.1701 -9.291 -6.942 -8.257001 -7.8685 -3.2875 
-20.8122 -16.2371 -18.3716 -12.5083 -12.0869 -9.980501 -7.8685 
-26.3753 -20.4386 -21.5889 -17.6532 -13.8104 -9.980501 
-30.5768 -23.6559 -26.7338 -19.3767 -13.8104 
-1.4985 -4.7995 -9.900001 -1.756 -10.613 -2.4945 -3.958 -3.3255 -1.4985 -3.2875 -5.3885 0 
-6.0515 -15.6607 -11.8942 -13.3776 -13.1075 -5.478001 -6.0305 -3.8945 -4.127 -7.762 -5.3885 
-17.5187 -17.6549 -23.5158 -15.8721 -16.091 -7.9315 -6.5105 -6.397 -9.319 -7.762 
-19.5129 -29.2765 -26.0103 -18.8556 -18.5445 -8.476501 -8.144501 -11.8942 -9.319 
-31.1345 -31.771 -28.9938 -21.3091 -19.0895 -10.1725 -13.9349 -11.8942 
-9.900001 0 -1.756 -9.334001 -4.7995 -2.4945 -4.029 -1.934 -5.3885 -3.2875 
-9.900001 -1.756 -12.0986 -14.2357 -6.781001 -6.1735 -5.382 -6.4035 -7.8685 
-11.8942 -12.0986 -17.0003 -16.2172 -10.9004 -7.5845 -11.0355 -8.5415 
-22.2368 -17.0003 -18.9818 -20.3366 -12.3114 -13.9558 -13.1735 
-27.1385 -18.9818 -23.1012 -21.7476 -18.6827 -16.0938 
