-4.759 
n/a 
n/a 
n/a 
n/a 
-4.759 
n/a 
n/a 
n/a 
n/a 
-4.759 
n/a 
n/a 
n/a 
n/a 
-4.759 
n/a 
n/a 
n/a 
n/a 
-1.934 -3.524 -3.131 -3.4605 -3.423 -3.559 -3.6395 -2.186 0 -5.004 -4.3515 0 -2.7835 -2.4265 -4.174 -4.151 
-5.012 -4.8995 -7.041 -6.038 -7.486 -6.2775 -5.2645 -2.186 -5.004 -9.6045 -4.3515 -2.7835 -4.1745 -5.370501 -10.022 
-6.384 -8.9425 -9.779 -10.76 -10.621 -8.1555 -5.2645 -8.1025 -9.6045 -9.6045 -6.6945 -4.1745 -7.2405 -11.7635 
-10.6215 -11.9751 -14.5666 -13.895 -12.499 -8.1555 -10.5745 -12.9606 -9.6045 -11.9865 -8.208 -7.2405 -13.9991 
-13.6541 -16.7627 -17.7016 -15.773 -12.499 -13.7021 -15.4326 -12.9606 -11.9865 -13.5 -11.286 -13.9991 
-3.5455 -3.524 -3.131 0 -1.4985 -3.5085 -5.0515 -1.7565 -2.3615 -3.4605 -2.5045 -1.4985 -3.559 -2.186 -4.554 -2.5045 0 -5.004 -3.748 0 -2.7835 -2.4265 -4.2675 -4.151 0 
-6.729 -4.8995 -3.131 -1.4985 -4.4755 -8.7285 -5.598001 -3.523 -4.455 -5.219 -3.1915 -4.446 -5.321 -5.002501 -5.7705 -2.5045 -5.004 -7.4195 -3.748 -2.7835 -4.1745 -7.325001 -9.104501 -4.151 
-8.2185 -4.8995 -4.8555 -4.4755 -9.166 -9.353001 -8.048 -5.1755 -7.1825 -6.6965 -6.345 -5.883501 -8.935501 -6.2665 -5.7705 -8.6575 -7.4195 -7.4195 -6.698 -4.1745 -9.681001 -12.5512 -9.104501 
-8.2185 -6.713 -7.454 -9.166 -9.653501 -11.9376 -10.0261 -8.038501 -7.956501 -10.615 -8.469 -9.837501 -9.693501 -6.2665 -12.7361 -10.1115 -7.4195 -9.975 -8.024 -9.681001 -15.1026 -12.5512 
-9.206 -9.3225 -12.4565 -9.653501 -12.4147 -13.9157 -12.8891 -9.309 -12.2408 -12.739 -12.6128 -10.4065 -9.693501 -13.6623 -14.1901 -10.1115 -9.975 -10.086 -13.5663 -15.1026 -15.1026 
-1.934 -3.524 -3.131 0 -1.4985 -3.559 -3.6395 -1.7565 -3.5025 -3.188 -2.186 -4.3765 -2.5045 -5.004 -3.748 -4.3515 0 -2.7835 -2.4265 -5.066 -4.884 0 
-5.012 -4.8995 -3.131 -1.4985 -4.446 -6.2775 -4.6145 -5.2375 -6.5345 -5.1175 -5.313 -6.476 -8.6575 -7.4195 -5.543 -4.3515 -2.7835 -4.1745 -6.6495 -8.915001 -4.884 
-6.384 -4.8995 -4.8555 -4.446 -7.074501 -7.3745 -8.3365 -8.467 -8.284 -8.689501 -7.1395 -13.161 -10.1115 -9.3325 -5.543 -6.6945 -4.1745 -7.9445 -10.7595 -8.915001 
-6.384 -6.713 -8.0235 -7.074501 -7.823 -12.0287 -12.05 -10.513 -12.1304 -10.703 -14.0357 -14.615 -12.0245 -9.3325 -7.818501 -8.208 -7.9445 -12.4039 -10.7595 
-7.224 -9.345 -10.7175 -7.823 -12.6016 -15.7422 -14.096 -14.3594 -14.1439 -17.5992 -15.4897 -16.528 -12.0245 -11.6218 -9.2145 -11.99 -12.4039 -12.4039 
-1.934 -3.524 -3.131 0 -2.3615 -3.4605 -2.229 -4.3765 -3.559 -3.473 -2.7415 -4.554 -1.7695 -2.489 0 -5.004 -4.5445 0 -2.3335 -2.186 -2.7835 -2.4265 -2.8645 -3.777 0 
-5.012 -4.8995 -3.131 -2.3615 -4.455 -5.7745 -6.286 -7.018001 -6.243 -6.39 -5.8985 -6.1455 -3.1405 -2.489 -5.004 -9.765501 -4.5445 -2.3335 -3.7085 -5.316 -4.1745 -4.1435 -8.1735 -3.777 
-6.384 -4.8995 -5.713 -4.455 -6.712501 -10.66 -8.2825 -10.7025 -8.950001 -7.7755 -7.1005 -6.8935 -3.1405 -8.781 -9.765501 -9.765501 -7.258501 -3.7085 -6.0195 -6.5695 -5.7315 -9.361 -8.1735 
-6.384 -7.475 -8.086 -6.712501 -12.6382 -12.6565 -12.8294 -13.4095 -10.4853 -9.4125 -7.3955 -6.8935 -9.167001 -13.7665 -9.765501 -12.2635 -8.6555 -6.0195 -7.344 -8.0915 -10.5745 -9.361 
-8.334001 -10.19 -10.2865 -12.6382 -14.6347 -17.2034 -15.5364 -14.9448 -12.1223 -10.0165 -7.3955 -13.6036 -14.3157 -13.7665 -12.2635 -13.6605 -11.2047 -7.344 -8.698501 -13.0637 -10.5745 
