-4.759 
n/a 
n/a 
n/a 
n/a 
-4.759 
n/a 
n/a 
n/a 
n/a 
-4.759 
n/a 
n/a 
n/a 
n/a 
-4.759 
n/a 
n/a 
n/a 
n/a 
-9.8955 -2.229 -3.1335 -4.157 -1.934 -4.4225 -3.8735 0 
-12.4687 -5.622 -7.635 -5.719 -6.546 -8.339001 -3.8735 
-15.8617 -10.523 -9.404 -10.7025 -9.178 -8.339001 
-20.7627 -12.292 -14.4557 -13.3345 -9.178 
-22.5317 -17.3437 -17.0877 -13.3345 
-1.934 -4.248 -3.59 -1.7565 -3.8735 0 -8.392 0 -2.186 -4.4715 -3.672 
-6.3715 -8.696501 -5.228 -5.112 -3.8735 -8.392 -8.392 -2.186 -5.7085 -8.126501 
-11.3504 -10.5963 -8.1105 -5.112 -10.9575 -8.392 -10.586 -5.7085 -8.704 
-13.2502 -13.4788 -8.1105 -12.9404 -10.9575 -10.586 -14.5221 -8.704 
-16.1327 -13.4788 -16.2725 -12.9404 -13.1515 -14.5221 -17.5176 
-1.934 -1.4985 -4.015 -3.8735 -12.16972 -3.355 -4.157 -2.645 
-2.6125 -5.1595 -7.582001 -17.03522 -15.52472 -8.7185 -6.8125 
-6.605 -9.052501 -21.25632 -20.39022 -20.88822 -11.4098 
-9.9055 -22.91302 -24.61132 -25.75372 -23.57952 
-23.81882 -26.26802 -29.97482 -28.44502 
-1.934 -1.4985 -4.248 -1.7565 -3.8735 0 -8.392 -3.2015 -2.7415 -4.157 0 
-2.6125 -5.2845 -4.8235 -5.112 -3.8735 -8.392 -12.1245 -6.16 -6.118 -4.157 
-6.979001 -5.6755 -8.967001 -5.112 -10.9575 -12.1245 -15.083 -9.256001 -6.118 
-7.257501 -9.165001 -8.967001 -12.9404 -14.69 -15.083 -18.179 -9.256001 
-11.1684 -9.165001 -16.9784 -16.6729 -17.6485 -18.179 -18.179 
