-4.759 
n/a 
n/a 
n/a 
n/a 
-4.759 
n/a 
n/a 
n/a 
n/a 
-4.759 
n/a 
n/a 
n/a 
n/a 
-4.759 
n/a 
n/a 
n/a 
n/a 
-1.934 -2.882 -3.062 0 -3.131 0 -2.9805 -4.5025 -2.5045 -1.8085 -4.156 -4.328 -2.5045 -1.8085 -4.623 -2.95 0 
-4.9435 -5.1885 -3.062 -3.131 -3.131 -2.9805 -7.004 -6.567 -3.3625 -6.1235 -6.2095 -6.8315 -3.3625 -5.828 -6.759 -2.95 
-7.726501 -5.1885 -5.0865 -3.131 -6.161 -7.004 -9.498501 -7.2915 -7.1755 -8.2655 -8.718 -7.758 -7.420001 -7.961 -6.759 
-7.726501 -6.695001 -5.0865 -6.161 -10.0785 -9.498501 -10.599 -11.8275 -9.412001 -10.0845 -9.7735 -12.1023 -9.937201 -7.961 
-10.259 -6.695001 -8.351501 -10.0785 -12.8212 -10.599 -15.135 -14.064 -11.3326 -11.4316 -14.133 -14.6195 -9.937201 
-1.934 -2.882 -6.193 -4.3195 -4.156 -4.328 -2.0935 -1.4985 -4.623 -2.95 
-4.9435 -7.213 -9.446501 -7.112 -6.2095 -5.409 -2.9725 -5.1705 -6.759 
-9.233001 -12.2685 -13.7665 -8.778 -8.227501 -6.4255 -6.3435 -6.8755 
-16.2549 -15.7974 -15.4325 -10.111 -8.7565 -10.292 -7.096 
-19.3614 -17.4634 -16.7655 -10.2295 -10.673 -10.413 
-2.882 -3.062 0 -3.131 0 -2.9805 -4.3195 -1.4985 -4.156 -4.328 -2.0935 -1.4985 -4.623 -2.95 
-5.1885 -3.062 -3.131 -3.131 -2.9805 -5.4865 -5.1515 -4.9965 -6.2095 -5.409 -2.9725 -5.1705 -6.759 
-5.1885 -5.0865 -3.131 -6.161 -5.4865 -6.313 -7.491 -6.746 -8.227501 -6.4255 -6.3435 -6.8755 
-6.695001 -5.0865 -6.161 -8.0465 -6.313 -8.2065 -8.889 -8.605 -8.7565 -10.292 -7.096 
-6.695001 -8.351501 -8.0465 -8.553 -8.2065 -9.559501 -10.2645 -9.1625 -10.673 -10.413 
-3.5455 -2.882 -6.193 -2.9805 -4.0875 -3.2295 -2.5045 -1.4985 -6.956501 -4.328 -2.0935 -1.4985 -4.623 -2.95 0 
-6.712501 -7.213 -8.116501 -5.359 -5.602 -5.903 -3.583 -7.9685 -9.031501 -5.409 -2.9725 -5.1705 -6.759 -2.95 
-10.955 -9.960001 -10.637 -6.752501 -6.703 -6.8085 -9.469501 -10.0745 -10.3585 -6.4255 -6.3435 -6.8755 -6.759 
-14.486 -12.6095 -11.933 -7.636001 -7.489 -13.086 -11.7593 -11.5837 -11.375 -10.292 -7.096 -6.8755 
-17.2187 -13.5707 -12.5055 -8.466001 -14.0299 -15.3758 -13.2685 -12.6002 -15.2415 -10.413 -7.096 
