-4.759 
n/a 
n/a 
n/a 
n/a 
-4.759 
n/a 
n/a 
n/a 
n/a 
-4.759 
n/a 
n/a 
n/a 
n/a 
-4.759 
n/a 
n/a 
n/a 
n/a 
-3.851 -1.7695 -1.4985 -4.845 -5.2045 -4.077 0 -3.3715 -4.996 -1.7565 -1.4985 -4.365 -3.2 -3.335 -5.8885 -1.4985 -3.486 -4.201 -4.685 0 
-4.0015 -2.7955 -5.242001 -7.403501 -7.6885 -4.077 -3.3715 -8.064501 -5.706501 -2.4195 -5.4465 -5.4195 -6.64 -9.569 -7.105 -3.5655 -6.7065 -7.255 -4.685 
-4.5775 -6.689 -8.116 -9.1595 -7.6885 -7.2475 -8.064501 -8.602501 -6.322001 -6.103001 -5.913 -9.292001 -10.523 -10.515 -9.625501 -6.7355 -8.299001 -7.255 
-7.627501 -9.2165 -9.194 -9.1595 -10.0345 -10.513 -8.602501 -9.1155 -9.905001 -6.460001 -9.591001 -10.5235 -10.5915 -10.593 -10.487 -8.315001 -8.299001 
-9.397 -9.951 -9.194 -10.468 -10.5185 -10.529 -9.1155 -10.4765 -10.0505 -9.887 -10.5765 -10.592 -10.61 -10.6115 -10.5915 -8.315001 
-1.4985 -3.995 -2.186 -1.4985 -4.4665 -1.7565 -1.4985 -3.7825 -4.1865 -5.2365 -1.934 -1.4985 -4.365 -3.2 -3.5155 -1.934 -3.275 -1.7565 -4.4385 -1.756 -4.4095 
-4.712 -5.7465 -3.339 -4.729 -6.801001 -2.4195 -4.8035 -7.93 -10.3494 -6.585 -2.6125 -5.4465 -5.4195 -6.774 -5.1185 -4.519 -3.5505 -6.204 -5.527 -5.7315 
-6.1195 -6.921 -5.893 -6.863 -7.309 -5.425 -8.654 -14.4965 -11.6979 -7.1145 -6.366 -5.913 -8.993 -7.9305 -6.2075 -4.531 -8.203 -7.1455 -8.426001 
-7.3035 -9.478001 -7.808001 -7.3805 -9.126 -9.8065 -15.8107 -15.845 -12.2274 -7.681 -6.6505 -9.222501 -10.4425 -8.589001 -6.21 -8.209001 -8.63 -10.4505 
-9.658501 -10.4685 -8.238501 -9.1595 -13.6091 -16.6384 -17.1592 -16.3745 -12.7939 -7.691 -9.737 -10.703 -11.101 -8.5915 -9.764501 -8.639 -12.159 
-3.1435 -2.186 -3.383 -3.6135 -1.934 -3.4905 -1.756 -3.383 -4.318 -4.2205 -3.034 -4.0745 -1.7695 -3.7825 -2.8965 -5.2365 -1.934 -1.4985 -4.365 -3.2 
-6.7615 -4.438 -5.8785 -6.042 -5.33 -4.954 -5.029 -6.289001 -7.7825 -7.6155 -7.771 -5.6095 -5.3295 -6.1315 -6.56 -6.585 -2.6125 -5.4465 -5.4195 
-8.486 -7.286 -7.773 -8.024 -6.066 -7.993501 -7.736 -9.096001 -11.6317 -12.5793 -8.241 -9.923 -7.4335 -9.6955 -7.683 -7.1145 -6.366 -5.913 
-11.5282 -8.493 -9.1 -8.813001 -8.839001 -10.426 -10.5535 -13.2262 -16.5955 -13.0493 -12.9557 -12.027 -11.3841 -10.525 -8.092501 -7.681 -6.6505 
-12.7352 -9.908 -9.8605 -11.723 -11.2411 -13.2435 -14.6837 -18.19 -17.0655 -17.764 -15.0597 -15.9776 -12.2136 -10.9345 -8.396501 -7.691 
-1.934 -3.7075 -4.1455 0 -3.7825 -4.661 -5.2365 -1.756 -3.6135 -4.8915 
-6.1845 -9.272 -4.1455 -3.7825 -8.365 -10.7495 -6.247 -5.5885 -8.692 
-12.4398 -9.272 -8.175 -8.365 -14.5987 -11.76 -10.0445 -10.27 
-12.4398 -13.3837 -13.0369 -14.5987 -15.6092 -15.5575 -15.1102 
-16.5515 -18.2456 -19.2706 -15.6092 -19.4067 -20.6232 
