-4.759 
n/a 
n/a 
n/a 
n/a 
-4.759 
n/a 
n/a 
n/a 
n/a 
-4.759 
n/a 
n/a 
n/a 
n/a 
-4.759 
n/a 
n/a 
n/a 
n/a 
-9.105 -3.7485 0 -3.188 -5.1845 -3.326 -3.307 0 -5.3885 0 
-13.2095 -3.7485 -3.188 -8.0565 -9.3995 -5.021501 -3.307 -5.3885 -5.3885 
-13.2095 -7.107 -8.0565 -10.5975 -11.184 -5.021501 -8.7605 -5.3885 
-16.568 -12.7445 -10.5975 -12.382 -11.184 -9.324 -8.7605 
-22.2055 -15.2855 -12.382 -12.382 -15.4865 -9.324 
-8.694 -4.0115 0 -3.7485 0 0 -3.188 -5.1845 -3.326 -3.9235 0 -5.3885 0 
-13.1559 -4.0115 -3.7485 -3.7485 0 -3.188 -8.0565 -9.3995 -6.261001 -3.9235 -5.3885 -5.3885 
-13.1559 -7.076 -3.7485 -3.7485 -3.188 -8.0565 -10.5975 -12.4235 -6.261001 -10.155 -5.3885 
-16.2204 -7.076 -3.7485 -7.107 -8.0565 -10.5975 -13.6215 -12.4235 -12.9885 -10.155 
-16.2204 -7.076 -7.107 -12.7445 -10.5975 -13.6215 -13.6215 -19.151 -12.9885 
-8.694 -4.0115 0 -3.7485 0 -3.188 -5.1845 -3.326 -3.9245 0 -5.3885 0 
-13.1559 -4.0115 -3.7485 -3.7485 -3.188 -8.0565 -9.3995 -5.1625 -3.9245 -5.3885 -5.3885 
-13.1559 -7.076 -3.7485 -7.107 -8.0565 -10.5975 -11.325 -5.1625 -8.4285 -5.3885 
-16.2204 -7.076 -7.107 -12.7445 -10.5975 -12.523 -11.325 -8.6645 -8.4285 
-16.2204 -10.243 -12.7445 -15.2855 -12.523 -12.523 -14.827 -8.6645 
-12.16972 -7.76 0 0 -3.188 -12.16972 -12.16972 0 -9.335 0 
-19.24572 -7.076 0 -3.188 -16.49512 -24.33944 -12.16972 -9.335 -9.335 
-19.24572 -7.076 -3.188 -16.49512 -28.66484 -24.33944 -21.50472 -9.335 
-19.24572 -10.243 -16.49512 -28.66484 -28.66484 -33.67444 -21.50472 
-22.41272 -24.31912 -28.66484 -28.66484 -37.99984 -33.67444 
