-4.759 
n/a 
n/a 
n/a 
n/a 
-4.759 
n/a 
n/a 
n/a 
n/a 
-4.759 
n/a 
n/a 
n/a 
n/a 
-4.759 
n/a 
n/a 
n/a 
n/a 
-10.337 -4.848 -2.9805 -3.013 -7.118001 -3.264 0 -11.0235 -7.662 0 0 
-15.259 -6.603 -6.143001 -9.0115 -7.843501 -3.264 -11.0235 -18.6855 -7.662 0 
-17.014 -10.8117 -10.4115 -9.5395 -7.456 -15.2013 -18.6855 -18.6855 -7.662 
-21.2227 -14.1407 -10.6965 -9.772501 -20.1007 -22.8633 -18.6855 -18.6855 
-24.5517 -15.5798 -10.9111 -22.552 -27.7627 -22.8633 -18.6855 
-12.16972 -10.2945 -3.264 -2.3085 -3.0805 -3.9725 
-22.46422 -13.9361 -4.716 -3.7245 -7.1125 
-26.10582 -15.3881 -5.955 -7.4575 
-27.55782 -16.6271 -8.911 
-28.79682 -19.5831 
-4.17 -1.4985 -4.8825 0 -1.4985 -3.9725 -8.8605 -3.264 0 -3.0805 -2.3085 -1.8085 -3.9725 0 
-5.1315 -5.988501 -4.8825 -1.4985 -4.88 -11.0145 -11.117 -3.264 -3.0805 -4.511 -3.986 -5.728 -3.9725 
-10.0475 -5.988501 -6.365 -4.88 -12.6814 -13.271 -11.117 -7.2145 -4.511 -6.3965 -8.887 -5.728 
-10.0475 -7.7535 -9.651501 -12.6814 -14.9379 -13.271 -15.0675 -7.710001 -6.3965 -9.797501 -8.887 
-11.6587 -11.2286 -17.5205 -14.9379 -14.9379 -17.2215 -15.563 -9.073001 -9.797501 -9.797501 
-3.2615 -4.7715 -2.4265 -3.9725 -4.443 -3.539 
-9.141001 -6.187 -7.0845 -8.365001 -7.988501 
-10.427 -10.2595 -11.944 -12.1183 
-14.4995 -15.119 -15.6973 
-19.359 -18.8723 
