-4.759 
n/a 
n/a 
n/a 
n/a 
-4.759 
n/a 
n/a 
n/a 
n/a 
-4.759 
n/a 
n/a 
n/a 
n/a 
-4.759 
n/a 
n/a 
n/a 
n/a 
-10.105 -2.229 -3.0835 -4.3035 -4.93 
-12.615 -4.6705 -7.721001 -10.012 
-15.0565 -8.981501 -13.767 
-19.3675 -15.2519 
-25.6379 
-1.4985 -3.0835 -3.925 -1.7565 -1.4985 -8.392 -5.1675 0 
-3.535 -7.441 -5.311501 -2.4195 -10.543 -13.818 -4.895 
-7.756501 -7.9755 -5.6745 -11.6548 -15.969 -13.818 
-8.126 -8.193501 -15.6414 -17.0808 -15.969 
-8.351501 -18.338 -21.0674 -17.0808 
-12.16972 -3.0835 -3.925 -4.93 
-15.25322 -7.441 -9.618501 
-19.61072 -13.2397 
-25.40942 
n/a 
-4.93 -2.186 -1.4985 -3.0835 -3.925 -1.7565 0 -8.392 0 
-7.711 -3.339 -3.535 -7.441 -5.311501 -1.7565 -8.392 -8.392 
-8.325001 -4.8925 -7.756501 -7.9755 -5.311501 -10.4035 -8.392 
-9.641001 -9.3415 -8.126 -7.9755 -14.6135 -10.4035 
-14.591 -9.9595 -8.126 -17.5449 -14.6135 
