-4.759 
n/a 
n/a 
n/a 
n/a 
-4.759 
n/a 
n/a 
n/a 
n/a 
-4.759 
n/a 
n/a 
n/a 
n/a 
-4.759 
n/a 
n/a 
n/a 
n/a 
-1.4985 -5.3705 -3.8625 -2.7455 -2.3615 -4.0005 -3.644 -2.3335 -3.147 -3.0365 -3.152 -4.386 -1.7565 -3.948 -5.1305 -1.7565 -4.565 -4.853 -4.2335 -1.756 -4.5375 -4.853 -4.442 0 
-6.3935 -8.331 -6.103001 -4.1635 -6.804 -8.1255 -4.989501 -5.9605 -5.7475 -4.453 -6.7035 -4.539 -5.05 -7.908501 -5.6875 -6.477 -8.538 -7.5835 -5.316 -5.9795 -7.384001 -7.516 -4.442 
-10.76 -10.5401 -7.4065 -8.4805 -10.451 -9.8465 -8.840501 -8.0485 -7.3725 -6.725 -6.7255 -8.047501 -8.599001 -8.191 -9.040501 -9.625501 -9.623501 -8.5605 -8.2025 -8.448501 -7.956 -7.516 
-12.9691 -11.8436 -12.1835 -12.6845 -12.172 -13.6905 -10.7575 -9.621 -9.486501 -6.745 -10.5975 -11.9203 -9.094501 -11.6118 -12.6126 -10.128 -10.762 -9.9945 -9.844501 -8.847501 -7.956 
-14.2726 -16.6206 -16.3875 -14.4055 -16.016 -15.6075 -12.33 -11.7592 -9.516001 -10.597 -14.4703 -12.4158 -12.5671 -15.1839 -13.1151 -11.2665 -12.196 -12.0565 -9.905001 -8.847501 
-2.7455 -2.3615 -3.6815 -3.0365 -2.4945 -3.5905 -2.915 0 -3.147 -3.6065 -4.7005 -1.7565 -4.565 -4.7855 0 -4.5375 -4.0455 -5.1305 -2.4945 -4.3725 -2.645 0 
-4.1635 -6.333 -6.639 -3.688 -6.209001 -7.1575 -2.915 -3.147 -7.8485 -5.6825 -4.764 -6.477 -6.6995 -4.7855 -4.5375 -6.739501 -7.905001 -6.601 -5.572001 -7.241501 -2.645 
-7.915 -8.715 -7.182001 -7.604001 -9.724501 -7.1575 -5.893001 -7.8485 -9.713501 -5.719501 -8.993501 -9.158 -6.6995 -9.012 -6.739501 -8.990001 -9.5935 -10.1035 -8.765 -7.241501 
-10.4595 -9.087001 -10.494 -11.1639 -9.724501 -9.8765 -10.647 -9.713501 -9.741 -9.7075 -11.8491 -9.158 -10.4765 -11.5642 -8.990001 -10.5755 -13.1052 -13.4987 -8.765 
-10.8315 -12.494 -14.0539 -11.1639 -12.9617 -14.6305 -12.512 -9.741 -13.7876 -12.6247 -11.8491 -13.0054 -13.0287 -13.8147 -10.5755 -14.0872 -16.5004 -13.4987 
-1.4985 -4.5735 -3.8625 -2.7455 -2.3615 -3.6815 -3.644 -2.3335 -3.0365 -3.152 -4.386 -1.7565 -3.948 -4.178 -1.7565 -4.565 -4.853 -4.2335 -1.756 -4.5375 -4.853 -4.442 0 
-5.271 -8.962 -6.103001 -4.1635 -6.333 -7.409 -4.989501 -4.2925 -4.453 -6.7035 -4.539 -5.05 -6.7555 -5.24 -6.477 -8.538 -7.5835 -5.316 -5.9795 -7.384001 -7.516 -4.442 
-10.5425 -11.9067 -7.4065 -7.915 -10.218 -8.902 -6.695001 -5.589 -6.725 -6.7255 -8.047501 -7.430501 -7.1095 -8.722 -9.625501 -9.623501 -8.5605 -8.2025 -8.448501 -7.956 -7.516 
-13.4872 -13.2102 -11.618 -12.2712 -11.711 -10.7871 -8.172001 -8.071 -6.745 -10.5975 -10.7518 -7.971001 -10.7929 -10.523 -10.128 -10.762 -9.9945 -9.844501 -8.847501 -7.956 
-14.7907 -17.4217 -15.9742 -13.7642 -13.5961 -12.2641 -10.563 -8.094501 -10.597 -13.3018 -11.2923 -11.7606 -12.5939 -10.57 -11.2665 -12.196 -12.0565 -9.905001 -8.847501 
-1.934 -4.5735 -3.8625 -2.7455 -2.3615 -3.6815 0 -2.4265 -4.3865 -4.386 -1.7565 -4.3705 0 -1.756 -4.5375 -4.442 0 
-5.86 -8.962 -6.103001 -4.1635 -6.333 -3.6815 -2.4265 -6.346 -8.352501 -4.539 -5.726 -4.3705 -1.756 -5.9795 -6.2135 -4.442 
-11.1717 -11.9067 -7.4065 -7.915 -6.333 -6.326 -6.346 -9.162001 -8.363501 -7.8115 -5.726 -5.494 -5.9795 -7.2745 -6.2135 
-14.1164 -13.2102 -11.618 -7.915 -8.382 -10.2585 -9.162001 -9.166 -11.8112 -7.8115 -6.665501 -7.4465 -7.2745 -7.2745 
-15.4199 -17.4217 -11.618 -9.951 -12.8273 -13.0745 -9.166 -12.7797 -11.8112 -8.52 -8.35 -8.664001 -7.2745 
