-4.759 
n/a 
n/a 
n/a 
n/a 
-4.759 
n/a 
n/a 
n/a 
n/a 
-4.759 
n/a 
n/a 
n/a 
n/a 
-4.759 
n/a 
n/a 
n/a 
n/a 
-3.535 -7.6105 
-12.3263 
n/a 
n/a 
n/a 
-3.17 -5.2705 -4.9225 -2.4945 -3.8185 -2.5045 -2.664 -5.1875 -12.16972 -10.7715 0 
-7.6175 -8.724501 -6.9525 -7.699501 -6.658 -4.074 -8.949501 -18.58842 -22.94122 -10.7715 
-10.2285 -10.5225 -12.4755 -10.9078 -8.493501 -10.368 -22.49942 -29.35992 -22.94122 
-12.0265 -16.0455 -15.6838 -12.7433 -15.0251 -23.91792 -33.27092 -29.35992 
-17.5495 -19.2538 -17.5193 -19.2749 -28.57502 -34.68942 -33.27092 
-3.135 -4.761 -4.9225 -3.4635 -1.4985 -5.1875 -4.2655 -1.756 -6.5965 
-7.602 -8.025001 -8.859 -4.6325 -5.496 -7.408 -5.291 -7.9575 
-10.733 -12.3351 -9.3785 -9.6485 -7.738501 -8.213 -10.647 
-15.0431 -12.8546 -14.4767 -11.9864 -8.642 -13.9036 
-15.5626 -17.9528 -16.8146 -12.8899 -14.438 
-3.17 -1.7565 -1.4985 -4.761 -3.1385 -3.8185 -5.1875 -4.2655 -1.756 -5.989501 
-4.179 -2.4195 -5.809 -7.5225 -6.885 -9.366501 -7.408 -5.291 -7.5725 
-4.497 -6.669001 -8.66 -11.5012 -12.5036 -10.39 -8.213 -10.2135 
-8.821 -9.368501 -12.7765 -17.1198 -13.5271 -11.195 -13.4701 
-10.76 -13.542 -18.3951 -18.1433 -14.3321 -16.4521 
