-4.759 
n/a 
n/a 
n/a 
n/a 
-4.759 
n/a 
n/a 
n/a 
n/a 
-4.759 
n/a 
n/a 
n/a 
n/a 
-4.759 
n/a 
n/a 
n/a 
n/a 
-3.9415 0 -4.1865 0 -6.717 0 0 -7.8 -4.116 0 
-3.9415 -4.1865 -4.1865 -6.717 -6.717 0 -7.8 -12.6008 -4.116 
-8.5245 -4.1865 -9.133 -6.717 -6.717 -7.8 -12.6008 -12.6008 
-8.5245 -9.133 -9.133 -6.717 -15.2664 -12.6008 -12.6008 
-13.6074 -9.133 -9.133 -15.2664 -20.0672 -12.6008 
-1.934 -3.9415 0 -4.1865 0 -3.8195 0 0 -4.0275 -3.685 0 
-5.2535 -3.9415 -4.1865 -4.1865 -3.8195 -3.8195 0 -4.0275 -7.307 -3.685 
-5.2535 -8.5245 -4.1865 -6.8305 -3.8195 -3.8195 -4.0275 -7.307 -7.307 
-9.762 -8.5245 -6.8305 -6.8305 -3.8195 -8.0535 -7.307 -7.307 
-9.762 -11.3049 -6.8305 -6.8305 -8.0535 -11.917 -7.307 
-3.9415 0 -4.1865 0 -3.913 -3.8195 0 0 -4.0275 -3.6505 0 
-3.9415 -4.1865 -4.1865 -3.913 -5.8695 -3.8195 0 -4.0275 -6.8435 -3.6505 
-8.5245 -4.1865 -8.8605 -5.8695 -5.8695 -3.8195 -4.0275 -6.8435 -6.8435 
-8.5245 -8.8605 -9.3535 -5.8695 -5.8695 -8.0535 -6.8435 -6.8435 
-13.3349 -9.3535 -9.3535 -5.8695 -9.9865 -11.4535 -6.8435 
-3.9415 0 -4.1865 0 -3.7955 0 0 -4.0275 -3.9825 0 
-3.9415 -4.1865 -4.1865 -3.7955 -3.7955 0 -4.0275 -7.633 -3.9825 
-8.5245 -4.1865 -7.1045 -3.7955 -3.7955 -4.0275 -7.633 -7.633 
-8.5245 -7.1045 -7.1045 -3.7955 -7.8415 -7.633 -7.633 
-11.5789 -7.1045 -7.1045 -7.8415 -12.3048 -7.633 
