-4.759 
n/a 
n/a 
n/a 
n/a 
-4.759 
n/a 
n/a 
n/a 
n/a 
-4.759 
n/a 
n/a 
n/a 
n/a 
-4.759 
n/a 
n/a 
n/a 
n/a 
-8.283501 -2.7415 -1.8085 -3.2825 -3.452 -3.881 -3.5455 -2.3615 -3.8405 -2.3335 -2.186 -6.2465 -2.3345 -2.5685 -1.4985 -8.27 0 
-10.3165 -3.891 -5.5105 -6.316 -6.449 -6.8415 -5.013 -5.371 -5.894 -3.7085 -7.7015 -7.104001 -4.884 -3.7015 -9.271501 -8.27 
-11.8852 -7.5735 -8.132 -8.4685 -9.141001 -8.313001 -5.726 -7.2 -6.911 -9.0085 -7.9235 -8.3555 -5.853 -10.5535 -9.271501 
-15.5677 -10.019 -11.0137 -11.5705 -10.3045 -8.707001 -7.388 -8.7925 -12.719 -9.1385 -9.16 -9.085501 -12.9814 -10.5535 
-18.0132 -12.9063 -14.1157 -12.734 -10.429 -10.575 -9.2335 -14.7147 -12.849 -10.6824 -9.785501 -16.4365 -12.9814 
-2.5195 -2.3335 -2.925 -4.0385 -8.5955 -2.0935 -9.6365 
-4.9535 -4.0295 -6.344 -13.3724 -11.1112 -10.75 
-7.5605 -7.682 -16.1659 -15.8881 -19.7677 
-11.3346 -17.6799 -18.6816 -24.5446 
-21.3325 -20.1956 -27.3381 
-3.1015 -1.8085 -3.4795 -4.188 -1.4985 -12.16972 -2.186 -5.5885 -2.3345 -2.5685 -5.1845 -3.1385 
-5.0505 -6.392 -7.515 -5.542 -14.76202 -14.35572 -7.0225 -6.587 -4.884 -8.3965 -7.4095 
-6.6635 -9.740001 -9.171 -19.46432 -16.94802 -19.19222 -7.910501 -8.359501 -10.243 -9.8225 
-10.3385 -11.5154 -23.32692 -21.65032 -21.78452 -20.08022 -9.2545 -14.0319 -11.9454 
-12.1139 -25.67132 -25.51292 -26.48682 -22.67252 -21.42422 -15.1129 -15.7343 
-4.3855 -1.7565 -1.4985 -1.934 -1.4985 -2.95 -10.8685 -8.5955 0 -3.4775 -2.5685 -5.1845 -3.1385 -4.8855 -1.4985 -3.2825 -2.871 -1.7565 -1.4985 -3.527 0 
-5.183001 -2.4195 -5.2355 -2.6125 -3.9285 -14.7521 -19.464 -8.5955 -3.4775 -6.21 -8.3965 -7.4095 -8.871 -6.652501 -3.712 -6.0605 -3.5385 -2.4195 -5.345 -3.527 
-5.607 -6.185 -6.3275 -5.674 -16.3084 -23.3476 -19.464 -12.4952 -6.21 -12.5754 -9.8225 -13.5184 -10.5435 -8.391001 -6.157001 -7.408 -3.7675 -6.383 -5.345 
-9.559001 -7.509501 -9.411 -18.7727 -24.9039 -23.3476 -23.3637 -15.2277 -12.5754 -14.0014 -15.9494 -15.1909 -12.282 -11.656 -7.595 -7.712501 -8.4995 -6.383 
-11.2175 -10.6095 -22.5523 -27.3682 -24.9039 -27.2473 -26.0962 -21.5931 -14.0014 -20.1283 -17.6219 -16.9294 -15.547 -13.094 -7.937 -12.7761 -8.4995 
