-4.759 
n/a 
n/a 
n/a 
n/a 
-4.759 
n/a 
n/a 
n/a 
n/a 
-4.759 
n/a 
n/a 
n/a 
n/a 
-4.759 
n/a 
n/a 
n/a 
n/a 
-3.4765 -3.929 -2.4265 -3.5745 -2.6165 -4.319 -2.0935 -3.45 -3.959 0 
-4.589 -5.029 -5.0785 -4.114 -6.7095 -5.385 -4.440001 -6.0255 -3.959 
-5.5295 -7.124 -5.505 -7.5735 -7.704501 -7.912001 -7.3065 -6.0255 
-7.723001 -7.4815 -9.5895 -8.486 -10.111 -11.1257 -7.3065 
-7.903 -11.8026 -10.3115 -10.9617 -13.4347 -11.1257 
-3.5725 -2.4265 -3.4405 -5.651501 -3.717 -3.222 -1.4985 -3.8275 -1.934 -4.7815 -1.7565 -3.45 -3.959 0 
-5.918 -4.5365 -9.1385 -8.484501 -5.268001 -3.7835 -4.726 -5.2615 -5.165 -5.2005 -4.322 -6.0255 -3.959 
-7.687 -8.586 -12.4725 -10.881 -6.162001 -6.959 -5.692 -8.682 -5.2155 -7.653 -6.8215 -6.0255 
-11.9036 -13.7244 -14.4828 -11.6854 -9.337001 -7.8905 -9.1555 -8.688001 -7.686 -10.218 -6.8215 
-17.4909 -15.4107 -15.1198 -15.1852 -10.5865 -11.695 -9.162001 -11.2851 -10.243 -10.218 
-3.5725 -2.4265 -2.186 -2.6165 -3.0465 -3.539 -1.934 -1.4985 -3.8275 -1.934 -3.333 -1.7695 -3.2015 -2.3615 -4.39 0 
-5.918 -3.292 -3.5105 -5.122 -5.795 -5.0485 -2.6125 -4.726 -5.2615 -3.9835 -4.022 -4.3485 -5.347 -7.956 -4.39 
-6.6665 -4.443 -8.198501 -8.119 -7.586 -5.557 -5.815001 -5.692 -7.531 -4.0425 -6.171 -5.9055 -11.4173 -7.956 
-7.6815 -9.098001 -11.3241 -9.594501 -7.869 -9.068001 -7.106 -8.309501 -7.5645 -6.1785 -7.7115 -12.1392 -11.4173 
-12.6405 -12.3962 -12.7996 -9.767 -11.8642 -10.1505 -9.533501 -8.338 -9.441501 -7.7155 -14.2752 -12.1392 
-2.872 -2.4265 -2.7415 -2.6165 -4.077 -1.934 -1.4985 -3.8275 0 
-4.062 -3.681 -4.266 -5.9945 -4.43 -2.6125 -4.726 -3.8275 
-5.1385 -5.1275 -6.634501 -6.147 -4.9635 -5.815001 -4.726 
-6.204 -8.4895 -6.7225 -6.484 -7.642 -5.815001 
-10.122 -8.604 -6.867 -9.1175 -7.642 
