-4.759 
n/a 
n/a 
n/a 
n/a 
-4.759 
n/a 
n/a 
n/a 
n/a 
-4.759 
n/a 
n/a 
n/a 
n/a 
-4.759 
n/a 
n/a 
n/a 
n/a 
-3.1495 -3.644 -1.7565 -5.044 -1.756 -2.925 -1.4985 -4.493 0 
-6.570001 -6.118001 -5.5895 -6.159 -5.003 -4.202 -6.927 -4.493 
-10.5975 -10.91 -6.7925 -9.9805 -6.5595 -9.610001 -6.927 
-15.3895 -12.113 -10.8092 -11.6934 -12.3937 -9.610001 
-16.5925 -16.1297 -12.5221 -17.5276 -12.3937 
-3.644 -5.2255 -3.599 -2.4945 -4.2925 -1.756 -3.299 -5.2255 -3.599 -1.7695 -3.3165 -1.934 -1.756 -4.334 -2.4265 
-7.712501 -9.550501 -6.8785 -7.589 -6.771 -4.873 -7.685 -9.550501 -5.778 -4.0585 -5.2915 -4.4925 -5.6995 -6.0575 
-12.6483 -12.9598 -12.2566 -8.387 -9.497 -9.1705 -12.4118 -11.8593 -8.3435 -5.7485 -6.337 -7.7005 -6.8435 
-16.0576 -18.3379 -13.0546 -12.009 -15.1089 -14.2971 -14.7206 -14.4248 -9.295501 -6.788 -9.268001 -9.127501 
-21.4357 -19.1359 -16.6766 -17.6209 -20.2355 -16.6059 -17.2861 -15.3768 -9.521001 -9.694 -10.4765 
-1.934 -2.3615 -4.478 -3.599 -4.285 0 -3.299 -4.7 -3.599 0 
-3.539 -7.776 -7.834001 -7.8555 -4.285 -3.299 -7.861001 -6.66 -3.599 
-8.902 -11.5502 -13.1975 -7.8555 -7.8725 -7.861001 -10.223 -6.66 
-12.6368 -16.9137 -13.1975 -12.5108 -13.0097 -10.223 -10.223 
-18.0003 -16.9137 -17.8528 -17.648 -15.3717 -10.223 
-1.4985 -6.6455 -3.599 -2.186 -2.925 -1.756 -2.3335 -3.5015 -4.54 -2.3345 -4.7 -3.599 0 
-7.8065 -9.863501 -5.8475 -5.1085 -4.335 -4.016 -5.909 -7.415 -5.9925 -7.2285 -6.66 -3.599 
-10.553 -12.247 -9.0835 -6.1995 -6.6265 -7.7695 -9.938001 -9.3905 -11.5647 -9.4195 -6.66 
-12.9365 -15.483 -10.661 -8.466001 -10.034 -12.1905 -11.4597 -15.0521 -13.7557 -9.4195 
-16.1725 -17.0605 -12.9275 -12.0603 -14.915 -13.7122 -17.1213 -17.2431 -13.7557 
