-4.759 
n/a 
n/a 
n/a 
n/a 
-4.759 
n/a 
n/a 
n/a 
n/a 
-4.759 
n/a 
n/a 
n/a 
n/a 
-4.759 
n/a 
n/a 
n/a 
n/a 
-2.3615 -1.934 -4.217 0 -4.065 0 -3.9335 0 -4.963 0 -5.834 -1.7695 -4.085 -1.7565 -2.5685 -4.877 -1.934 -2.3335 -3.8195 0 
-4.886 -5.893 -4.217 -4.065 -4.065 -3.9335 -3.9335 -4.963 -4.963 -5.834 -7.466 -5.135 -7.408 -3.938 -7.812 -6.5675 -4.359 -6.500501 -3.8195 
-9.632 -5.893 -8.4645 -4.065 -8.227 -3.9335 -6.205501 -4.963 -12.042 -7.466 -11.5039 -8.988001 -9.703501 -8.784 -9.4615 -8.657001 -7.4255 -6.500501 
-9.632 -10.19 -8.4645 -8.227 -8.227 -6.205501 -6.205501 -12.042 -13.674 -11.5039 -15.3569 -10.4505 -14.7463 -9.915501 -11.742 -11.9113 -7.4255 
-14.175 -10.19 -13.1129 -8.227 -10.7716 -6.205501 -14.2853 -13.674 -17.7119 -15.3569 -16.8194 -15.9405 -15.8778 -12.5514 -14.9963 -11.9113 
-2.4265 -2.186 -1.4985 -3.4865 -1.7695 -4.085 -3.948 -5.0585 -3.115 -4.6745 0 -5.5715 0 -5.9225 0 -4.519 -1.756 -4.5305 0 
-3.292 -3.339 -4.9305 -5.8475 -5.135 -8.110001 -7.775001 -7.353001 -7.6675 -4.6745 -5.5715 -5.5715 -5.9225 -5.9225 -4.519 -5.5875 -5.5275 -4.5305 
-4.5995 -6.876 -8.492001 -9.816 -8.406501 -8.963 -10.2135 -9.2405 -7.6675 -7.985 -5.5715 -10.985 -5.9225 -10.4765 -5.5875 -8.3675 -5.5275 
-8.145 -10.66 -12.5107 -13.1727 -9.015 -12.0499 -12.101 -9.2405 -10.2695 -7.985 -10.985 -10.985 -10.4765 -11.545 -8.3675 -8.3675 
-12.1096 -14.6787 -15.8674 -13.7812 -12.3569 -13.9374 -12.101 -12.2985 -10.2695 -13.7545 -10.985 -15.539 -11.545 -14.325 -8.3675 
-2.4265 -2.186 -1.4985 -3.4865 -2.3335 -2.4265 -4.085 -3.3715 -5.0585 -3.115 -5.23 0 -4.7605 0 -4.519 0 -5.9225 0 -5.376 -5.829 -3.843 0 
-3.292 -3.339 -4.9305 -6.743501 -3.913 -7.613501 -7.705 -7.385501 -7.353001 -8.4895 -5.23 -4.7605 -4.7605 -4.519 -4.519 -5.9225 -5.9225 -5.376 -12.3592 -10.127 -3.843 
-4.5995 -6.876 -8.5565 -8.289001 -9.385 -11.7207 -9.878 -10.054 -13.2689 -8.4895 -10.985 -4.7605 -9.133501 -4.519 -10.7335 -5.9225 -12.1627 -12.3592 -16.6572 -10.127 
-8.145 -10.1035 -10.2838 -13.864 -13.9494 -13.8937 -12.6075 -15.9699 -13.2689 -14.5175 -10.985 -9.133501 -9.133501 -10.7335 -10.7335 -12.1627 -19.1459 -16.6572 -16.6572 
-11.5531 -11.8308 -15.8588 -18.4284 -16.1224 -16.6232 -18.5234 -15.9699 -19.2969 -14.5175 -15.358 -9.133501 -15.9104 -10.7335 -16.9737 -19.1459 -23.4439 -16.6572 
-2.4265 -2.186 -1.4985 -3.4865 -2.3335 -2.4265 -4.085 -2.3335 -4.9505 0 -5.5715 0 -4.519 0 -5.376 0 
-3.292 -3.339 -4.9305 -6.743501 -3.913 -7.613501 -6.739 -7.031 -4.9505 -5.5715 -5.5715 -4.519 -4.519 -5.376 -5.376 
-4.5995 -6.876 -8.5565 -8.289001 -9.385 -9.799001 -10.2925 -7.031 -8.724501 -5.5715 -10.281 -4.519 -8.859 -5.376 
-8.145 -10.1035 -10.2838 -13.864 -12.0277 -13.4461 -10.2925 -11.5756 -8.724501 -10.281 -10.281 -8.859 -8.859 
-11.5531 -11.8308 -15.8588 -16.5067 -15.6748 -13.4461 -14.8371 -11.5756 -13.7722 -10.281 -14.8048 -8.859 
