-4.759 
n/a 
n/a 
n/a 
n/a 
-4.759 
n/a 
n/a 
n/a 
n/a 
-4.759 
n/a 
n/a 
n/a 
n/a 
-4.759 
n/a 
n/a 
n/a 
n/a 
-8.316501 -2.229 -5.709 -4.931 
-9.883 -8.1775 -10.051 
-15.9375 -12.7909 
-20.5509 
n/a 
-8.316501 -11.0555 -8.862 
-19.9258 -19.9175 
-28.7878 
n/a 
n/a 
-8.316501 -2.229 -4.857 -4.61 
-9.883 -7.0635 -6.436 
-14.8235 -8.224501 
-15.9845 
n/a 
-8.316501 -2.229 -2.7415 -4.61 -3.4945 -3.5505 0 
-9.883 -5.767 -8.3815 -7.7955 -6.489 -3.5505 
-13.527 -11.5482 -12.1362 -10.2755 -6.489 
-19.3082 -15.3029 -14.6162 -10.2755 
-23.0629 -17.7829 -14.6162 
