-4.759 
n/a 
n/a 
n/a 
n/a 
-4.759 
n/a 
n/a 
n/a 
n/a 
-4.759 
n/a 
n/a 
n/a 
n/a 
-4.759 
n/a 
n/a 
n/a 
n/a 
-4.0105 -3.522 0 -8.1485 -4.421 
-8.1415 -3.522 -8.1485 -12.9301 
-8.1415 -12.4339 -12.9301 
-17.447 -17.2155 
-22.2286 

n/a 
n/a 
n/a 
n/a 
-3.0835 -3.473 0 -5.1845 -4.421 
-6.9355 -3.473 -5.1845 -10.4765 
-6.9355 -8.821 -10.4765 
-13.0703 -14.6354 
-18.8847 
-4.5735 -3.522 0 -8.27 0 -3.6835 
-9.186501 -3.522 -8.27 -8.27 -3.6835 
-9.186501 -12.5554 -8.27 -12.3803 
-18.4219 -12.5554 -12.3803 
-18.4219 -16.6657 
