-4.759 
n/a 
n/a 
n/a 
n/a 
-4.759 
n/a 
n/a 
n/a 
n/a 
-4.759 
n/a 
n/a 
n/a 
n/a 
-4.759 
n/a 
n/a 
n/a 
n/a 
-1.934 -4.5735 -3.4795 -3.5485 -4.5295 -1.4985 -5.2615 -2.0935 -3.301 -4.4545 -1.756 -4.591 -4.1265 -3.5455 -5.5225 -3.8405 
-5.86 -7.4725 -7.663 -8.5935 -5.943 -6.0705 -6.562 -5.14 -7.619 -5.751 -6.0425 -9.89 -7.277 -8.154501 -8.5445 
-7.932 -10.733 -13.1102 -9.7185 -9.1995 -8.2495 -10.564 -9.5835 -8.818001 -9.547501 -11.6281 -13.1067 -12.5 -10.2185 
-11.2945 -16.1802 -14.2352 -13.022 -11.7303 -12.2837 -15.0075 -9.882501 -12.7431 -15.6149 -14.8448 -18.3297 -14.564 
-16.7417 -17.3052 -17.5387 -15.5528 -15.7645 -16.7272 -15.3065 -14.6782 -18.8105 -18.8316 -20.0678 -20.3937 
-1.934 -3.5905 -3.277 -4.8275 -2.4945 -5.816 -1.7695 -3.8905 -2.0935 -4.4545 
-5.709 -7.874001 -8.824 -8.5175 -8.290501 -6.828001 -5.2345 -5.6635 -6.632 
-9.830001 -13.5792 -13.0514 -14.6671 -9.546501 -7.415501 -6.5795 -8.974 
-15.596 -17.8066 -19.201 -15.9231 -10.2636 -8.263 -9.413 
-19.8234 -23.9562 -20.457 -16.6402 -11.1111 -10.426 
-3.5455 -9.1405 -2.5045 -1.4985 -2.95 -1.7565 -4.881 -1.4985 -4.574 -2.742 -3.429 -5.882 0 -1.934 -3.333 -1.7695 -3.0465 -4.318 -4.4545 0 
-14.1158 -11.9318 -3.1915 -3.9285 -4.3785 -6.603001 -6.3355 -5.636001 -7.184 -4.5865 -11.046 -5.882 -1.934 -3.9835 -4.022 -3.683 -7.381001 -5.856 -4.4545 
-16.9071 -12.6188 -4.5155 -4.676 -7.6155 -8.128 -11.0224 -7.802001 -9.1075 -12.9479 -11.046 -7.316 -3.9835 -4.0425 -5.6325 -8.063001 -9.109501 -5.856 
-17.5941 -13.9428 -4.837 -7.789001 -8.818501 -12.9389 -13.1884 -9.627001 -17.5859 -12.9479 -12.48 -9.859001 -4.0425 -5.6475 -10.513 -9.681001 -9.109501 
-18.9181 -14.2643 -8.0755 -8.928 -13.6612 -15.1049 -15.0134 -18.177 -17.5859 -14.3819 -15.023 -9.893001 -5.6475 -10.532 -12.131 -9.681001 
-1.756 -5.271 -1.7565 -3.959 -1.934 -6.4185 -3.4795 
-6.007 -6.451 -5.672 -5.2625 -7.367 -6.943 
-6.966001 -9.392501 -6.804501 -11.8587 -7.751 
-10.05 -10.7615 -13.6915 -12.2427 
-11.5674 -17.6485 -14.0755 
