-4.759 
n/a 
n/a 
n/a 
n/a 
-4.759 
n/a 
n/a 
n/a 
n/a 
-4.759 
n/a 
n/a 
n/a 
n/a 
-4.759 
n/a 
n/a 
n/a 
n/a 
-2.882 -3.281 0 -2.5195 -9.534 -1.7695 -10.9935 -4.297 -4.098 -4.889 -9.686501 -1.756 -4.493 -2.789 -1.756 -4.874 -4.072 
-5.290501 -3.281 -2.5195 -12.7271 -11.5111 -13.7452 -15.2905 -7.864501 -8.6695 -15.5079 -10.9575 -5.8105 -7.751 -5.2585 -6.3325 -9.712 
-5.290501 -6.2225 -12.7271 -14.7042 -23.4868 -18.0422 -18.858 -13.032 -20.2864 -16.7789 -15.012 -9.008 -9.338 -9.709 -10.513 
-8.331501 -16.9693 -14.7042 -26.6799 -27.7838 -21.6097 -24.0255 -24.6489 -21.5574 -20.8334 -18.2095 -10.9496 -9.772 -14.1671 
-19.4239 -18.9464 -26.6799 -30.9769 -31.3513 -26.7772 -35.6424 -25.9199 -25.6119 -24.0309 -20.1511 -11.3836 -14.2793 
-2.882 -3.281 0 -1.934 -1.4985 -4.3395 -2.3335 -4.101 -2.5195 -8.755 -1.7695 -12.16972 -3.0365 -2.7415 -1.8085 -4.889 -4.8115 -2.9705 -4.493 -4.072 -3.1385 0 
-5.290501 -3.281 -1.934 -2.6125 -5.3695 -6.717 -5.713 -5.8035 -11.9481 -10.9625 -14.92142 -15.20622 -4.2225 -3.891 -5.919001 -6.759501 -7.56 -6.708 -8.5305 -7.4205 -3.1385 
-5.290501 -5.919 -2.6125 -6.890501 -7.417001 -8.895 -7.4925 -15.7191 -14.1556 -24.11442 -17.95792 -16.39222 -4.725 -7.6175 -7.55 -9.067 -8.856501 -9.4715 -8.8785 -7.4205 
-8.1245 -6.7585 -6.890501 -8.939501 -9.580001 -9.9645 -17.5181 -17.9266 -27.30752 -27.15092 -19.14392 -16.89472 -8.101501 -9.085001 -9.571001 -9.6835 -11.8416 -9.658001 -8.8785 
-8.8935 -11.2477 -8.939501 -11.2465 -10.7253 -19.9901 -19.7256 -31.07852 -30.34402 -28.33692 -19.64642 -20.27122 -9.2235 -11.3704 -10.08 -12.7478 -12.0281 -9.658001 
-2.882 -3.281 0 -4.8115 -1.934 -4.297 -4.8435 -2.5195 -5.7465 -1.7695 -12.16972 -4.9955 -2.789 -1.756 -4.072 -5.2985 -4.874 0 
-5.290501 -3.281 -4.8115 -6.611 -6.725 -8.028001 -6.5645 -7.593 -7.726501 -14.92142 -17.16522 -7.523 -5.2585 -6.613 -10.3615 -6.751 -4.874 
-5.290501 -9.136001 -6.611 -10.259 -10.9918 -8.863001 -10.513 -8.398001 -21.12122 -19.91692 -19.69272 -9.9055 -9.0825 -13.2877 -11.814 -6.751 
-12.1923 -11.1903 -10.259 -14.5258 -11.8268 -12.9961 -10.7755 -22.06872 -26.11672 -22.44442 -22.07522 -14.2767 -16.1428 -14.7402 -11.814 
-14.2466 -14.8383 -14.5258 -15.3608 -15.9599 -13.2586 -24.44622 -27.06422 -28.64422 -24.82692 -26.44642 -21.337 -17.5953 -14.7402 
-2.882 -3.281 0 -1.4985 -4.297 -4.101 -2.5195 -6.711 -3.2875 -1.7695 -12.16972 -3.2875 -2.4945 -4.889 -5.764 -2.645 -7.1955 -2.789 -4.493 -1.756 -4.072 -2.4945 -4.874 
-5.290501 -3.281 -1.4985 -5.24 -8.136001 -5.8035 -9.035001 -10.4115 -5.4545 -14.92142 -15.45722 -6.2965 -8.3195 -8.762001 -8.946001 -8.3485 -10.0785 -7.804 -5.8585 -6.613 -7.541 -6.554 
-5.290501 -5.584001 -5.24 -8.4135 -9.889501 -12.806 -12.9499 -12.8617 -19.25702 -18.20892 -18.46622 -12.3543 -12.4853 -12.2016 -15.1455 -11.5305 -15.0935 -9.202001 -9.361501 -8.5515 -11.8943 
-7.4835 -9.241 -8.4135 -10.243 -16.892 -16.7209 -15.4001 -26.66422 -22.54452 -21.21792 -24.52402 -16.5201 -15.9249 -18.4011 -18.3275 -16.5455 -16.4915 -12.8248 -12.1426 -13.0624 
-11.5485 -12.7975 -10.243 -17.2455 -20.8069 -19.1711 -29.20262 -29.95172 -25.55352 -27.27572 -28.68982 -19.9597 -22.1244 -21.5831 -23.3425 -17.9435 -20.1143 -15.6059 -16.6535 
