-4.759 
n/a 
n/a 
n/a 
n/a 
-4.759 
n/a 
n/a 
n/a 
n/a 
-4.759 
n/a 
n/a 
n/a 
n/a 
-4.759 
n/a 
n/a 
n/a 
n/a 
-4.991 -3.7865 -2.4285 -4.563 -3.7865 -2.4945 -3.517 -1.7565 -6.007 -4.182 -1.756 -5.031 -1.7565 -4.7035 
-5.126 -6.566501 -7.105 -7.551001 -6.6215 -7.082 -5.452 -7.991001 -9.151501 -5.1875 -6.037 -5.93 -6.206 
-7.749001 -9.6675 -9.901501 -9.572001 -9.502501 -8.087 -9.4975 -9.4195 -9.480501 -7.9925 -6.777 -10.647 
-9.6885 -10.2665 -10.2965 -10.3175 -9.526 -9.5765 -9.556001 -9.533001 -9.5375 -8.762 -11.8466 
-10.272 -10.3095 -10.33 -10.3275 -9.593 -9.594 -9.583501 -9.555 -9.553501 -13.9822 
-3.502 -4.8625 -1.7565 -3.59 -3.8275 -4.267 -1.934 -1.4985 -2.871 -3.898 0 
-8.005 -5.93 -5.59 -8.274 -8.495 -6.7145 -2.6125 -4.316 -7.9665 -3.898 
-10.298 -11.3699 -10.494 -13.2247 -11.4347 -7.280001 -6.0885 -9.514501 -7.9665 
-15.8845 -16.2739 -15.4447 -16.1644 -12.0002 -10.335 -11.5754 -9.514501 
-20.7885 -21.2246 -18.3844 -16.7299 -15.0552 -16.1385 -11.5754 
-3.1385 -1.7565 -3.502 -3.8735 -3.757 -5.527 -3.9225 -3.277 -2.5045 -3.3235 -2.5045 -2.356 -2.8965 -6.18 -2.3615 -3.766 -3.913 -2.7415 -4.1205 -2.5045 -1.8085 -4.901 -1.756 -2.4265 -4.09 -3.6245 0 
-4.861 -4.9855 -6.2275 -8.288501 -7.515 -9.341001 -5.4525 -4.9585 -3.7105 -3.8485 -5.057 -4.4085 -7.607501 -8.02 -6.282001 -6.744 -6.864 -5.631001 -5.3175 -3.3625 -5.8385 -6.3375 -3.949 -6.686 -8.1975 -3.6245 
-7.0245 -7.1955 -10.6095 -12.2717 -11.8698 -10.758 -7.2975 -6.113 -3.8545 -6.0985 -6.357 -8.457001 -9.4195 -12.0685 -9.511001 -9.211 -9.301001 -6.993001 -5.9545 -6.5055 -7.1175 -8.066 -8.171 -10.1545 -8.1975 
-9.345 -11.7603 -14.5927 -16.6265 -13.2868 -12.603 -7.752 -6.5065 -6.104 -7.325 -11.168 -10.164 -13.4689 -15.4619 -12.1134 -11.791 -10.2495 -7.5435 -9.455 -7.905 -8.832001 -12.451 -11.8725 -10.1545 
-14.0316 -15.7435 -18.9475 -18.0435 -15.1318 -13.0575 -7.78 -8.598001 -7.327 -11.6759 -13.2954 -14.4552 -16.7777 -18.0643 -14.6934 -12.7395 -11.01 -11.1618 -11.0275 -9.538501 -13.3346 -16.1525 -11.8725 
-3.5065 -3.502 -3.8735 -2.7415 -4.321 -4.077 -1.934 -4.5165 -3.1495 -3.7905 -2.645 -4.3035 0 
-7.9465 -6.2275 -6.64 -6.7015 -7.567 -4.43 -7.024 -7.9325 -7.273001 -5.186 -6.397 -4.3035 
-11.1854 -8.836 -10.757 -9.097501 -7.81 -8.4685 -9.933001 -12.341 -8.5415 -8.654 -6.397 
-13.7939 -12.9838 -13.153 -9.199501 -10.6605 -11.6123 -14.3415 -13.6095 -12.2907 -8.654 
-17.9417 -15.3798 -13.255 -12.1462 -13.8043 -16.0208 -15.61 -17.3587 -12.2907 
