-4.759 
n/a 
n/a 
n/a 
n/a 
-4.759 
n/a 
n/a 
n/a 
n/a 
-4.759 
n/a 
n/a 
n/a 
n/a 
-4.759 
n/a 
n/a 
n/a 
n/a 
-2.3615 -3.6175 -2.186 -3.8535 -2.3345 -3.7205 0 
-5.316 -5.459 -4.972 -5.069 -7.113 -3.7205 
-6.6375 -6.978 -5.838 -10.172 -7.113 
-8.726501 -8.547 -11.3338 -10.172 
-9.2915 -14.208 -11.3338 
-2.3615 -3.213 -3.013 -4.416 -5.181 0 
-4.8855 -6.413 -7.708501 -9.6815 -5.181 
-8.158 -11.6829 -13.5098 -9.6815 
-13.8417 -17.4842 -13.5098 
-19.643 -17.4842 
-1.4985 -6.6985 -3.8875 -3.013 -2.3615 
-8.663 -11.5342 -7.1715 -4.620501 
-13.8081 -14.8182 -9.229 
-17.0921 -16.8757 
-19.1496 
-3.331 -3.4405 -2.3615 -3.213 0 
-6.4945 -5.009 -4.8855 -3.213 
-8.267 -6.426001 -4.8855 
-10.374 -6.426001 
-10.374 
