-4.759 
n/a 
n/a 
n/a 
n/a 
-4.759 
n/a 
n/a 
n/a 
n/a 
-4.759 
n/a 
n/a 
n/a 
n/a 
-4.759 
n/a 
n/a 
n/a 
n/a 
-2.9905 -1.7565 -3.091 -4.15 0 -2.5645 0 -4.4105 -5.683 -3.627 -2.5685 -4.07 -1.4985 -3.188 
-3.6185 -4.0655 -7.5045 -4.15 -2.5645 -2.5645 -4.4105 -10.2985 -9.452001 -6.7655 -5.867 -5.3895 -3.619 
-5.5565 -8.1685 -7.5045 -7.341001 -2.5645 -7.651501 -10.2985 -14.4607 -12.9307 -9.3295 -7.0325 -6.147 
-10.494 -8.1685 -11.3289 -7.341001 -7.651501 -13.9115 -14.4607 -17.9394 -15.4947 -9.402 -7.7455 
-10.494 -12.0701 -11.3289 -12.8394 -13.9115 -18.0737 -17.9394 -20.5034 -15.5672 -11.6856 
-3.091 -2.5645 -3.3195 -4.299 -2.4945 -3.383 -3.6975 -3.6215 -1.4985 -3.188 
-6.857 -6.5975 -6.4475 -6.6425 -4.732 -5.5455 -7.421 -4.094 -3.619 
-11.3874 -9.84 -9.105501 -8.6455 -6.426001 -8.341001 -7.590001 -4.561 
-14.6299 -12.498 -11.2091 -10.2755 -9.187 -8.604 -7.769001 
-17.2879 -14.6016 -12.8391 -13.0365 -9.4315 -8.8275 
-3.8445 -1.7565 -3.091 -3.3195 -4.299 -2.674 -3.1125 -4.2085 -1.934 -3.6885 -4.0145 -4.173 -1.4985 -3.188 0 
-5.6185 -4.0655 -5.8145 -6.4475 -7.045 -3.6315 -5.9645 -5.347001 -5.257 -5.6105 -7.726501 -4.3745 -3.619 -3.188 
-7.091 -6.8185 -9.594501 -9.436001 -7.5975 -6.3525 -7.142 -8.054501 -6.456 -8.867001 -7.928 -5.4615 -3.619 
-10.5262 -10.4505 -12.6962 -10.1125 -9.240001 -7.414001 -9.685501 -8.763 -8.938001 -9.0275 -9.003 -5.4615 
-14.1582 -13.5522 -13.3727 -11.962 -10.0135 -10.006 -10.091 -10.75 -9.097501 -10.389 -9.003 
-3.9225 -3.091 -4.299 -3.8445 -4.299 -4.3195 -3.188 -4.4695 -1.756 -3.074 -4.2085 -1.8085 -3.845 0 
-6.046 -6.9845 -8.487501 -7.2885 -8.651001 -7.6175 -5.684 -6.175 -4.566 -6.6425 -6.212 -3.9645 -3.845 
-9.9665 -11.7274 -10.4505 -12.4055 -12.277 -8.0625 -7.726 -8.7915 -8.219501 -8.085001 -7.517 -3.9645 
-14.8164 -13.6904 -15.8727 -16.0315 -12.722 -9.2905 -10.6465 -12.7522 -9.706 -9.367001 -7.517 
-16.7794 -19.1126 -19.4987 -16.4765 -13.95 -12.2892 -14.6072 -14.2387 -10.988 -9.367001 
