-4.759 
n/a 
n/a 
n/a 
n/a 
-4.759 
n/a 
n/a 
n/a 
n/a 
-4.759 
n/a 
n/a 
n/a 
n/a 
-4.759 
n/a 
n/a 
n/a 
n/a 
-3.3855 -2.186 -12.16972 -7.8015 -3.6955 -2.872 -2.6165 -3.047 -2.8965 -4.088 -3.213 -2.186 -3.098 -2.871 -3.6385 -8.842501 -2.264 -3.3855 -3.3435 0 
-4.4785 -15.56612 -19.97122 -11.9054 -6.4195 -4.245 -5.2435 -5.549 -6.5915 -7.784 -4.8695 -4.5535 -4.554 -5.371 -13.3658 -11.3559 -6.2925 -8.9635 -3.3435 
-18.61782 -23.36762 -24.07512 -14.6294 -8.118 -7.961501 -8.257 -10.096 -10.1305 -9.801001 -7.532001 -5.568 -7.06 -15.8715 -15.8792 -15.3844 -12.1049 -8.9635 
-26.41932 -27.47152 -26.79912 -16.3279 -12.2389 -10.1805 -13.099 -13.635 -12.1475 -12.4635 -8.8575 -8.0515 -17.9549 -18.3849 -19.9077 -21.1968 -12.1049 
-30.52322 -30.19552 -28.49762 -20.4488 -14.4579 -15.1605 -16.638 -15.652 -14.81 -13.789 -11.7948 -19.4662 -20.4683 -22.4134 -25.7201 -21.1968 
-7.172 -2.186 -4.043 -1.756 -3.6065 -3.9225 -3.45 -3.354 -1.7565 -3.1385 -3.0695 -3.985 -4.2315 -2.0935 -2.985 -5.7695 0 
-9.5165 -5.535501 -5.3475 -5.5745 -7.279 -5.533 -6.5635 -4.273 -4.388 -4.286 -6.443 -7.2 -6.0305 -4.3315 -6.7405 -5.7695 
-13.0362 -6.352 -7.286 -9.477 -9.1905 -8.619 -8.6575 -7.157 -5.278 -7.332001 -8.8695 -8.673 -7.371 -7.3205 -6.7405 
-13.8527 -8.099501 -10.598 -11.3725 -12.3523 -11.0602 -10.5425 -7.9695 -8.633501 -9.848001 -9.597 -10.434 -10.7335 -7.3205 
-15.6002 -11.7785 -12.4935 -14.5343 -14.7935 -12.9452 -10.7765 -11.433 -11.3567 -10.4975 -11.4256 -13.7965 -10.7335 
-4.221 -2.356 -6.075 -1.934 -3.5485 -8.2545 -2.0935 -8.842501 0 
-5.910501 -8.573501 -7.633 -5.396 -13.085 -10.3105 -11.927 -8.842501 
-12.8736 -10.1855 -9.989 -15.5255 -15.141 -20.144 -11.927 
-14.4856 -12.5415 -20.3235 -17.5815 -24.9745 -20.144 
-16.8416 -22.876 -22.3795 -27.415 -24.9745 
-3.3855 -3.8245 -2.0935 -2.871 -1.756 -3.098 -8.842501 -3.3855 -2.186 -4.2215 -2.5195 -12.16972 0 
-7.839001 -5.99 -4.604 -4.864 -4.806 -12.9847 -12.4774 -4.4785 -5.737 -6.392 -15.36282 -12.16972 
-10.647 -8.58 -6.572001 -5.8745 -15.0101 -16.6196 -13.5704 -7.765501 -7.4445 -19.89172 -15.36282 
-13.237 -10.2485 -8.2895 -16.3026 -18.645 -17.7126 -16.8574 -9.819501 -21.18302 -19.89172 
-14.9055 -12.4288 -19.5226 -19.9375 -19.738 -20.9996 -18.9114 -23.59582 -21.18302 
