-4.759 
n/a 
n/a 
n/a 
n/a 
-4.759 
n/a 
n/a 
n/a 
n/a 
-4.759 
n/a 
n/a 
n/a 
n/a 
-4.759 
n/a 
n/a 
n/a 
n/a 
-2.3615 -3.895 -5.7 -3.8515 -3.3255 -2.95 0 
-5.819 -9.645 -6.933001 -7.132 -6.006001 -2.95 
-10.411 -10.69 -9.856501 -9.547501 -6.006001 
-11.456 -13.6135 -12.4748 -9.547501 
-14.3795 -16.2318 -12.4748 
-2.872 0 -2.4265 -5.344 -3.2615 -3.135 -3.277 
-2.872 -2.4265 -6.935 -7.0315 -5.675 -5.790501 
-4.062 -6.935 -8.532001 -9.357 -7.389 
-8.1245 -8.532001 -10.459 -11.192 
-9.009001 -10.459 -12.294 
-2.872 0 -2.3615 -3.8235 -1.4985 -3.193 -3.2615 -2.186 -4.368 0 
-2.872 -2.3615 -6.017 -5.844 -4.136 -5.197001 -6.743 -5.577001 -4.368 
-4.6665 -6.017 -7.9855 -8.893001 -5.712 -8.440001 -10.0375 -5.577001 
-8.349501 -7.9855 -11.2351 -9.9925 -8.512501 -12.0049 -10.0375 
-10.6394 -11.2351 -12.3346 -12.793 -12.1418 -12.0049 
-2.872 -3.1495 -3.2615 -3.135 -3.4795 -5.054 0 
-5.392 -7.2355 -5.675 -6.0235 -9.245501 -5.054 
-9.639501 -9.527 -7.691 -12.4431 -9.245501 
-12.3196 -11.5608 -14.4586 -12.4431 
-14.3534 -18.3284 -14.4586 
