-4.759 
n/a 
n/a 
n/a 
n/a 
-4.759 
n/a 
n/a 
n/a 
n/a 
-4.759 
n/a 
n/a 
n/a 
n/a 
-4.759 
n/a 
n/a 
n/a 
n/a 
-4.152 -5.703 -4.4995 -2.264 -3.5195 -1.756 -1.4985 -3.9655 -5.703 -2.264 -3.506 -3.1255 -3.5075 0 -3.9395 -5.6195 -3.972 -2.264 -3.3985 -5.6235 -4.184 -1.756 -1.4985 -4.933 -4.4665 -2.264 -3.1635 -4.255 -3.531 
-6.552501 -9.703501 -6.209001 -4.863 -6.047501 -3.0405 -4.8585 -6.6595 -7.8585 -4.855 -5.4975 -5.759 -3.5075 -3.9395 -7.053 -10.841 -6.033 -4.699 -9.759001 -9.382501 -5.9845 -3.0405 -5.934 -8.960001 -6.019001 -5.632 -6.191 -7.6525 
-10.2535 -10.6365 -9.233001 -8.922001 -7.170001 -6.9015 -7.123 -8.264501 -8.368 -6.503 -7.7875 -5.759 -7.4425 -7.053 -12.9533 -12.902 -8.894 -10.7025 -13.518 -11.2936 -7.39 -7.744 -9.9975 -10.1645 -8.8275 -7.6615 -7.985 
-11.1865 -13.6605 -13.4064 -10.1595 -8.9385 -8.759001 -8.856001 -8.394 -9.2745 -8.4965 -7.7875 -9.6555 -10.575 -12.9533 -15.0143 -15.763 -15.1099 -14.4615 -15.4291 -12.6991 -12.4077 -11.8955 -11.3352 -13.1278 -10.5045 -8.851001 
-14.2105 -17.8339 -14.6439 -11.928 -11.8072 -10.2275 -9.245001 -9.416 -10.719 -8.4965 -12.1112 -10.6625 -16.4753 -15.0143 -17.8753 -21.9789 -18.8689 -16.3726 -16.8346 -17.7168 -16.5592 -13.2332 -14.2985 -14.8048 -11.694 
-2.264 -3.352 -4.995 0 -4.2485 -4.461 -2.7765 -4.474 -3.433 -3.6065 -4.8715 0 -3.2775 -2.5045 -5.059 0 -4.9545 0 -4.208 -4.5615 0 -2.4285 -7.068501 -4.248 0 -2.674 -5.514 -4.033 -4.458 -3.2775 -2.5045 -6.184 0 -6.054 0 -2.4285 -5.0185 -3.3425 0 
-5.4785 -7.6295 -4.995 -4.2485 -7.1105 -6.741001 -5.497001 -6.5975 -6.8985 -7.337501 -4.8715 -3.2775 -3.678 -8.094501 -5.059 -4.9545 -4.9545 -4.208 -6.6415 -4.5615 -2.4285 -8.436001 -9.536501 -4.248 -2.674 -6.9165 -8.4315 -6.169 -6.387 -3.678 -9.017501 -6.184 -6.054 -6.054 -2.4285 -6.974 -6.168 -3.3425 
-9.034 -7.6295 -9.137501 -7.1105 -9.101501 -8.658501 -7.501 -9.48 -9.9835 -7.337501 -6.785 -3.678 -8.445001 -8.094501 -7.9785 -4.9545 -9.1705 -6.6415 -6.6415 -6.599 -6.857 -8.797501 -7.544001 -6.596 -6.9165 -9.622001 -9.458501 -7.857 -6.403501 -9.2335 -9.017501 -9.9645 -6.054 -8.012501 -6.974 -8.534 -6.168 
-9.034 -10.4675 -10.323 -9.101501 -10.3225 -10.0995 -10.122 -10.5045 -9.9835 -8.98 -6.8065 -8.445001 -8.445001 -9.798 -7.9785 -9.1705 -10.389 -6.6415 -8.915001 -10.5375 -8.3675 -8.3675 -9.607501 -10.223 -9.622001 -10.1325 -10.3695 -7.869 -10.2865 -9.2335 -10.5045 -9.9645 -8.012501 -10.4345 -8.534 -8.534 
-10.504 -10.5275 -10.5245 -10.3225 -10.5145 -10.5095 -10.5095 -10.5045 -10.49 -8.9895 -10.2135 -8.445001 -9.802501 -9.798 -10.4675 -10.389 -10.389 -8.915001 -10.5395 -10.554 -8.3675 -10.523 -10.545 -10.551 -10.1325 -10.485 -10.388 -10.494 -10.2865 -10.5045 -10.5045 -10.49 -10.4345 -10.517 -8.534 
-4.152 -3.852 -5.703 -2.742 -4.397 -2.264 -3.5195 -4.602 0 -1.4985 -3.9655 -3.852 -5.703 -2.742 -4.397 -2.264 -3.506 -4.602 0 -3.9395 -3.852 -5.6195 -2.742 -4.397 -2.264 -3.3985 -4.602 -1.756 -1.4985 -4.933 -3.852 -5.6195 -2.742 -4.397 -2.264 -3.531 -4.851 0 
-6.307501 -9.163 -8.571501 -5.4265 -6.2025 -4.863 -6.3805 -4.602 -1.4985 -4.8585 -6.291 -9.163 -8.571501 -5.4265 -6.2025 -4.855 -6.477 -4.602 -3.9395 -6.5105 -10.0925 -8.3745 -5.4265 -6.2025 -4.699 -6.1925 -6.5785 -3.0405 -5.934 -7.417 -10.0925 -8.3745 -5.4265 -6.2025 -4.8755 -6.395 -4.851 
-11.8743 -12.7807 -10.634 -7.013 -8.670501 -7.2375 -6.3805 -6.997001 -4.8585 -6.6785 -11.8776 -12.7807 -10.634 -7.013 -8.800501 -7.3405 -6.477 -8.7355 -6.5105 -13.0724 -12.9721 -10.7495 -7.013 -8.808001 -7.043 -7.531 -8.022 -7.744 -7.807 -13.9307 -12.9721 -10.7495 -7.013 -8.856001 -7.2305 -6.395 
-15.492 -14.8432 -12.2205 -9.054501 -9.743501 -7.2375 -8.4965 -9.5415 -6.6785 -12.4419 -15.4953 -14.8432 -12.2205 -9.130501 -10.757 -7.3405 -10.7175 -11.7059 -13.0724 -15.952 -15.3471 -12.336 -9.187 -10.27 -8.490001 -9.355 -13.0647 -9.554501 -14.5077 -16.8103 -15.3471 -12.336 -9.540001 -11.5008 -7.2305 
-17.5545 -16.4297 -14.262 -10.1635 -9.743501 -8.946501 -11.2204 -12.1091 -12.4419 -16.0596 -17.5578 -16.4297 -14.338 -11.1758 -10.757 -11.8496 -13.6879 -18.2678 -15.952 -18.327 -16.9336 -14.51 -10.389 -11.9542 -9.878 -14.4273 -14.8752 -16.359 -17.3873 -19.1853 -16.9336 -14.863 -12.1972 -11.5008 
-4.152 -5.703 -4.638 -1.934 -3.67 -3.1255 -1.756 -3.9655 -5.703 -4.638 -1.934 -3.506 -3.1255 0 -4.933 -3.852 -5.6195 -4.638 -1.934 -3.3985 -3.1255 -1.756 -3.9395 -4.474 -1.934 -3.777 -3.1635 
-6.552501 -8.66 -5.472 -6.27 -5.4785 -5.6045 -5.712501 -6.6595 -8.66 -5.472 -4.961 -5.4975 -3.1255 -4.933 -7.417 -10.0925 -8.610001 -5.472 -4.924 -5.379 -5.6045 -5.7975 -9.696 -5.244 -6.611 -5.584 
-8.960001 -9.703501 -10.543 -8.226501 -8.2935 -10.1465 -8.609501 -9.217001 -9.703501 -8.255 -7.896501 -5.4975 -8.172501 -7.417 -13.9307 -13.2076 -9.606501 -8.341001 -7.915 -7.649001 -9.977501 -10.523 -10.2355 -10.5535 -8.271501 
-10.051 -15.2431 -12.4995 -11.9863 -13.0257 -13.0435 -11.3312 -10.1815 -10.5665 -11.8497 -7.896501 -10.4185 -11.1155 -13.9307 -17.0458 -14.2041 -10.7045 -11.9636 -10.718 -12.5464 -14.703 -11.0625 -15.6224 -12.214 
-15.5886 -17.1996 -16.2593 -16.7185 -15.9227 -15.7652 -12.2957 -11.1763 -14.1612 -11.8497 -13.3155 -13.3615 -17.6292 -17.0458 -18.0423 -15.3021 -14.3271 -14.7666 -15.6154 -17.2719 -15.2425 -16.4494 -17.2829 
