16 -25.9434 33.5802 41.8277 2.0987625 2.61423125
12 -23.42 63.3199 89.4682 5.276658333333333 7.455683333333333
15 -27.6118 53.1784 69.3082 3.5452266666666667 4.620546666666667
15 -25.0186 36.6154 46.5488 2.4410266666666667 3.1032533333333334
13 -25.4515 65.7607 90.7424 5.058515384615385 6.980184615384616
9 -22.5165 178.504 317.563 19.833777777777776 35.28477777777778
15 -29.6421 71.2249 94.6544 4.748326666666667 6.310293333333333
8 -19.5494 148.646 277.761 18.58075 34.720125
12 -21.8863 48.2575 66.6594 4.021458333333333 5.554950000000001
13 -21.875 36.5174 48.1606 2.809030769230769 3.7046615384615387
13 -23.9829 51.6494 69.9584 3.9730307692307694 5.3814153846153845
9 -21.4718 140.34 243.085 15.593333333333334 27.009444444444444
10 -22.8918 120.523 194.615 12.052299999999999 19.4615
13 -25.707 68.5829 94.943 5.275607692307692 7.303307692307692
18 -31.5352 45.6823 56.488 2.5379055555555556 3.1382222222222222
16 -32.6694 83.5087 110.113 5.21929375 6.8820625
15 -28.0771 56.8615 74.44 3.790766666666667 4.962666666666666
10 -21.7874 95.6472 150.918 9.56472 15.091800000000001
