13 -26.3938 76.7843 107.224 5.906484615384615 8.248000000000001
10 -24.3906 164.942 274.829 16.4942 27.4829
11 -26.9903 177.499 284.228 16.136272727272726 25.83890909090909
13 -27.8094 96.9144 137.78 7.454953846153846 10.598461538461539
14 -31.1821 119.896 168.769 8.564 12.054928571428572
12 -33.7349 393.544 647.504 32.79533333333333 53.958666666666666
13 -36.416 399.153 632.743 30.704076923076926 48.672538461538466
15 -25.7215 51.8524 68.7468 3.4568266666666667 4.583119999999999
14 -31.1821 119.896 168.769 8.564 12.054928571428572
14 -34.9768 214.677 315.022 15.334071428571429 22.501571428571427
13 -29.8089 134.65 196.332 10.357692307692307 15.102461538461538
15 -32.5516 108.263 147.948 7.217533333333334 9.8632
12 -29.4329 183.683 283.623 15.306916666666666 23.63525
12 -28.6947 161.17 246.164 13.430833333333332 20.513666666666666
15 -32.1508 102.194 139.119 6.8129333333333335 9.2746
14 -34.0688 186.747 271.322 13.33907142857143 19.380142857142857
26 -62.3457 249.984 311.766 9.61476923076923 11.991000000000001
26 -43.819 56.5926 66.9563 2.1766384615384613 2.5752423076923074
