31 -70.2617 219.815 264.739 7.090806451612903 8.539967741935483
39 -91.5784 222.927 257.014 5.716076923076923 6.590102564102565
29 -63.073 149.6 178.898 5.158620689655172 6.168896551724138
30 -71.0566 233.643 281.986 7.7881 9.399533333333332
36 -73.1898 123.349 142.115 3.4263611111111114 3.947638888888889
28 -65.7913 273.347 339.183 9.762392857142856 12.11367857142857
33 -83.8548 292.63 347.58 8.867575757575757 10.532727272727271
27 -57.6748 136.805 165.295 5.066851851851852 6.122037037037036
36 -74.7931 137.071 158.415 3.8075277777777776 4.400416666666667
36 -72.2718 116.12 133.549 3.2255555555555557 3.7096944444444446
36 -72.2718 116.12 133.549 3.2255555555555557 3.7096944444444446
27 -58.0601 141.375 171.033 5.236111111111111 6.334555555555555
31 -78.0731 492.24 614.223 15.878709677419355 19.81364516129032
30 -61.6483 113.486 133.599 3.7828666666666666 4.4533
34 -74.806 137.187 158.554 4.034911764705883 4.663352941176471
35 -76.165 130.525 150.018 3.7292857142857145 4.2862285714285715
33 -78.4929 203.524 239.096 6.167393939393939 7.245333333333334
27 -57.6748 136.805 165.295 5.066851851851852 6.122037037037036
