22 -60.5554 429.381 565.611 19.51731818181818 25.70959090909091
24 -49.8337 98.4799 119.235 4.103329166666667 4.968125
20 -43.1037 112.864 142.95 5.6432 7.147499999999999
23 -44.4999 71.4765 86.0556 3.1076739130434783 3.7415478260869564
31 -75.1556 265.689 320.027 8.570612903225808 10.323451612903225
25 -62.363 250.368 312.264 10.01472 12.49056
22 -54.1301 225.674 288.707 10.257909090909092 13.123045454545455
26 -65.7499 272.385 337.943 10.476346153846153 12.997807692307692
31 -75.3013 268.58 323.625 8.663870967741936 10.439516129032258
33 -80.2247 269.805 321.381 8.17590909090909 9.73881818181818
39 -96.9908 306.863 356.771 7.868282051282051 9.14797435897436
27 -63.8276 190.352 231.199 7.050074074074074 8.562925925925926
25 -62.363 250.368 312.264 10.01472 12.49056
25 -62.363 250.368 312.264 10.01472 12.49056
19 -42.4185 170.826 227.292 8.990842105263157 11.962736842105263
22 -54.1301 225.674 288.707 10.257909090909092 13.123045454545455
22 -54.1301 225.674 288.707 10.257909090909092 13.123045454545455
20 -38.7724 70.1947 86.82 3.509735 4.340999999999999
