20 -44.7471 135.149 172.724 6.75745 8.636199999999999
16 -40.7505 249.511 352.296 15.5944375 22.0185
18 -47.1245 302.161 414.982 16.786722222222224 23.054555555555556
17 -44.0663 280.626 390.962 16.507411764705882 22.997764705882354
15 -41.1064 370.81 550.083 24.720666666666666 36.6722
21 -47.6623 146.713 186.051 6.986333333333333 8.859571428571428
10 -27.6616 327.109 583.663 32.710899999999995 58.3663
16 -36.2351 135.355 183.947 8.4596875 11.4966875
17 -38.888 144.693 193.88 8.51135294117647 11.40470588235294
13 -34.7926 305.621 474.625 23.50930769230769 36.50961538461539
18 -46.428 277.701 379.605 15.427833333333334 21.089166666666667
21 -47.6623 146.713 186.051 6.986333333333333 8.859571428571428
21 -47.0991 138.315 174.911 6.586428571428572 8.329095238095238
23 -47.349 93.9454 114.46 4.084582608695652 4.976521739130434
11 -32.5859 519.385 916.964 47.216818181818184 83.36036363636364
9 -25.9955 397.691 773.364 44.187888888888885 85.92933333333333
6 -19.3453 580.241 1675.75 96.70683333333334 279.2916666666667
16 -38.2031 176.702 244.172 11.043875 15.26075
