13 -21.5214 34.4541 45.2366 2.6503153846153844 3.479738461538462
12 -22.9377 58.1352 81.5597 4.8446 6.796641666666667
10 -23.9263 149.665 246.963 14.9665 24.6963
12 -26.2288 153.367 242.346 12.780583333333333 20.1955
9 -26.4714 443.754 873.514 49.306000000000004 97.05711111111111
11 -27.0043 177.974 285.06 16.179454545454544 25.914545454545454
14 -38.8893 391.4 599.526 27.957142857142856 42.82328571428571
9 -16.5651 45.3435 69.2743 5.038166666666666 7.697144444444444
9 -26.4714 443.754 873.514 49.306000000000004 97.05711111111111
12 -23.3981 63.0745 89.0926 5.256208333333333 7.424383333333334
11 -23.3208 87.7816 131.849 7.980145454545454 11.986272727272727
11 -23.0504 83.3427 124.592 7.57660909090909 11.326545454545455
15 -24.526 34.1097 43.1588 2.27398 2.8772533333333334
10 -17.9664 42.9838 62.6088 4.29838 6.26088
22 -46.6903 107.155 132.521 4.870681818181819 6.023681818181817
14 -28.1571 75.3596 102.617 5.382828571428571 7.329785714285714
14 -34.4312 197.431 287.988 14.102214285714286 20.57057142857143
9 -16.5651 45.3435 69.2743 5.038166666666666 7.697144444444444
