39 -95.8551 249.102 286.961 6.3872307692307695 7.357974358974359
46 -118.072 325.21 368.788 7.069782608695652 8.01713043478261
43 -102.862 246.678 281.246 5.736697674418605 6.54060465116279
39 -90.4008 181.979 207.955 4.666128205128206 5.332179487179488
41 -87.6284 137.176 155.135 3.3457560975609755 3.783780487804878
42 -96.7824 178.137 201.531 4.241357142857143 4.798357142857143
43 -111.942 350.046 401.136 8.140604651162791 9.328744186046512
42 -94.0621 196.878 224.673 4.687571428571428 5.3493571428571425
41 -89.4073 171.863 196.108 4.191780487804878 4.7831219512195124
44 -93.8112 135.541 151.934 3.0804772727272725 3.4530454545454545
40 -88.8473 166.412 189.73 4.1603 4.74325
42 -99.394 204.875 232.554 4.877976190476191 5.537
41 -96.5599 199.088 226.527 4.85580487804878 5.525048780487804
42 -96.7824 178.137 201.531 4.241357142857143 4.798357142857143
40 -102.338 313.357 361.777 7.833925000000001 9.044425
43 -112.81 366.325 420.234 8.519186046511628 9.772883720930231
40 -103.28 330.391 381.947 8.259775000000001 9.548675
39 -92.8065 239.692 276.871 6.145948717948718 7.09925641025641
