24 -55.5257 166.352 205.86 6.931333333333334 8.5775
26 -60.4085 172.724 210.574 6.643230769230769 8.099
28 -58.257 102.061 120.394 3.6450357142857146 4.299785714285714
26 -52.2188 85.9075 101.957 3.304134615384615 3.9214230769230767
29 -62.763 123.624 145.963 4.262896551724138 5.033206896551724
33 -62.612 69.427 78.9464 2.103848484848485 2.3923151515151515
24 -58.4143 217.056 271.599 9.044 11.316625
24 -55.9173 172.462 213.742 7.1859166666666665 8.905916666666666
29 -62.763 123.624 145.963 4.262896551724138 5.033206896551724
30 -60.2625 87.8922 102.035 2.9297400000000002 3.4011666666666667
28 -51.9436 61.8242 71.6355 2.208007142857143 2.558410714285714
33 -64.1277 76.9325 87.7535 2.331287878787879 2.65919696969697
34 -64.8938 71.4673 81.0289 2.101979411764706 2.3832029411764704
33 -62.612 69.427 78.9464 2.103848484848485 2.3923151515151515
21 -51.1583 211.532 272.966 10.072952380952382 12.998380952380952
25 -63.247 270.756 338.751 10.830239999999998 13.55004
24 -59.6501 243.222 305.788 10.13425 12.741166666666667
21 -42.9107 89.2247 110.501 4.248795238095238 5.261952380952382
