18 -39.8809 125.602 164.289 6.977888888888889 9.127166666666666
16 -38.3389 179.983 248.99 11.2489375 15.561875
16 -36.7933 145.985 199.333 9.1240625 12.4583125
17 -30.2756 60.3837 78.0238 3.5519823529411765 4.589635294117647
18 -43.8512 203.217 273.011 11.289833333333334 15.167277777777779
19 -54.951 559.175 780.109 29.430263157894736 41.058368421052634
16 -45.5822 480.074 706.139 30.004625 44.1336875
14 -29.1425 87.6667 120.673 6.261907142857143 8.6195
18 -43.8512 203.217 273.011 11.289833333333334 15.167277777777779
18 -43.8512 203.217 273.011 11.289833333333334 15.167277777777779
17 -42.2339 221.987 305.033 13.05805882352941 17.943117647058823
18 -41.2779 148.773 196.435 8.265166666666666 10.913055555555555
19 -54.951 559.175 780.109 29.430263157894736 41.058368421052634
20 -48.1522 196.318 255.628 9.815900000000001 12.7814
17 -46.4736 381.825 541.675 22.46029411764706 31.863235294117644
16 -29.9239 57.5743 74.1725 3.59839375 4.63578125
16 -40.0192 225.981 317.104 14.1238125 19.819
14 -27.6731 69.9633 94.7647 4.9973785714285714 6.7689071428571435
