17 -29.4345 43.1767 53.8817 2.539805882352941 3.1695117647058826
25 -43.007 45.0937 52.5146 1.803748 2.100584
18 -34.0818 62.1987 78.2413 3.4554833333333335 4.346738888888889
20 -35.1762 47.3214 57.3866 2.3660699999999997 2.86933
28 -56.3564 87.7656 102.974 3.1344857142857143 3.677642857142857
24 -46.7461 74.1046 88.6656 3.0876916666666667 3.6944
19 -49.9779 315.423 426.987 16.60121052631579 22.473000000000003
16 -33.0412 87.8215 116.165 5.48884375 7.2603125
21 -42.1331 82.2508 101.47 3.9167047619047617 4.831904761904762
20 -47.7364 187.57 243.681 9.378499999999999 12.184050000000001
28 -56.3564 87.7656 102.974 3.1344857142857143 3.677642857142857
23 -45.4056 77.9649 94.2227 3.3897782608695652 4.096639130434783
23 -42.3836 58.3423 69.625 2.536621739130435 3.027173913043478
24 -46.7461 74.1046 88.6656 3.0876916666666667 3.6944
16 -30.6006 63.1008 81.7593 3.9438 5.10995625
20 -36.0639 52.1591 63.5619 2.607955 3.178095
12 -24.6238 78.3678 112.715 6.5306500000000005 9.392916666666666
17 -35.6028 95.0463 124.246 5.590958823529412 7.308588235294117
