9 -20.8431 121.424 206.964 13.491555555555557 22.996
18 -38.7105 108.992 141.444 6.0551111111111116 7.858
14 -33.3556 167.382 241.293 11.955857142857143 17.235214285714285
9 -22.9737 198.321 356.969 22.035666666666668 39.663222222222224
12 -31.7433 276.564 441.853 23.047 36.821083333333334
10 -30.4475 586.078 1108.54 58.6078 110.854
8 -23.3787 395.945 836.256 49.493125 104.532
13 -32.6173 213.7 322.864 16.43846153846154 24.835692307692305
9 -30.1283 1029.97 2226.3 114.44111111111111 247.36666666666667
12 -31.7433 276.564 441.853 23.047 36.821083333333334
12 -31.7433 276.564 441.853 23.047 36.821083333333334
10 -30.4475 586.078 1108.54 58.6078 110.854
12 -33.0075 345.968 563.148 28.83066666666667 46.929
12 -26.6262 111.729 165.519 9.31075 13.79325
7 -21.624 504.666 1227.86 72.09514285714286 175.4085714285714
7 -21.7646 525.5 1285.95 75.07142857142857 183.70714285714286
8 -23.2382 381.96 803.101 47.745 100.387625
13 -32.6173 213.7 322.864 16.43846153846154 24.835692307692305
