6 -8.04172 14.087 21.8921 2.3478333333333334 3.648683333333333
4 -7.08497 26.1212 59.053 6.5303 14.76325
5 -14.6154 272.833 837.677 54.56660000000001 167.5354
6 -12.7405 66.0796 132.865 11.013266666666667 22.144166666666667
7 -16.7445 123.897 246.643 17.699571428571428 35.23471428571428
7 -16.5474 117.064 231.16 16.72342857142857 33.02285714285714
6 -17.6881 887.181 3448.38 147.86350000000002 574.73
6 -12.9238 70.187 142.55 11.697833333333334 23.758333333333336
7 -16.1164 103.408 200.608 14.772571428571428 28.658285714285714
7 -16.7445 123.897 246.643 17.699571428571428 35.23471428571428
6 -13.9584 98.64 212.029 16.44 35.338166666666666
6 -12.1341 54.1303 105.28 9.021716666666666 17.546666666666667
7 -16.5474 117.064 231.16 16.72342857142857 33.02285714285714
7 -16.5474 117.064 231.16 16.72342857142857 33.02285714285714
6 -12.2774 56.744 111.235 9.457333333333333 18.539166666666667
7 -10.85 35.4815 64.3185 5.068785714285714 9.188357142857143
6 -16.584 233.963 580.771 38.993833333333335 96.79516666666666
6 -12.9238 70.187 142.55 11.697833333333334 23.758333333333336
