10 -22.1398 102.969 163.672 10.296899999999999 16.3672
9 -21.4232 138.777 240.079 15.419666666666664 26.675444444444445
8 -21.7485 260.917 523.077 32.614625 65.384625
7 -19.4482 269.79 600.228 38.541428571428575 85.74685714285714
9 -23.0532 201.984 364.303 22.442666666666668 40.47811111111111
10 -26.649 264.629 462.276 26.4629 46.2276
10 -24.1238 155.983 258.454 15.5983 25.8454
8 -25.8313 741.548 1693.97 92.6935 211.74625
8 -18.9832 128.601 235.993 16.075125 29.499125
9 -23.0532 201.984 364.303 22.442666666666668 40.47811111111111
8 -22.2862 299.397 610.63 37.424625 76.32875
11 -26.5366 162.698 258.474 14.790727272727274 23.497636363636364
10 -26.649 264.629 462.276 26.4629 46.2276
11 -25.3822 130.371 202.988 11.851909090909091 18.453454545454544
10 -24.1238 155.983 258.454 15.5983 25.8454
10 -24.1238 155.983 258.454 15.5983 25.8454
12 -27.5529 131.66 197.731 10.971666666666666 16.47758333333333
8 -26.8037 951.01 2241.08 118.87625 280.135
