14 -29.9616 99.413 138.076 7.100928571428571 9.862571428571428
14 -31.6678 129.178 182.805 9.227 13.057500000000001
15 -32.9682 114.95 157.717 7.663333333333333 10.514466666666667
15 -32.3857 105.707 144.226 7.047133333333333 9.615066666666667
15 -30.3484 78.8457 105.494 5.256379999999999 7.032933333333333
15 -31.7726 96.781 131.273 6.452066666666667 8.751533333333333
15 -38.1577 242.581 349.822 16.172066666666666 23.321466666666666
13 -34.5139 291.93 451.767 22.456153846153846 34.75130769230769
15 -30.3484 78.8457 105.494 5.256379999999999 7.032933333333333
14 -29.2372 88.9499 122.566 6.3535642857142856 8.754714285714286
14 -28.5408 79.9325 109.303 5.709464285714286 7.807357142857143
14 -26.0641 54.6524 72.7317 3.903742857142857 5.1951214285714284
15 -31.7726 96.781 131.273 6.452066666666667 8.751533333333333
15 -37.7097 227.433 326.571 15.1622 21.771400000000003
15 -38.1481 242.245 349.305 16.14966666666667 23.287
15 -38.1481 242.245 349.305 16.14966666666667 23.287
15 -38.1577 242.581 349.822 16.172066666666666 23.321466666666666
13 -34.5139 291.93 451.767 22.456153846153846 34.75130769230769
