6 -19.3733 585.627 1693.91 97.60449999999999 282.3183333333333
7 -23.5577 880.461 2319.44 125.78014285714286 331.34857142857146
5 -16.033 470.069 1609.14 94.0138 321.82800000000003
6 -16.2018 206.322 501.537 34.387 83.5895
9 -21.6076 144.797 251.676 16.088555555555555 27.964
7 -19.7192 291.676 656.189 41.668 93.74128571428571
6 -18.9783 514.261 1455.62 85.71016666666667 242.60333333333332
8 -20.478 188.511 362.872 23.563875 45.359
9 -21.6076 144.797 251.676 16.088555555555555 27.964
9 -21.6076 144.797 251.676 16.088555555555555 27.964
9 -21.6076 144.797 251.676 16.088555555555555 27.964
7 -19.7192 291.676 656.189 41.668 93.74128571428571
7 -18.0598 180.915 380.163 25.845 54.309000000000005
7 -19.7192 291.676 656.189 41.668 93.74128571428571
7 -18.706 217.895 470.199 31.127857142857145 67.17128571428572
6 -18.9783 514.261 1455.62 85.71016666666667 242.60333333333332
7 -18.706 217.895 470.199 31.127857142857145 67.17128571428572
9 -20.8793 122.442 208.892 13.604666666666667 23.21022222222222
