25 -48.5901 87.8222 105.825 3.512888 4.2330000000000005
22 -49.1214 170.919 218.33 7.769045454545455 9.924090909090909
22 -51.6961 223.781 289.548 10.171863636363637 13.161272727272728
24 -50.0342 121.551 149.762 5.064625 6.240083333333334
26 -53.8225 98.4979 117.516 3.7883807692307694 4.519846153846154
24 -51.3789 138.289 171.342 5.762041666666666 7.1392500000000005
24 -50.5744 128.017 158.084 5.334041666666667 6.586833333333334
23 -53.6795 215.72 275.408 9.379130434782608 11.974260869565217
25 -44.9553 62.8362 74.6682 2.513448 2.986728
27 -54.3771 87.5061 103.268 3.240966666666667 3.8247407407407406
18 -40.0503 128.206 167.886 7.122555555555555 9.327
23 -50.5353 157.467 198.181 6.846391304347827 8.616565217391305
24 -51.3789 138.289 171.342 5.762041666666666 7.1392500000000005
24 -51.3789 138.289 171.342 5.762041666666666 7.1392500000000005
24 -50.5744 128.017 158.084 5.334041666666667 6.586833333333334
22 -48.4841 159.891 203.596 7.267772727272727 9.254363636363637
22 -55.125 320.392 421.697 14.563272727272727 19.168045454545453
22 -50.0735 188.83 242.356 8.583181818181819 11.016181818181819
