8 -14.3022 38.8269 61.3444 4.8533625 7.66805
7 -14.7765 70.3178 129.102 10.0454 18.443142857142856
5 -16.3057 521.938 1824.49 104.38759999999999 364.898
6 -13.5443 86.0782 180.874 14.346366666666666 30.145666666666667
5 -16.8524 643.77 2346.8 128.754 469.36
6 -13.5443 86.0782 180.874 14.346366666666666 30.145666666666667
6 -14.4921 117.572 260.228 19.595333333333333 43.37133333333333
6 -19.3701 585.006 1691.82 97.50099999999999 281.96999999999997
6 -16.7973 250.963 630.297 41.82716666666666 105.04950000000001
5 -16.8524 643.77 2346.8 128.754 469.36
5 -16.8524 643.77 2346.8 128.754 469.36
8 -12.1095 22.1566 32.6356 2.769575 4.07945
7 -11.6228 28.3696 45.7514 4.0527999999999995 6.535914285714285
8 -12.1095 22.1566 32.6356 2.769575 4.07945
7 -12.9371 41.4132 70.495 5.916171428571429 10.070714285714287
7 -12.9371 41.4132 70.495 5.916171428571429 10.070714285714287
7 -12.9371 41.4132 70.495 5.916171428571429 10.070714285714287
8 -12.1095 22.1566 32.6356 2.769575 4.07945
