23 -62.5073 402.227 522.046 17.488130434782608 22.697652173913045
22 -61.1816 603.924 819.237 27.451090909090908 37.23804545454545
23 -65.1021 515.925 676.901 22.43152173913043 29.430478260869563
21 -59.055 483.412 648.847 23.019619047619045 30.89747619047619
25 -64.9456 314.708 396.118 12.588320000000001 15.84472
22 -65.39 696.699 938.155 31.66813636363636 42.64340909090909
24 -70.2375 644.91 844.426 26.87125 35.18441666666667
15 -48.0367 1005.3 1593.86 67.02 106.25733333333332
27 -64.6656 203.932 248.326 7.553037037037036 9.197259259259258
27 -70.0292 316.987 392.349 11.74025925925926 14.531444444444444
25 -58.3596 175.631 215.966 7.02524 8.63864
23 -68.2076 694.998 923.737 30.21730434782609 40.16247826086956
22 -62.6812 531.215 706.556 24.146136363636366 32.11618181818182
23 -67.4073 643.631 852.612 27.983956521739128 37.070086956521735
23 -47.8056 119.813 148.929 5.209260869565218 6.475173913043478
27 -68.3112 275.223 338.877 10.193444444444445 12.551
23 -64.315 478.399 625.609 20.79995652173913 27.20039130434783
15 -48.0367 1005.3 1593.86 67.02 106.25733333333332
