15 -30.2973 78.2676 104.67 5.21784 6.978
15 -30.0901 75.9682 101.393 5.064546666666667 6.759533333333334
14 -26.9174 62.301 83.69 4.4500714285714285 5.977857142857142
11 -19.6061 43.0366 60.5855 3.912418181818182 5.5077727272727275
14 -39.25 413.682 636.168 29.548714285714286 45.44057142857143
12 -31.8973 284.208 455.099 23.684 37.92491666666667
14 -29.0505 118.861 171.655 8.49007142857143 12.261071428571428
14 -37.1516 299.758 450.488 21.411285714285714 32.17771428571429
14 -39.25 413.682 636.168 29.548714285714286 45.44057142857143
15 -33.632 126.474 174.636 8.4316 11.6424
14 -39.25 413.682 636.168 29.548714285714286 45.44057142857143
15 -33.2523 119.748 164.748 7.9832 10.9832
13 -33.9739 267.121 410.562 20.54776923076923 31.581692307692308
15 -33.2523 119.748 164.748 7.9832 10.9832
17 -29.4081 43.031 53.6891 2.531235294117647 3.1581823529411768
15 -28.7456 82.4853 113.047 5.49902 7.536466666666667
15 -30.787 83.982 112.841 5.5988 7.522733333333333
15 -30.9972 86.562 116.542 5.7707999999999995 7.769466666666667
