10 -27.1994 524.739 1052.35 52.4739 105.23499999999999
11 -30.8427 371.73 636.627 33.79363636363637 57.875181818181815
12 -28.8651 166.11 254.348 13.842500000000001 21.195666666666668
12 -33.7934 397.64 654.809 33.13666666666666 54.56741666666667
10 -25.1846 329.956 628.471 32.9956 62.8471
11 -31.5571 426.345 739.316 38.75863636363636 67.21054545454545
11 -38.5758 1639.26 3212.83 149.02363636363637 292.07545454545453
10 -26.7761 271.761 475.999 27.1761 47.599900000000005
10 -25.1846 329.956 628.471 32.9956 62.8471
10 -25.1846 329.956 628.471 32.9956 62.8471
10 -25.1846 329.956 628.471 32.9956 62.8471
11 -30.0207 535.991 1004.79 48.726454545454544 91.34454545454545
10 -27.9194 619.362 1265.2 61.9362 126.52000000000001
10 -30.0139 535.222 1003.2 53.5222 100.32000000000001
11 -38.5758 1639.26 3212.83 149.02363636363637 292.07545454545453
11 -38.5758 1639.26 3212.83 149.02363636363637 292.07545454545453
11 -38.5758 1639.26 3212.83 149.02363636363637 292.07545454545453
7 -15.0888 76.9311 143.069 10.990157142857143 20.43842857142857
