9 -25.5764 361.107 694.732 40.123000000000005 77.19244444444445
9 -22.6173 182.696 325.862 20.299555555555557 36.20688888888889
9 -22.6173 182.696 325.862 20.299555555555557 36.20688888888889
9 -19.0064 129.368 237.578 14.374222222222222 26.397555555555556
8 -23.3852 396.604 837.823 49.5755 104.727875
8 -23.3852 396.604 837.823 49.5755 104.727875
9 -29.5441 1917.25 4931.9 213.02777777777777 547.9888888888888
8 -32.4806 4064.0 11483.5 508.0 1435.4375
8 -23.3852 396.604 837.823 49.5755 104.727875
8 -23.3852 396.604 837.823 49.5755 104.727875
9 -22.6173 182.696 325.862 20.299555555555557 36.20688888888889
8 -23.3852 396.604 837.823 49.5755 104.727875
8 -23.3852 396.604 837.823 49.5755 104.727875
9 -19.0064 129.368 237.578 14.374222222222222 26.397555555555556
11 -31.9731 806.572 1575.1 73.32472727272727 143.1909090909091
9 -19.0064 129.368 237.578 14.374222222222222 26.397555555555556
9 -29.308 1804.88 4607.92 200.54222222222222 511.99111111111114
9 -34.8107 3027.39 7376.56 336.37666666666667 819.6177777777779
