11 -16.0218 21.6346 28.6105 1.9667818181818182 2.6009545454545453
11 -26.5582 163.374 259.646 14.852181818181817 23.604181818181818
11 -17.2447 27.3561 36.9569 2.486918181818182 3.3597181818181814
9 -16.6649 46.3967 71.0644 5.1551888888888895 7.8960444444444455
9 -29.6232 916.886 1956.42 101.87622222222222 217.38
12 -26.6927 113.054 167.646 9.421166666666666 13.9705
12 -23.1276 60.1238 84.5864 5.010316666666667 7.048866666666666
11 -24.1777 103.468 157.75 9.40618181818182 14.340909090909092
10 -27.4006 309.719 549.622 30.971899999999998 54.962199999999996
8 -25.5115 683.301 1545.04 85.412625 193.13
12 -33.1243 353.203 575.916 29.43358333333333 47.993
9 -16.3306 42.9595 65.2394 4.7732777777777775 7.2488222222222225
13 -23.5452 48.0619 64.7396 3.6970692307692308 4.97996923076923
10 -17.2981 37.3725 53.6793 3.7372500000000004 5.367929999999999
12 -20.8133 39.9044 54.255 3.325366666666667 4.52125
12 -23.1276 60.1238 84.5864 5.010316666666667 7.048866666666666
12 -23.3527 62.5693 88.3198 5.214108333333333 7.359983333333333
12 -20.4588 37.4758 50.6871 3.1229833333333334 4.223925
