15 -41.5401 394.692 587.953 26.3128 39.196866666666665
15 -41.5401 394.692 587.953 26.3128 39.196866666666665
15 -34.7674 148.923 207.887 9.9282 13.859133333333334
14 -37.7313 327.656 495.554 23.404 35.39671428571428
12 -38.0996 852.584 1496.12 71.04866666666666 124.67666666666666
15 -47.0241 868.97 1364.39 57.931333333333335 90.95933333333333
18 -47.5407 317.793 437.676 17.655166666666666 24.31533333333333
14 -45.0185 1002.85 1642.89 71.63214285714285 117.34928571428573
12 -38.0996 852.584 1496.12 71.04866666666666 124.67666666666666
12 -38.0996 852.584 1496.12 71.04866666666666 124.67666666666666
12 -38.0996 852.584 1496.12 71.04866666666666 124.67666666666666
15 -47.0241 868.97 1364.39 57.931333333333335 90.95933333333333
17 -49.0884 533.5 771.887 31.38235294117647 45.40511764705882
15 -46.7082 830.352 1299.81 55.3568 86.654
18 -47.5407 317.793 437.676 17.655166666666666 24.31533333333333
19 -51.4006 371.561 507.334 19.555842105263157 26.70178947368421
18 -47.5407 317.793 437.676 17.655166666666666 24.31533333333333
16 -36.9362 148.839 203.475 9.3024375 12.7171875
