34 -78.7476 177.8 207.065 5.229411764705882 6.090147058823529
41 -80.8249 84.0239 93.6137 2.049363414634146 2.283260975609756
34 -66.6029 79.9724 90.9722 2.3521294117647056 2.6756529411764705
35 -62.3492 60.4512 68.2023 1.727177142857143 1.9486371428571427
25 -50.5379 105.079 127.569 4.20316 5.10276
27 -75.5671 499.834 629.191 18.51237037037037 23.30337037037037
35 -75.3075 123.559 141.789 3.5302571428571428 4.051114285714285
33 -80.8276 238.387 281.398 7.223848484848485 8.527212121212122
32 -62.3417 88.7521 102.571 2.773503125 3.20534375
26 -47.1064 64.8311 76.6046 2.4935038461538466 2.9463307692307694
28 -55.4281 95.4058 112.952 3.40735 4.034
32 -69.7376 129.796 151.113 4.056125 4.72228125
29 -73.0257 271.762 329.706 9.371103448275862 11.369172413793104
34 -69.6693 97.8481 111.969 2.877885294117647 3.293205882352941
37 -79.4546 123.285 140.417 3.332027027027027 3.795054054054054
34 -77.0484 158.995 184.557 4.676323529411765 5.428147058823529
35 -71.8299 98.918 112.793 2.8262285714285715 3.222657142857143
34 -68.9628 93.4042 106.738 2.7471823529411767 3.1393529411764707
