6 -14.3968 113.943 250.883 18.9905 41.813833333333335
6 -13.7417 91.8545 195.112 15.309083333333334 32.51866666666667
6 -15.1818 147.51 339.072 24.584999999999997 56.512
6 -15.1818 147.51 339.072 24.584999999999997 56.512
5 -16.9022 656.193 2401.25 131.2386 480.25
6 -15.1818 147.51 339.072 24.584999999999997 56.512
6 -15.1818 147.51 339.072 24.584999999999997 56.512
6 -13.3078 79.6368 165.183 13.272799999999998 27.5305
6 -14.7338 127.3 285.517 21.216666666666665 47.586166666666664
6 -14.7338 127.3 285.517 21.216666666666665 47.586166666666664
8 -17.456 87.0078 152.056 10.875975 19.007
6 -15.1818 147.51 339.072 24.584999999999997 56.512
6 -15.1818 147.51 339.072 24.584999999999997 56.512
6 -15.1818 147.51 339.072 24.584999999999997 56.512
6 -15.1818 147.51 339.072 24.584999999999997 56.512
6 -15.1818 147.51 339.072 24.584999999999997 56.512
6 -15.1818 147.51 339.072 24.584999999999997 56.512
7 -14.909 73.05 134.85 10.435714285714285 19.264285714285712
