9 -31.6787 1471.88 3310.23 163.54222222222222 367.80333333333334
9 -29.8984 976.879 2099.16 108.54211111111111 233.23999999999998
10 -34.8099 1460.62 3026.85 146.06199999999998 302.685
9 -30.9471 1243.69 2745.16 138.1877777777778 305.0177777777778
9 -37.9933 6299.89 16652.6 699.9877777777779 1850.2888888888888
5 -21.3309 3590.39 18457.4 718.078 3691.4800000000005
8 -28.1975 1358.47 3347.21 169.80875 418.40125
9 -34.2275 2647.0 6354.18 294.1111111111111 706.02
14 -46.0631 1950.85 3493.97 139.34642857142856 249.5692857142857
35 -98.007 763.062 933.061 21.801771428571428 26.658885714285717
9 -32.9101 1954.38 4536.03 217.15333333333334 504.00333333333333
6 -21.0173 1005.7 3183.3 167.61666666666667 530.5500000000001
5 -21.3309 3590.39 18457.4 718.078 3691.4800000000005
5 -21.3309 3590.39 18457.4 718.078 3691.4800000000005
8 -28.1975 1358.47 3347.21 169.80875 418.40125
8 -28.1975 1358.47 3347.21 169.80875 418.40125
8 -28.1975 1358.47 3347.21 169.80875 418.40125
9 -34.2275 2647.0 6354.18 294.1111111111111 706.02
