15 -26.5351 45.5454 58.75 3.03636 3.9166666666666665
13 -26.3259 75.9312 105.942 5.840861538461539 8.149384615384616
14 -28.8077 83.2741 114.206 5.94815 8.157571428571428
16 -24.5197 27.6906 34.0784 1.7306625 2.1299
12 -22.4558 53.3792 74.3566 4.448266666666666 6.196383333333333
13 -25.0949 62.0149 85.1884 4.770376923076923 6.552953846153846
17 -44.5267 297.65 416.12 17.508823529411764 24.47764705882353
12 -29.4573 184.477 284.952 15.373083333333334 23.746
12 -22.4558 53.3792 74.3566 4.448266666666666 6.196383333333333
15 -21.0177 20.5877 25.1873 1.3725133333333335 1.6791533333333333
12 -22.4558 53.3792 74.3566 4.448266666666666 6.196383333333333
13 -25.0949 62.0149 85.1884 4.770376923076923 6.552953846153846
13 -25.0949 62.0149 85.1884 4.770376923076923 6.552953846153846
13 -25.0949 62.0149 85.1884 4.770376923076923 6.552953846153846
17 -40.5459 178.876 242.691 10.522117647058824 14.275941176470589
19 -45.6251 191.096 251.952 10.057684210526316 13.260631578947368
17 -40.5459 178.876 242.691 10.522117647058824 14.275941176470589
12 -29.4573 184.477 284.952 15.373083333333334 23.746
