13 -27.1515 86.9746 122.624 6.690353846153846 9.432615384615385
11 -28.9086 256.479 424.675 23.316272727272725 38.606818181818184
13 -28.0362 100.598 143.428 7.738307692307692 11.032923076923076
12 -31.0348 243.946 385.686 20.328833333333332 32.140499999999996
10 -32.2069 847.028 1662.22 84.7028 166.222
8 -22.2792 298.863 609.405 37.357875 76.175625
10 -28.3031 374.12 676.57 37.412 67.65700000000001
5 -23.3073 7665.57 45862.1 1533.114 9172.42
11 -29.9278 311.875 525.661 28.352272727272727 47.78736363636363
11 -31.8937 454.785 793.276 41.34409090909091 72.116
15 -32.9709 114.995 157.783 7.666333333333333 10.518866666666666
8 -18.3294 108.793 195.514 13.599125 24.43925
8 -22.2792 298.863 609.405 37.357875 76.175625
8 -22.2792 298.863 609.405 37.357875 76.175625
10 -28.6158 399.422 727.068 39.9422 72.7068
20 -46.8538 220.135 292.408 11.00675 14.6204
11 -33.0332 565.935 1006.97 51.44863636363636 91.54272727272728
32 -69.1983 125.003 145.361 3.90634375 4.54253125
