43 -78.9005 62.1145 68.3747 1.4445232558139536 1.5901093023255815
44 -80.2159 60.6142 66.5408 1.3775954545454545 1.5122909090909091
43 -93.8478 135.801 152.232 3.158162790697674 3.540279069767442
38 -84.5935 168.324 193.335 4.429578947368421 5.087763157894737
39 -80.6682 117.062 132.693 3.0015897435897436 3.402384615384616
34 -77.3968 221.492 262.211 6.514470588235294 7.712088235294118
47 -103.988 146.693 163.119 3.1211276595744684 3.470617021276596
38 -82.9884 134.248 152.723 3.532842105263158 4.019026315789474
39 -80.6682 117.062 132.693 3.0015897435897436 3.402384615384616
41 -87.8227 138.681 156.88 3.3824634146341466 3.826341463414634
42 -85.415 108.066 121.141 2.573 2.8843095238095238
35 -83.5247 243.456 286.16 6.955885714285714 8.176
36 -81.9589 219.625 257.368 6.100694444444445 7.149111111111111
34 -77.7515 227.042 268.988 6.677705882352941 7.911411764705882
47 -103.988 146.693 163.119 3.1211276595744684 3.470617021276596
47 -103.988 146.693 163.119 3.1211276595744684 3.470617021276596
45 -98.0181 135.154 150.723 3.003422222222222 3.3494
39 -77.0778 94.7009 106.749 2.4282282051282054 2.737153846153846
