20 -47.4901 236.866 315.847 11.843300000000001 15.792349999999999
20 -52.1449 304.153 404.805 15.207650000000001 20.24025
20 -54.797 406.799 549.349 20.339949999999998 27.467450000000003
19 -60.0189 1002.18 1441.75 52.746315789473684 75.88157894736842
16 -47.0197 583.262 868.421 36.453875 54.2763125
20 -54.0627 375.331 504.818 18.766550000000002 25.2409
14 -45.7772 1126.71 1861.22 80.47928571428572 132.9442857142857
16 -51.5133 1072.0 1657.98 67.0 103.62375
16 -47.0197 583.262 868.421 36.453875 54.2763125
16 -47.0197 583.262 868.421 36.453875 54.2763125
17 -47.3874 429.172 613.045 25.245411764705885 36.061470588235295
21 -53.5175 270.779 353.553 12.894238095238094 16.835857142857144
21 -53.1378 260.228 339.133 12.391809523809524 16.149190476190476
21 -55.5084 333.511 439.803 15.881476190476192 20.943
19 -50.9431 352.497 479.972 18.552473684210526 25.261684210526315
16 -43.7128 539.57 820.7 33.723125 51.29375
13 -40.4783 1299.31 2361.5 99.94692307692307 181.65384615384616
17 -50.9084 673.354 987.667 39.609058823529416 58.09805882352941
