30 -65.3125 127.896 150.343 4.2632 5.011433333333333
41 -82.7724 93.4911 104.433 2.280270731707317 2.547146341463415
26 -60.8065 178.687 218.129 6.872576923076924 8.389576923076923
31 -68.1531 134.829 157.938 4.349322580645161 5.094774193548386
23 -56.3156 222.068 280.871 9.65513043478261 12.211782608695652
31 -66.6275 120.812 141.018 3.8971612903225807 4.548967741935484
33 -70.9435 122.06 141.19 3.6987878787878787 4.278484848484848
27 -66.3793 234.795 287.403 8.69611111111111 10.644555555555556
23 -56.3156 222.068 280.871 9.65513043478261 12.211782608695652
21 -50.0933 189.22 242.881 9.01047619047619 11.565761904761905
23 -56.3156 222.068 280.871 9.65513043478261 12.211782608695652
32 -62.6073 78.9205 90.4642 2.466265625 2.82700625
30 -66.4769 139.449 164.398 4.648300000000001 5.479933333333333
31 -66.6275 120.812 141.018 3.8971612903225807 4.548967741935484
34 -71.5925 111.045 127.545 3.266029411764706 3.751323529411765
33 -70.9435 122.06 141.19 3.6987878787878787 4.278484848484848
35 -69.7117 98.121 112.291 2.803457142857143 3.2083142857142857
29 -62.7012 123.038 145.248 4.242689655172414 5.008551724137931
