27 -64.3356 241.435 298.158 8.942037037037037 11.04288888888889
36 -85.6027 238.7 279.12 6.6305555555555555 7.753333333333334
30 -74.5613 305.756 372.459 10.191866666666666 12.4153
22 -49.1627 137.249 171.66 6.238590909090909 7.802727272727273
22 -71.5392 1289.44 1785.6 58.6109090909091 81.16363636363636
23 -55.5308 205.961 259.647 8.954826086956523 11.289
24 -62.7576 323.82 412.003 13.4925 17.166791666666665
33 -80.3271 271.74 323.759 8.234545454545454 9.810878787878789
27 -70.383 326.345 404.368 12.086851851851852 14.976592592592592
21 -63.2719 1030.26 1457.45 49.06 69.40238095238095
26 -72.2767 475.243 602.384 18.278576923076923 23.168615384615386
27 -60.8272 148.73 179.002 5.508518518518518 6.629703703703704
26 -54.0824 100.706 120.252 3.8733076923076926 4.625076923076923
23 -55.5308 205.961 259.647 8.954826086956523 11.289
24 -62.7576 323.82 412.003 13.4925 17.166791666666665
24 -62.7576 323.82 412.003 13.4925 17.166791666666665
21 -60.7804 579.089 783.979 27.57566666666667 37.33233333333334
34 -86.9755 305.502 361.495 8.98535294117647 10.632205882352942
