39 -88.9135 218.69 252.969 5.607435897435898 6.486384615384615
43 -112.338 409.735 472.831 9.52872093023256 10.996069767441861
38 -91.4668 255.283 296.535 6.717973684210526 7.803552631578948
32 -80.4768 327.266 394.481 10.2270625 12.32753125
36 -97.9065 524.355 627.089 14.565416666666668 17.41913888888889
46 -104.362 185.664 208.519 4.036173913043478 4.533021739130435
42 -102.533 242.374 276.222 5.770809523809524 6.576714285714285
32 -78.7638 289.314 347.351 9.0410625 10.85471875
34 -84.3505 302.619 359.812 8.900558823529412 10.582705882352942
39 -97.9424 324.597 377.948 8.322999999999999 9.690974358974358
33 -89.5398 516.807 628.232 15.660818181818183 19.037333333333333
46 -115.622 326.231 371.007 7.091978260869565 8.065369565217392
44 -107.055 271.065 308.785 6.160568181818181 7.01784090909091
46 -104.362 185.664 208.519 4.036173913043478 4.533021739130435
36 -103.757 762.326 921.483 21.175722222222223 25.59675
45 -117.245 353.843 403.135 7.8631777777777785 8.958555555555556
44 -107.082 239.657 271.439 5.446750000000001 6.169068181818182
35 -72.217 115.702 133.054 3.3057714285714286 3.801542857142857
