26 -56.8786 154.042 188.428 5.9246923076923075 7.247230769230769
25 -54.638 153.292 189.053 6.13168 7.56212
24 -57.4985 248.754 316.18 10.364749999999999 13.174166666666666
19 -38.8378 110.687 143.766 5.825631578947369 7.566631578947368
22 -54.3628 295.826 387.887 13.446636363636365 17.631227272727273
23 -66.5678 783.886 1061.23 34.082 46.14043478260869
20 -46.8136 219.12 290.988 10.956 14.5494
23 -57.7636 324.684 422.297 14.116695652173915 18.360739130434784
22 -54.3628 295.826 387.887 13.446636363636365 17.631227272727273
22 -54.3628 295.826 387.887 13.446636363636365 17.631227272727273
22 -55.6289 337.742 445.649 15.351909090909091 20.25677272727273
24 -63.3965 438.049 570.652 18.252041666666667 23.77716666666667
23 -62.0759 499.979 663.18 21.738217391304346 28.83391304347826
6 -16.5937 582.928 2083.23 97.15466666666667 347.205
22 -41.724 78.8033 97.0189 3.5819681818181817 4.40995
23 -45.7074 97.113 119.566 4.222304347826087 5.198521739130435
23 -43.8348 80.5124 98.2863 3.5005391304347824 4.273317391304348
23 -50.5565 157.8 198.619 6.860869565217392 8.635608695652174
