15 -35.7782 172.241 242.78 11.482733333333334 16.185333333333332
15 -39.2061 282.085 410.903 18.805666666666664 27.393533333333334
12 -34.3286 437.18 725.631 36.431666666666665 60.469249999999995
14 -24.2365 41.2827 53.8493 2.9487642857142857 3.846378571428571
18 -47.1045 301.429 413.92 16.746055555555554 22.995555555555555
14 -34.8329 307.657 478.031 21.9755 34.14507142857143
20 -44.9998 138.946 177.823 6.9473 8.89115
18 -54.6504 752.207 1086.76 41.78927777777778 60.37555555555556
18 -47.1045 301.429 413.92 16.746055555555554 22.995555555555555
19 -50.5455 336.725 457.393 17.722368421052632 24.073315789473682
18 -47.1045 301.429 413.92 16.746055555555554 22.995555555555555
15 -32.3465 143.361 204.391 9.5574 13.626066666666667
14 -34.8329 307.657 478.031 21.9755 34.14507142857143
15 -32.3465 143.361 204.391 9.5574 13.626066666666667
19 -46.1871 203.871 269.713 10.730052631578948 14.19542105263158
20 -44.9998 138.946 177.823 6.9473 8.89115
20 -44.9998 138.946 177.823 6.9473 8.89115
17 -37.9373 128.123 170.453 7.536647058823529 10.02664705882353
