27 -63.2852 182.047 220.747 6.742481481481481 8.175814814814816
30 -67.5765 151.317 178.875 5.0439 5.9625
32 -59.8237 64.9887 74.0439 2.030896875 2.313871875
26 -48.5868 63.0249 73.9136 2.4240346153846155 2.8428307692307695
27 -58.9724 127.691 152.815 4.7292962962962966 5.659814814814815
26 -63.5848 226.46 278.977 8.71 10.729884615384615
23 -55.9243 270.079 348.347 11.742565217391304 15.145521739130434
29 -65.896 157.229 187.186 5.421689655172414 6.454689655172414
29 -61.038 108.293 127.279 3.734241379310345 4.388931034482758
27 -57.5558 135.424 163.562 5.0157037037037036 6.0578518518518525
26 -53.9463 99.5434 118.812 3.828592307692308 4.569692307692308
27 -63.0715 178.876 216.761 6.625037037037037 8.028185185185185
29 -63.686 132.699 157.061 4.575827586206897 5.415896551724138
27 -67.915 266.401 327.621 9.866703703703704 12.13411111111111
20 -46.6041 213.896 283.691 10.694799999999999 14.184549999999998
25 -50.5305 127.478 157.39 5.09912 6.295599999999999
23 -55.9243 270.079 348.347 11.742565217391304 15.145521739130434
23 -47.33 93.774 114.242 4.0771304347826085 4.9670434782608694
