11 -32.358 497.164 874.25 45.19672727272727 79.47727272727273
8 -26.86 964.82 2277.73 120.6025 284.71625
10 -31.3442 707.091 1362.77 70.7091 136.277
9 -26.8355 482.561 958.793 53.617888888888885 106.53255555555556
12 -28.162 146.659 222.246 12.221583333333333 18.520500000000002
8 -27.3539 1094.76 2625.64 136.845 328.205
8 -26.86 964.82 2277.73 120.6025 284.71625
9 -27.0082 502.135 1002.1 55.79277777777778 111.34444444444445
12 -27.6873 134.831 202.896 11.235916666666666 16.907999999999998
12 -28.162 146.659 222.246 12.221583333333333 18.520500000000002
12 -26.0742 101.322 148.884 8.4435 12.406999999999998
9 -27.4645 557.767 1126.2 61.974111111111114 125.13333333333334
8 -26.86 964.82 2277.73 120.6025 284.71625
9 -27.4645 557.767 1126.2 61.974111111111114 125.13333333333334
8 -26.86 964.82 2277.73 120.6025 284.71625
8 -26.86 964.82 2277.73 120.6025 284.71625
8 -26.86 964.82 2277.73 120.6025 284.71625
9 -27.0082 502.135 1002.1 55.79277777777778 111.34444444444445
