21 -39.2628 60.9078 74.0726 2.900371428571429 3.5272666666666663
25 -48.3343 72.2791 85.7775 2.891164 3.4311000000000003
24 -55.9937 173.68 215.314 7.236666666666667 8.971416666666666
18 -37.6675 96.05 123.776 5.336111111111111 6.876444444444444
24 -52.0222 120.473 147.093 5.019708333333333 6.128875
19 -52.2777 411.04 564.232 21.633684210526315 29.696421052631578
22 -52.8999 199.525 253.83 9.069318181818183 11.537727272727274
24 -54.9817 158.222 195.39 6.592583333333334 8.14125
24 -54.7814 155.33 191.672 6.472083333333334 7.9863333333333335
23 -42.7925 60.6764 72.5341 2.638104347826087 3.1536565217391304
22 -48.3118 126.041 157.033 5.729136363636363 7.137863636363636
19 -49.3507 293.451 395.736 15.444789473684212 20.82821052631579
20 -45.8544 152.595 196.209 7.62975 9.81045
17 -42.9426 243.053 335.766 14.297235294117646 19.75094117647059
24 -52.9648 131.399 161.015 5.474958333333333 6.7089583333333325
22 -48.6756 130.717 163.128 5.941681818181819 7.414909090909091
17 -36.4451 105.859 139.261 6.226999999999999 8.191823529411764
16 -50.0361 877.607 1340.47 54.8504375 83.779375
