59 -126.31 150.578 164.425 2.5521694915254236 2.786864406779661
65 -145.994 162.941 176.222 2.5067846153846154 2.711107692307692
52 -112.313 144.502 159.303 2.7788846153846154 3.0635192307692307
58 -117.115 123.406 134.698 2.127689655172414 2.322379310344828
55 -114.611 121.291 132.562 2.205290909090909 2.410218181818182
51 -120.986 262.855 294.508 5.1540196078431375 5.774666666666667
73 -173.78 280.29 303.79 3.839589041095891 4.161506849315069
40 -88.3781 161.977 184.546 4.049425 4.61365
53 -112.807 147.696 162.895 2.7867169811320753 3.073490566037736
55 -114.611 121.291 132.562 2.205290909090909 2.410218181818182
55 -114.611 121.291 132.562 2.205290909090909 2.410218181818182
52 -118.79 192.498 213.412 3.701884615384615 4.104076923076923
53 -117.885 184.938 204.87 3.489396226415094 3.8654716981132076
54 -127.385 228.548 253.213 4.23237037037037 4.68912962962963
71 -157.629 178.582 192.519 2.5152394366197184 2.7115352112676057
71 -147.001 125.897 135.036 1.7731971830985915 1.9019154929577464
72 -160.797 198.198 213.988 2.7527500000000003 2.9720555555555555
40 -87.7564 156.282 177.895 3.9070500000000004 4.447375
