17 -27.4783 33.618 41.3399 1.977529411764706 2.4317588235294116
14 -22.962 33.9469 43.666 2.4247785714285714 3.1189999999999998
14 -26.377 57.3411 76.5721 4.095792857142857 5.469435714285715
15 -26.7802 47.1807 61.0026 3.1453800000000003 4.06684
14 -40.274 484.101 752.866 34.57864285714286 53.77614285714286
16 -28.5098 47.5384 60.5145 2.97115 3.78215625
14 -25.4354 49.6239 65.5861 3.544564285714286 4.684721428571429
13 -26.5166 78.3511 109.582 6.027007692307692 8.429384615384615
15 -37.994 236.933 341.14 15.795533333333333 22.742666666666665
13 -25.2733 63.8612 87.9228 4.9124 6.763292307692307
14 -40.274 484.101 752.866 34.57864285714286 53.77614285714286
14 -24.6274 43.8356 57.4249 3.1311142857142857 4.1017785714285715
16 -26.0219 33.9393 42.303 2.12120625 2.6439375
17 -30.1316 47.2039 59.2171 2.7767 3.4833588235294117
18 -34.5187 65.5807 82.7386 3.643372222222222 4.596588888888889
15 -27.6787 53.6931 70.0239 3.57954 4.66826
14 -25.4354 49.6239 65.5861 3.544564285714286 4.684721428571429
13 -26.5166 78.3511 109.582 6.027007692307692 8.429384615384615
