18 -49.2075 388.926 541.687 21.607 30.093722222222222
20 -53.5485 354.753 475.798 17.73765 23.7899
17 -44.497 296.52 414.447 17.44235294117647 24.37923529411765
16 -37.4937 220.472 315.921 13.7795 19.7450625
14 -45.7085 1114.89 1840.31 79.635 131.45071428571427
16 -40.2679 233.722 328.658 14.607625 20.541125
16 -47.6201 946.794 1495.11 59.174625 93.444375
15 -41.0102 365.712 542.02 24.3808 36.13466666666667
15 -45.4099 688.842 1064.95 45.9228 70.99666666666667
15 -46.8796 851.088 1334.46 56.7392 88.964
14 -45.7085 1114.89 1840.31 79.635 131.45071428571427
18 -44.7742 227.266 307.222 12.625888888888888 17.067888888888888
16 -40.2679 233.722 328.658 14.607625 20.541125
16 -40.2679 233.722 328.658 14.607625 20.541125
17 -48.8759 749.983 1134.34 44.116647058823524 66.72588235294117
16 -47.6201 946.794 1495.11 59.174625 93.444375
17 -56.1202 1311.56 2000.72 77.15058823529411 117.68941176470588
17 -46.1717 367.361 519.973 21.609470588235293 30.586647058823527
