12 -27.1412 122.4 182.711 10.200000000000001 15.225916666666668
17 -27.9821 35.856 44.2596 2.109176470588235 2.603505882352941
16 -31.4091 70.4037 91.8481 4.40023125 5.74050625
17 -36.3671 104.808 137.797 6.165176470588236 8.105705882352941
12 -30.1026 206.815 322.514 17.234583333333333 26.876166666666666
12 -23.9044 68.9924 98.1826 5.749366666666667 8.181883333333333
17 -31.4891 56.1557 71.1704 3.3032764705882354 4.186494117647059
10 -28.0228 352.801 634.282 35.2801 63.428200000000004
12 -24.8171 81.0969 116.974 6.758075000000001 9.747833333333334
13 -25.043 61.4875 84.4085 4.729807692307692 6.492961538461539
12 -29.7997 196.014 304.306 16.334500000000002 25.358833333333333
12 -23.9044 68.9924 98.1826 5.749366666666667 8.181883333333333
12 -23.9044 68.9924 98.1826 5.749366666666667 8.181883333333333
14 -25.2218 48.0236 63.3226 3.430257142857143 4.523042857142857
17 -31.4891 56.1557 71.1704 3.3032764705882354 4.186494117647059
16 -31.0617 67.1673 87.3685 4.19795625 5.46053125
16 -28.7153 48.8802 62.3309 3.0550125 3.89568125
12 -24.3612 74.8067 107.177 6.2338916666666675 8.931416666666667
