14 -33.6825 175.995 254.62 12.571071428571429 18.187142857142856
12 -31.2398 252.966 401.159 21.0805 33.429916666666664
10 -29.4775 478.383 886.653 47.8383 88.6653
11 -29.4326 283.605 473.902 25.78227272727273 43.082
16 -36.6614 143.402 195.587 8.962625 12.2241875
11 -31.598 429.697 745.66 39.06336363636364 67.78727272727272
8 -33.5714 5372.2 15718.9 671.525 1964.8625
9 -24.7989 301.921 569.426 33.54677777777778 63.26955555555556
16 -36.6614 143.402 195.587 8.962625 12.2241875
16 -36.6614 143.402 195.587 8.962625 12.2241875
17 -34.2574 80.018 103.548 4.706941176470588 6.091058823529412
13 -30.139 142.163 208.155 10.935615384615385 16.011923076923075
12 -28.1884 147.346 223.374 12.278833333333333 18.6145
12 -31.589 269.108 428.963 22.425666666666668 35.74691666666667
9 -21.8027 151.45 264.559 16.827777777777776 29.395444444444447
9 -25.5416 358.227 688.578 39.803 76.50866666666667
9 -25.5416 358.227 688.578 39.803 76.50866666666667
9 -24.7989 301.921 569.426 33.54677777777778 63.26955555555556
