5 -22.4374 5489.94 30724.3 1097.9879999999998 6144.86
5 -23.8661 9499.02 59321.8 1899.804 11864.36
6 -23.0438 1958.71 6928.38 326.45166666666665 1154.73
7 -25.8577 1706.93 4942.68 243.84714285714287 706.0971428571429
7 -24.8111 1262.95 3503.01 180.42142857142858 500.43
9 -27.7644 597.639 1216.0 66.40433333333334 135.11111111111111
11 -34.184 705.78 1281.27 64.16181818181818 116.47909090909091
10 -28.0083 351.732 632.168 35.1732 63.2168
6 -22.6354 1712.52 5923.45 285.42 987.2416666666667
7 -22.0458 569.8 1410.58 81.39999999999999 201.51142857142855
4 -12.116 1069.03 10930.9 267.2575 2732.725
6 -26.5726 6252.88 26838.6 1042.1466666666668 4473.099999999999
9 -27.7644 597.639 1216.0 66.40433333333334 135.11111111111111
8 -24.7809 566.804 1252.02 70.8505 156.5025
11 -25.9354 144.971 227.908 13.179181818181819 20.71890909090909
11 -31.0613 387.653 666.432 35.24118181818182 60.58472727272727
9 -30.3462 1082.98 2353.97 120.33111111111111 261.5522222222222
10 -29.9244 525.288 982.737 52.528800000000004 98.27369999999999
