20 -43.9551 123.908 157.672 6.1954 7.8835999999999995
18 -44.7337 305.636 427.951 16.97977777777778 23.775055555555557
21 -46.7061 132.74 167.532 6.320952380952382 7.977714285714287
21 -40.4854 69.2219 84.6982 3.2962809523809526 4.033247619047619
22 -46.3446 103.51 127.812 4.705 5.809636363636364
22 -34.1594 35.7026 42.329 1.6228454545454545 1.9240454545454546
20 -46.4686 163.227 210.587 8.16135 10.529349999999999
22 -43.2021 75.5705 91.9882 3.435022727272727 4.1812818181818185
21 -38.436 67.6525 83.5215 3.221547619047619 3.977214285714286
21 -46.4531 129.273 162.95 6.155857142857142 7.759523809523809
21 -46.4531 129.273 162.95 6.155857142857142 7.759523809523809
21 -35.4582 48.8076 59.2805 2.3241714285714288 2.8228809523809524
22 -34.1594 35.7026 42.329 1.6228454545454545 1.9240454545454546
22 -34.1594 35.7026 42.329 1.6228454545454545 1.9240454545454546
18 -45.5249 248.914 338.191 13.828555555555555 18.78838888888889
20 -46.4686 163.227 210.587 8.16135 10.529349999999999
21 -44.4432 104.748 130.72 4.988 6.2247619047619045
20 -45.962 154.407 198.655 7.720350000000001 9.93275
