14 -26.7871 61.0669 81.9151 4.361921428571429 5.851078571428571
12 -21.3919 44.2111 60.626 3.6842583333333336 5.0521666666666665
13 -29.2168 122.156 176.786 9.396615384615385 13.598923076923077
16 -33.4215 92.4634 122.7 5.7789625 7.66875
12 -33.8814 403.891 665.967 33.657583333333335 55.49725
9 -23.8771 244.178 449.787 27.13088888888889 49.97633333333333
11 -25.6197 213.334 364.726 19.394000000000002 33.15690909090909
12 -45.1146 2953.61 5748.42 246.1341666666667 479.035
13 -32.3238 203.63 306.51 15.663846153846153 23.577692307692306
12 -33.8814 403.891 665.967 33.657583333333335 55.49725
12 -33.8814 403.891 665.967 33.657583333333335 55.49725
10 -23.2056 128.706 209.198 12.8706 20.919800000000002
9 -23.8771 244.178 449.787 27.13088888888889 49.97633333333333
11 -23.4745 90.4076 136.158 8.218872727272727 12.377999999999998
11 -25.6197 213.334 364.726 19.394000000000002 33.15690909090909
11 -25.6197 213.334 364.726 19.394000000000002 33.15690909090909
12 -32.9866 344.689 560.892 28.724083333333336 46.74100000000001
14 -47.3775 1440.46 2421.63 102.89 172.97357142857143
