3 -13.4203 29745.3 5130130.0 9915.1 1710043.3333333333
3 -18.5559 43549.6 1532190.0 14516.533333333333 510730.0
4 -17.8607 3733.79 29186.8 933.4475 7296.7
3 -13.0587 22536.8 3383280.0 7512.266666666666 1127760.0
3 -13.4203 29745.3 5130130.0 9915.1 1710043.3333333333
3 -11.062 4867.64 339608.0 1622.5466666666669 113202.66666666667
3 -18.5559 43549.6 1532190.0 14516.533333333333 510730.0
3 -18.764 49090.3 1797470.0 16363.433333333334 599156.6666666666
3 -13.4203 29745.3 5130130.0 9915.1 1710043.3333333333
3 -13.4203 29745.3 5130130.0 9915.1 1710043.3333333333
3 -13.4203 29745.3 5130130.0 9915.1 1710043.3333333333
5 -16.8977 2396.27 16765.6 479.254 3353.12
3 -11.062 4867.64 339608.0 1622.5466666666669 113202.66666666667
3 -11.062 4867.64 339608.0 1622.5466666666669 113202.66666666667
3 -18.5559 43549.6 1532190.0 14516.533333333333 510730.0
3 -18.5559 43549.6 1532190.0 14516.533333333333 510730.0
3 -18.5559 43549.6 1532190.0 14516.533333333333 510730.0
3 -18.764 49090.3 1797470.0 16363.433333333334 599156.6666666666
