13 -27.1738 87.2945 123.11 6.714961538461538 9.47
14 -29.5239 92.9522 128.484 6.639442857142858 9.177428571428573
12 -28.7019 161.375 246.504 13.447916666666666 20.541999999999998
12 -27.4826 130.03 195.08 10.835833333333333 16.256666666666668
14 -33.3601 167.497 241.471 11.96407142857143 17.24792857142857
14 -31.3657 123.324 173.943 8.808857142857143 12.4245
13 -44.6055 1534.99 2698.92 118.07615384615384 207.60923076923078
11 -27.281 187.678 302.056 17.061636363636364 27.459636363636363
14 -33.3601 167.497 241.471 11.96407142857143 17.24792857142857
15 -33.6588 126.963 175.356 8.4642 11.6904
16 -37.9662 171.122 235.986 10.695125 14.749125
15 -26.592 45.9198 59.2652 3.0613200000000003 3.9510133333333335
14 -31.3657 123.324 173.943 8.808857142857143 12.4245
12 -30.5719 224.741 352.903 18.728416666666668 29.408583333333336
14 -45.6079 1097.81 1810.11 78.41499999999999 129.29357142857143
14 -40.8578 529.487 828.737 37.820499999999996 59.195499999999996
13 -44.6055 1534.99 2698.92 118.07615384615384 207.60923076923078
11 -27.2479 186.492 299.975 16.953818181818182 27.270454545454548
