38 -76.5046 103.105 116.867 2.7132894736842106 3.075447368421053
46 -93.6 98.0593 108.338 2.131723913043478 2.3551739130434783
38 -66.8451 57.4223 64.0653 1.5111131578947368 1.685928947368421
40 -72.1411 63.6102 70.7573 1.590255 1.7689325
39 -82.8351 133.039 151.312 3.41125641025641 3.8797948717948723
36 -69.9174 87.5286 99.4581 2.43135 2.762725
32 -67.4588 150.0 177.267 4.6875 5.53959375
1 -2.32178 209.788 -1.0 209.788 -1.0
42 -80.988 94.4748 105.852 2.2494 2.5202857142857145
37 -83.493 180.538 208.569 4.8794054054054055 5.637
35 -72.59 118.577 136.458 3.387914285714286 3.8988
36 -69.9174 87.5286 99.4581 2.43135 2.762725
36 -67.6706 75.8121 85.7917 2.1058916666666665 2.383102777777778
36 -69.9174 87.5286 99.4581 2.43135 2.762725
32 -65.5653 130.32 153.289 4.0725 4.79028125
34 -67.5804 111.658 129.386 3.2840588235294117 3.805470588235294
32 -67.4588 150.0 177.267 4.6875 5.53959375
32 -69.1983 125.003 145.361 3.90634375 4.54253125
