21 -56.0171 465.031 632.203 22.144333333333332 30.10490476190476
26 -59.9181 201.624 249.301 7.754769230769231 9.5885
23 -64.5686 490.182 641.696 21.31226086956522 27.899826086956523
27 -61.6186 158.732 191.501 5.878962962962963 7.09262962962963
19 -51.1415 360.641 491.653 18.981105263157897 25.876473684210527
25 -66.699 465.545 601.35 18.6218 24.054000000000002
28 -64.7048 170.294 204.59 6.081928571428572 7.306785714285715
22 -65.0736 674.973 907.591 30.680590909090906 41.25413636363636
21 -50.1992 191.329 245.719 9.110904761904763 11.700904761904761
19 -51.1415 360.641 491.653 18.981105263157897 25.876473684210527
20 -52.1753 305.168 406.224 15.2584 20.3112
30 -62.4808 120.974 142.728 4.032466666666667 4.7576
25 -60.6178 265.895 335.537 10.6358 13.421479999999999
26 -64.2932 297.042 373.018 11.424692307692307 14.346846153846153
28 -65.2293 177.536 213.608 6.340571428571429 7.628857142857143
26 -59.724 198.188 244.884 7.622615384615385 9.418615384615384
27 -64.4365 200.127 243.522 7.412111111111112 9.019333333333334
23 -73.9247 1202.81 1637.26 52.296086956521734 71.18521739130435
