19 -39.328 117.462 153.07 6.18221052631579 8.056315789473684
18 -47.0616 299.864 411.652 16.65911111111111 22.869555555555554
17 -40.1075 228.698 321.156 13.452823529411765 18.891529411764708
14 -37.2784 305.65 459.982 21.832142857142856 32.85585714285715
17 -42.6496 322.702 463.021 18.982470588235294 27.236529411764707
14 -35.0278 317.674 494.814 22.691 35.343857142857146
20 -44.1908 127.152 162.01 6.3576 8.1005
14 -43.8159 1348.06 2346.7 96.28999999999999 167.62142857142857
19 -44.589 222.222 300.03 11.695894736842106 15.791052631578946
17 -42.6496 322.702 463.021 18.982470588235294 27.236529411764707
17 -42.6496 322.702 463.021 18.982470588235294 27.236529411764707
14 -35.0278 317.674 494.814 22.691 35.343857142857146
13 -33.0339 228.856 347.59 17.604307692307692 26.737692307692306
14 -35.0278 317.674 494.814 22.691 35.343857142857146
20 -46.1144 202.17 267.345 10.1085 13.367250000000002
20 -44.1908 127.152 162.01 6.3576 8.1005
18 -41.1132 192.338 262.073 10.685444444444444 14.55961111111111
14 -41.185 874.546 1472.56 62.46757142857143 105.18285714285715
