36 -78.0325 128.525 147.085 3.570138888888889 4.085694444444445
36 -76.4584 116.531 132.998 3.2369722222222226 3.6943888888888887
39 -79.1771 107.197 121.229 2.748641025641026 3.108435897435897
27 -60.3738 172.214 209.928 6.378296296296297 7.775111111111111
39 -88.8759 166.686 190.051 4.274 4.873102564102564
28 -85.7653 1989.13 2695.32 71.04035714285715 96.26142857142858
33 -75.3007 191.354 225.5 5.798606060606061 6.833333333333333
37 -96.7444 351.484 411.827 9.499567567567567 11.130459459459459
37 -84.3956 166.317 190.969 4.495054054054054 5.161324324324324
39 -88.8759 166.686 190.051 4.274 4.873102564102564
39 -88.8759 166.686 190.051 4.274 4.873102564102564
27 -81.9754 846.625 1086.74 31.35648148148148 40.24962962962963
21 -58.528 612.414 844.107 29.16257142857143 40.19557142857143
15 -41.9566 626.767 992.886 41.78446666666667 66.19239999999999
32 -70.4352 158.892 187.113 4.965375 5.84728125
33 -75.3007 191.354 225.5 5.798606060606061 6.833333333333333
33 -75.3007 191.354 225.5 5.798606060606061 6.833333333333333
31 -74.5473 213.6 253.951 6.890322580645161 8.191967741935484
