16 -33.2869 120.345 165.624 7.5215625 10.3515
14 -32.325 203.671 306.577 14.54792857142857 21.898357142857144
14 -31.5463 179.186 267.077 12.799000000000001 19.07692857142857
20 -40.188 102.188 130.364 5.1094 6.5182
14 -33.3739 242.02 369.168 17.287142857142857 26.369142857142858
11 -28.7573 411.436 751.16 37.40327272727273 68.28727272727272
14 -36.8703 430.124 685.769 30.723142857142857 48.9835
14 -35.9651 370.627 584.181 26.473357142857143 41.72721428571429
14 -33.3739 242.02 369.168 17.287142857142857 26.369142857142858
14 -30.3833 217.36 340.364 15.525714285714287 24.311714285714285
14 -33.0031 227.7 345.7 16.264285714285712 24.692857142857143
12 -32.6071 521.503 921.044 43.45858333333334 76.75366666666666
12 -31.7922 446.013 776.599 37.16775 64.71658333333333
12 -30.3108 335.658 569.539 27.971500000000002 47.46158333333333
15 -37.7136 326.769 494.117 21.7846 32.94113333333333
15 -37.3367 308.4 464.418 20.56 30.9612
15 -40.6275 511.091 797.925 34.07273333333333 53.195
15 -36.9436 290.339 435.339 19.355933333333333 29.0226
