18 -39.3596 117.912 153.69 6.550666666666667 8.538333333333334
20 -48.7049 208.584 272.424 10.4292 13.621199999999998
19 -41.2509 115.49 148.286 6.078421052631579 7.804526315789474
15 -35.884 174.884 246.755 11.658933333333332 16.450333333333333
17 -46.6847 827.545 1295.12 48.679117647058824 76.1835294117647
14 -39.2178 411.645 632.812 29.403214285714284 45.200857142857146
19 -51.3443 369.161 503.886 19.429526315789474 26.520315789473685
16 -37.386 158.188 217.081 9.88675 13.5675625
17 -49.201 541.239 783.749 31.83758823529412 46.10288235294118
17 -48.2139 685.666 1031.26 40.333294117647064 60.66235294117647
14 -44.2621 892.913 1450.71 63.7795 103.62214285714286
17 -40.4477 176.641 239.483 10.390647058823529 14.087235294117647
17 -38.9074 145.052 194.389 8.532470588235293 11.43464705882353
14 -33.6647 253.875 388.678 18.133928571428573 27.762714285714285
20 -52.2936 309.151 411.793 15.457550000000001 20.58965
19 -39.5696 95.1652 120.951 5.008694736842105 6.365842105263158
20 -52.2936 309.151 411.793 15.457550000000001 20.58965
19 -39.3733 93.0393 118.108 4.896805263157894 6.216210526315789
