16 -22.2383 20.3299 24.5411 1.27061875 1.53381875
13 -15.8737 13.6092 16.6361 1.0468615384615385 1.2796999999999998
13 -17.69 18.3474 22.9494 1.4113384615384617 1.7653384615384615
14 -19.562 20.1433 24.9622 1.438807142857143 1.7830142857142857
14 -38.6304 376.148 574.531 26.86771428571429 41.037928571428566
15 -33.8153 129.855 179.62 8.657 11.974666666666668
14 -24.9258 45.8899 60.313 3.27785 4.308071428571429
14 -31.2353 120.879 170.251 8.634214285714286 12.160785714285714
14 -32.2508 141.271 201.2 10.090785714285714 14.37142857142857
14 -38.6304 376.148 574.531 26.86771428571429 41.037928571428566
14 -38.6304 376.148 574.531 26.86771428571429 41.037928571428566
15 -33.8153 129.855 179.62 8.657 11.974666666666668
14 -27.1918 64.9814 87.5536 4.641528571428571 6.2538285714285715
15 -27.9966 56.2064 73.5255 3.7470933333333334 4.9017
14 -24.9258 45.8899 60.313 3.27785 4.308071428571429
14 -24.9258 45.8899 60.313 3.27785 4.308071428571429
12 -16.8796 19.8806 25.5054 1.6567166666666668 2.1254500000000003
14 -23.2378 35.4149 45.6922 2.5296357142857144 3.2637285714285715
