2 -8.00369 465.474 10042.5 232.737 5021.25
2 -8.00369 465.474 10042.5 232.737 5021.25
2 -6.23967 120.196 1317.76 60.098 658.88
2 -8.00369 465.474 10042.5 232.737 5021.25
2 -8.00369 465.474 10042.5 232.737 5021.25
1 -6.02856 1033.43 1067980.0 1033.43 1067980.0
2 -10.6962 3676.32 222905.0 1838.16 111452.5
2 -8.00369 465.474 10042.5 232.737 5021.25
2 -8.00369 465.474 10042.5 232.737 5021.25
2 -8.00369 465.474 10042.5 232.737 5021.25
2 -8.00369 465.474 10042.5 232.737 5021.25
1 -6.02856 1033.43 1067980.0 1033.43 1067980.0
2 -6.01413 101.09 1016.4 50.545 508.2
1 -6.02856 1033.43 1067980.0 1033.43 1067980.0
2 -10.6962 3676.32 222905.0 1838.16 111452.5
2 -9.09229 1073.41 35167.9 536.705 17583.95
2 -10.6962 3676.32 222905.0 1838.16 111452.5
2 -8.00369 465.474 10042.5 232.737 5021.25
