2 -16.0326 220907.0 1.03828E8 110453.5 5.1914E7
2 -16.0326 220907.0 1.03828E8 110453.5 5.1914E7
2 -16.0326 220907.0 1.03828E8 110453.5 5.1914E7
2 -17.4524 656833.0 5.32332E8 328416.5 2.66166E8
4 -12.524 319.74 1352.06 79.935 338.015
2 -2.32178 209.788 -1.0 104.894 -0.5
2 -16.4884 313421.0 1.75466E8 156710.5 8.7733E7
2 -15.7927 183751.0 7.87669E7 91875.5 3.938345E7
5 -13.2399 160.935 444.612 32.187 88.92240000000001
4 -12.524 319.74 1352.06 79.935 338.015
4 -12.524 319.74 1352.06 79.935 338.015
2 -15.7927 183751.0 7.87669E7 91875.5 3.938345E7
2 -2.32178 209.788 -1.0 104.894 -0.5
2 -2.32178 209.788 -1.0 104.894 -0.5
2 -16.4884 313421.0 1.75466E8 156710.5 8.7733E7
2 -16.4884 313421.0 1.75466E8 156710.5 8.7733E7
2 -16.4884 313421.0 1.75466E8 156710.5 8.7733E7
2 -15.7927 183751.0 7.87669E7 91875.5 3.938345E7
