22 -48.31 199.746 260.316 9.079363636363636 11.832545454545453
24 -44.1275 82.906 101.343 3.454416666666667 4.222625
19 -54.0677 700.919 1008.7 36.89047368421053 53.08947368421053
28 -58.7725 125.608 150.23 4.486 5.3653571428571425
20 -61.4065 1175.78 1705.78 58.789 85.289
23 -48.2654 198.77 258.981 8.642173913043479 11.260043478260869
21 -71.4831 2534.89 3751.08 120.70904761904761 178.62285714285713
29 -59.41 132.369 158.625 4.564448275862069 5.469827586206897
23 -64.2132 619.266 829.431 26.92460869565217 36.06221739130435
20 -61.4065 1175.78 1705.78 58.789 85.289
22 -63.7197 787.683 1082.11 35.80377272727273 49.186818181818175
23 -48.2654 198.77 258.981 8.642173913043479 11.260043478260869
24 -48.7225 163.93 208.987 6.830416666666667 8.707791666666667
24 -54.0242 223.294 285.525 9.303916666666668 11.896875
21 -62.1116 907.186 1275.21 43.199333333333335 60.72428571428571
21 -71.4831 2534.89 3751.08 120.70904761904761 178.62285714285713
21 -66.4861 1465.57 2110.12 69.78904761904762 100.48190476190476
29 -57.6821 114.835 136.89 3.959827586206896 4.7203448275862065
