14 -34.4696 198.598 289.812 14.18557142857143 20.700857142857142
11 -36.5896 1119.77 2119.94 101.79727272727273 192.72181818181818
9 -27.5609 570.28 1154.3 63.364444444444445 128.25555555555556
10 -27.9877 350.22 629.18 35.022000000000006 62.91799999999999
14 -43.1285 1203.94 2077.66 85.99571428571429 148.4042857142857
10 -31.0486 664.658 1273.09 66.4658 127.309
15 -38.5845 257.947 373.507 17.196466666666666 24.900466666666667
1 -2.32178 209.788 -1.0 209.788 -1.0
14 -40.8959 532.593 833.946 38.04235714285714 59.56757142857143
16 -36.9779 149.682 204.701 9.355125 12.7938125
13 -31.7037 274.627 438.502 21.125153846153847 33.73092307692308
10 -31.0486 664.658 1273.09 66.4658 127.309
10 -31.0486 664.658 1273.09 66.4658 127.309
11 -29.0009 261.062 432.961 23.732909090909093 39.36009090909091
14 -29.6426 94.6618 131.018 6.761557142857143 9.358428571428572
15 -38.5845 257.947 373.507 17.196466666666666 24.900466666666667
12 -30.3367 215.573 337.334 17.96441666666667 28.111166666666666
16 -28.9944 50.764 64.8863 3.17275 4.05539375
