23 -58.3628 270.262 344.758 11.750521739130434 14.989478260869564
25 -57.297 159.857 195.831 6.39428 7.83324
24 -59.7921 246.424 309.981 10.267666666666667 12.915875
9 -16.5738 45.4335 69.427 5.048166666666667 7.714111111111112
24 -61.4029 285.835 361.787 11.909791666666665 15.074458333333332
28 -61.8745 136.021 162.108 4.857892857142857 5.789571428571429
22 -63.4321 572.687 764.323 26.031227272727275 34.74195454545455
23 -52.4304 152.968 190.363 6.650782608695652 8.276652173913044
24 -58.7005 222.853 279.16 9.285541666666667 11.631666666666668
24 -57.2619 243.172 308.78 10.132166666666667 12.865833333333333
24 -61.4029 285.835 361.787 11.909791666666665 15.074458333333332
28 -67.4396 211.594 256.187 7.556928571428571 9.149535714285715
26 -60.6127 175.757 214.416 6.759884615384616 8.24676923076923
28 -61.8745 136.021 162.108 4.857892857142857 5.789571428571429
22 -63.4321 572.687 764.323 26.031227272727275 34.74195454545455
21 -49.9839 187.066 239.985 8.907904761904762 11.427857142857144
21 -54.3787 296.318 388.563 14.110380952380952 18.503
23 -52.4304 152.968 190.363 6.650782608695652 8.276652173913044
