12 -30.0083 203.391 316.733 16.94925 26.394416666666668
13 -31.2115 169.588 251.702 13.045230769230768 19.36169230769231
12 -31.3469 257.812 409.491 21.484333333333336 34.124249999999996
9 -18.7293 74.632 120.511 8.292444444444445 13.39011111111111
12 -40.2725 1252.8 2270.07 104.39999999999999 189.1725
12 -40.6468 1338.68 2439.13 111.55666666666667 203.26083333333335
12 -35.185 855.237 1579.94 71.26975 131.66166666666666
9 -35.01 3169.54 7762.4 352.1711111111111 862.4888888888888
12 -40.2725 1252.8 2270.07 104.39999999999999 189.1725
12 -40.2725 1252.8 2270.07 104.39999999999999 189.1725
12 -40.2725 1252.8 2270.07 104.39999999999999 189.1725
12 -40.6468 1338.68 2439.13 111.55666666666667 203.26083333333335
12 -40.7113 1354.05 2469.48 112.83749999999999 205.79
12 -40.6468 1338.68 2439.13 111.55666666666667 203.26083333333335
12 -35.185 855.237 1579.94 71.26975 131.66166666666666
12 -35.185 855.237 1579.94 71.26975 131.66166666666666
12 -37.3445 745.856 1294.32 62.154666666666664 107.86
9 -25.7826 378.669 732.375 42.07433333333333 81.375
