23 -47.0502 91.2901 111.086 3.9691347826086956 4.829826086956522
29 -64.9999 146.779 174.332 5.061344827586207 6.011448275862069
20 -41.7377 97.165 122.148 4.85825 6.1074
17 -42.5905 232.349 320.13 13.667588235294117 18.831176470588236
27 -78.8944 657.141 835.635 24.338555555555555 30.949444444444445
19 -47.4572 314.591 433.021 16.55742105263158 22.79057894736842
10 -27.2314 298.94 528.619 29.894 52.861900000000006
23 -53.5227 169.868 212.36 7.385565217391304 9.23304347826087
26 -73.6071 532.339 677.706 20.474576923076924 26.065615384615384
25 -58.8847 183.99 226.666 7.3596 9.06664
26 -52.3759 87.0662 103.385 3.3487 3.976346153846154
19 -47.4572 314.591 433.021 16.55742105263158 22.79057894736842
19 -51.3335 368.701 503.225 19.405315789473686 26.485526315789475
17 -41.4081 199.734 272.754 11.749058823529412 16.04435294117647
12 -31.9849 288.652 462.814 24.054333333333332 38.56783333333333
10 -27.2314 298.94 528.619 29.894 52.861900000000006
10 -27.2314 298.94 528.619 29.894 52.861900000000006
23 -53.5227 169.868 212.36 7.385565217391304 9.23304347826087
