27 -52.5128 75.0686 88.0886 2.7803185185185186 3.2625407407407407
28 -65.2166 177.357 213.385 6.334178571428572 7.620892857142857
26 -55.8678 117.268 140.852 4.510307692307692 5.4173846153846155
32 -60.6296 68.7483 78.4651 2.148384375 2.452034375
14 -29.6769 95.1618 131.759 6.797271428571428 9.411357142857142
26 -58.1975 143.042 173.127 5.501615384615385 6.65873076923077
25 -73.5122 672.038 871.945 26.881520000000002 34.8778
21 -49.9538 186.478 239.195 8.879904761904763 11.390238095238095
25 -55.6357 137.986 168.046 5.5194399999999995 6.721839999999999
26 -56.2001 120.638 145.058 4.639923076923077 5.5791538461538455
27 -58.256 120.385 143.757 4.458703703703704 5.324333333333334
25 -55.7372 169.625 210.08 6.785 8.4032
25 -73.5122 672.038 871.945 26.881520000000002 34.8778
24 -47.9467 82.7691 99.4899 3.4487124999999996 4.1454125
14 -29.6769 95.1618 131.759 6.797271428571428 9.411357142857142
14 -29.6769 95.1618 131.759 6.797271428571428 9.411357142857142
15 -30.1158 76.2496 101.793 5.083306666666667 6.7862
18 -45.8152 257.826 350.985 14.323666666666668 19.499166666666667
