45 -84.3516 74.8996 82.6192 1.6644355555555557 1.8359822222222224
45 -91.7455 98.734 109.342 2.194088888888889 2.429822222222222
43 -91.3572 119.207 133.225 2.772255813953488 3.098255813953488
52 -86.1566 45.3793 48.9041 0.8726788461538462 0.9404634615384615
40 -86.8449 148.293 168.574 3.707325 4.2143500000000005
52 -90.3693 54.6854 59.149 1.0516423076923078 1.1374807692307694
43 -87.9475 110.992 124.162 2.5812093023255813 2.8874883720930233
33 -96.182 674.347 821.499 20.434757575757576 24.89390909090909
46 -84.1082 67.3657 73.9726 1.464471739130435 1.6081
41 -86.6147 129.585 146.342 3.160609756097561 3.569317073170732
46 -86.4392 75.7031 83.3435 1.6457195652173915 1.8118152173913045
50 -85.9884 56.8677 61.8622 1.137354 1.237244
52 -90.3693 54.6854 59.149 1.0516423076923078 1.1374807692307694
50 -84.4834 52.9847 57.5533 1.059694 1.151066
45 -87.4714 87.8638 97.2719 1.9525288888888888 2.1615977777777777
40 -78.9293 84.1597 94.0225 2.1039925 2.3505624999999997
40 -79.4072 108.663 122.932 2.7165749999999997 3.0733
41 -89.4476 134.805 151.932 3.287926829268293 3.7056585365853656
