11 -27.646 201.294 326.039 18.299454545454548 29.63990909090909
9 -25.1823 329.781 628.1 36.64233333333333 69.78888888888889
8 -20.1894 175.091 333.943 21.886375 41.742875
14 -29.8468 97.6764 135.493 6.976885714285714 9.678071428571428
11 -26.4266 159.301 252.593 14.48190909090909 22.962999999999997
9 -26.4417 440.73 866.901 48.97 96.32233333333333
8 -23.2747 385.546 811.589 48.19325 101.448625
6 -17.4063 306.629 796.249 51.10483333333334 132.70816666666667
11 -26.4266 159.301 252.593 14.48190909090909 22.962999999999997
11 -26.4266 159.301 252.593 14.48190909090909 22.962999999999997
10 -25.3296 200.767 341.163 20.0767 34.1163
8 -17.8422 96.0436 169.933 12.00545 21.241625
9 -26.4417 440.73 866.901 48.97 96.32233333333333
11 -26.9903 177.497 284.225 16.13609090909091 25.838636363636365
9 -26.7214 470.048 931.208 52.227555555555554 103.46755555555555
8 -23.2747 385.546 811.589 48.19325 101.448625
9 -26.0516 402.862 784.546 44.76244444444445 87.17177777777778
6 -17.4063 306.629 796.249 51.10483333333334 132.70816666666667
