12 -35.9311 580.667 986.857 48.38891666666667 82.23808333333334
19 -44.5888 169.606 222.218 8.926631578947369 11.695684210526315
10 -24.1403 156.521 259.436 15.652099999999999 25.943599999999996
11 -24.9418 119.807 185.111 10.891545454545454 16.828272727272726
11 -27.8894 210.918 343.082 19.174363636363637 31.189272727272726
11 -28.9598 259.01 429.248 23.546363636363637 39.02254545454545
14 -30.0739 101.14 140.648 7.224285714285714 10.046285714285714
14 -37.1085 297.782 447.306 21.270142857142854 31.95042857142857
10 -26.9563 282.212 496.173 28.2212 49.6173
11 -27.8894 210.918 343.082 19.174363636363637 31.189272727272726
11 -27.8894 210.918 343.082 19.174363636363637 31.189272727272726
11 -28.9598 259.01 429.248 23.546363636363637 39.02254545454545
11 -28.9598 259.01 429.248 23.546363636363637 39.02254545454545
11 -28.9598 259.01 429.248 23.546363636363637 39.02254545454545
14 -30.0739 101.14 140.648 7.224285714285714 10.046285714285714
14 -30.0739 101.14 140.648 7.224285714285714 10.046285714285714
14 -30.0739 101.14 140.648 7.224285714285714 10.046285714285714
14 -37.1085 297.782 447.306 21.270142857142854 31.95042857142857
