6 -23.2934 2126.3 7624.8 354.3833333333334 1270.8
7 -20.53 368.343 856.762 52.620428571428576 122.39457142857142
8 -25.2665 641.781 1439.83 80.222625 179.97875
6 -19.8766 691.066 2054.82 115.17766666666667 342.47
7 -20.6207 378.083 882.701 54.011857142857146 126.10014285714286
7 -25.1908 1408.81 3969.07 201.25857142857143 567.01
6 -23.1954 2058.84 7343.32 343.14000000000004 1223.8866666666665
6 -21.4273 1150.93 3725.84 191.8216666666667 620.9733333333334
5 -18.8964 1410.57 6015.52 282.114 1203.104
9 -24.4693 279.852 523.371 31.094666666666665 58.15233333333333
12 -42.422 1833.3 3429.02 152.775 285.75166666666667
7 -25.1908 1408.81 3969.07 201.25857142857143 567.01
7 -25.1908 1408.81 3969.07 201.25857142857143 567.01
7 -25.1908 1408.81 3969.07 201.25857142857143 567.01
6 -23.1954 2058.84 7343.32 343.14000000000004 1223.8866666666665
6 -23.1954 2058.84 7343.32 343.14000000000004 1223.8866666666665
6 -23.1954 2058.84 7343.32 343.14000000000004 1223.8866666666665
16 -48.6947 731.801 1105.14 45.7375625 69.07125
