21 -31.8153 32.7351 38.973 1.558814285714286 1.8558571428571429
18 -27.8281 35.1564 43.3456 1.9531333333333332 2.408088888888889
19 -30.4717 40.1579 49.3026 2.113573684210526 2.594873684210526
18 -26.1676 28.4285 34.6154 1.579361111111111 1.9230777777777779
17 -38.6395 187.462 259.998 11.027176470588234 15.293999999999999
17 -22.2976 20.4939 24.7515 1.2055235294117648 1.455970588235294
16 -27.011 48.7741 63.2027 3.04838125 3.95016875
17 -44.0156 388.285 563.602 22.840294117647062 33.15305882352941
20 -35.5331 59.7933 74.1585 2.989665 3.7079250000000004
17 -39.7975 219.297 307.147 12.899823529411764 18.067470588235295
16 -34.7039 147.569 205.87 9.2230625 12.866875
17 -22.2976 20.4939 24.7515 1.2055235294117648 1.455970588235294
17 -22.2976 20.4939 24.7515 1.2055235294117648 1.455970588235294
17 -22.2976 20.4939 24.7515 1.2055235294117648 1.455970588235294
16 -27.011 48.7741 63.2027 3.04838125 3.95016875
14 -33.5347 248.504 379.83 17.750285714285713 27.130714285714284
17 -27.2692 40.1856 50.6204 2.363858823529412 2.977670588235294
15 -28.3068 77.1113 105.175 5.1407533333333335 7.011666666666667
