30 -60.3415 102.656 120.432 3.421866666666667 4.0144
35 -65.0854 64.258 72.374 1.835942857142857 2.067828571428571
31 -82.655 382.798 463.757 12.348322580645162 14.959903225806451
35 -80.7341 174.829 202.623 4.995114285714286 5.789228571428571
32 -68.5405 138.641 162.549 4.33253125 5.07965625
26 -68.8164 353.798 443.388 13.607615384615384 17.053384615384616
32 -88.5278 481.572 584.109 15.049125 18.25340625
30 -72.9702 270.607 328.256 9.020233333333334 10.941866666666666
32 -68.5405 138.641 162.549 4.33253125 5.07965625
32 -68.5405 138.641 162.549 4.33253125 5.07965625
29 -65.4401 180.533 217.344 6.225275862068965 7.494620689655172
24 -42.8033 51.5387 60.7397 2.1474458333333333 2.5308208333333333
26 -66.4854 290.017 360.688 11.1545 13.872615384615385
26 -58.5846 147.843 179.165 5.686269230769231 6.890961538461538
22 -47.6538 118.006 146.582 5.3639090909090905 6.6628181818181815
38 -97.9382 443.587 525.419 11.673342105263158 13.826815789473685
34 -77.0804 159.33 184.957 4.686176470588236 5.439911764705882
31 -61.5506 96.7172 112.639 3.119909677419355 3.633516129032258
