28 -60.7993 124.89 148.389 4.460357142857143 5.299607142857143
28 -67.7785 263.427 323.828 9.408107142857144 11.565285714285713
27 -67.0299 247.7 303.801 9.174074074074074 11.251888888888889
29 -64.5468 141.762 168.171 4.888344827586207 5.7989999999999995
26 -63.3981 343.498 438.115 13.211461538461538 16.850576923076922
24 -60.6144 265.812 335.428 11.0755 13.976166666666666
25 -64.4431 301.009 378.201 12.04036 15.12804
22 -61.1203 454.364 600.06 20.65290909090909 27.275454545454544
25 -56.0142 215.738 272.522 8.62952 10.900879999999999
26 -63.3981 343.498 438.115 13.211461538461538 16.850576923076922
26 -63.3981 343.498 438.115 13.211461538461538 16.850576923076922
26 -63.3308 221.607 272.771 8.523346153846154 10.491192307692309
25 -58.7418 181.676 223.702 7.26704 8.94808
24 -60.6144 265.812 335.428 11.0755 13.976166666666666
25 -64.4431 301.009 378.201 12.04036 15.12804
25 -64.3082 297.435 373.532 11.8974 14.941279999999999
26 -60.4403 173.193 211.168 6.661269230769231 8.121846153846153
24 -61.9623 300.949 381.736 12.539541666666667 15.905666666666667
