14 -34.6117 296.665 459.664 21.190357142857145 32.83314285714285
19 -43.6099 197.359 264.711 10.387315789473684 13.932157894736843
15 -40.0754 469.566 728.672 31.304399999999998 48.578133333333334
19 -49.4826 402.112 561.091 21.16378947368421 29.531105263157894
21 -49.1928 220.047 288.165 10.478428571428571 13.722142857142858
13 -38.2367 873.546 1536.01 67.19584615384616 118.15461538461538
14 -33.3542 241.236 367.88 17.231142857142856 26.277142857142856
18 -42.7052 235.783 325.142 13.099055555555555 18.063444444444443
21 -49.1928 220.047 288.165 10.478428571428571 13.722142857142858
20 -48.6603 271.028 363.972 13.551400000000001 18.1986
20 -48.6603 271.028 363.972 13.551400000000001 18.1986
13 -38.2367 873.546 1536.01 67.19584615384616 118.15461538461538
18 -45.3101 329.026 462.703 18.279222222222224 25.70572222222222
13 -38.2367 873.546 1536.01 67.19584615384616 118.15461538461538
19 -38.2331 102.866 133.065 5.414 7.0034210526315785
17 -37.4576 159.731 219.331 9.395941176470588 12.901823529411764
14 -33.3542 241.236 367.88 17.231142857142856 26.277142857142856
18 -42.7052 235.783 325.142 13.099055555555555 18.063444444444443
