21 -50.3043 193.446 248.567 9.211714285714285 11.83652380952381
26 -53.7586 97.9623 116.853 3.767780769230769 4.494346153846154
22 -47.0835 111.457 138.089 5.066227272727272 6.276772727272728
21 -41.6932 78.5495 96.6916 3.7404523809523806 4.604361904761904
25 -54.5712 125.572 152.352 5.02288 6.09408
19 -46.4551 210.26 278.617 11.066315789473684 14.664052631578949
23 -54.5687 187.8 235.804 8.165217391304349 10.252347826086957
24 -43.1581 53.2508 62.8429 2.218783333333333 2.6184541666666665
25 -54.5712 125.572 152.352 5.02288 6.09408
25 -54.5712 125.572 152.352 5.02288 6.09408
25 -54.5712 125.572 152.352 5.02288 6.09408
18 -36.8721 87.2241 111.802 4.845783333333333 6.211222222222222
19 -41.6865 121.43 156.325 6.3910526315789475 8.227631578947367
20 -46.0076 155.181 199.701 7.75905 9.98505
23 -54.5687 187.8 235.804 8.165217391304349 10.252347826086957
25 -58.4089 176.398 216.947 7.0559199999999995 8.67788
22 -49.6519 144.138 180.678 6.551727272727273 8.212636363636364
24 -43.1581 53.2508 62.8429 2.218783333333333 2.6184541666666665
