24 -55.2877 201.212 253.403 8.383833333333333 10.558458333333332
24 -56.1067 175.496 217.659 7.312333333333334 9.069125
25 -53.5803 139.063 170.809 5.562519999999999 6.8323599999999995
14 -33.658 175.335 253.598 12.523928571428572 18.11414285714286
17 -35.6924 96.1414 125.763 5.6553764705882354 7.397823529411765
23 -44.7807 88.5085 108.514 3.848195652173913 4.718
18 -48.6228 502.648 724.706 27.92488888888889 40.26144444444444
17 -46.1913 368.282 521.354 21.66364705882353 30.667882352941177
17 -34.9613 87.5582 113.907 5.150482352941176 6.7004117647058825
17 -38.5061 137.793 184.104 8.105470588235294 10.82964705882353
16 -31.9193 75.4403 98.8447 4.71501875 6.17779375
24 -46.4746 86.3859 104.866 3.5994125 4.369416666666667
21 -42.7511 108.584 137.263 5.1706666666666665 6.536333333333333
23 -44.7807 88.5085 108.514 3.848195652173913 4.718
21 -53.9018 368.768 495.554 17.56038095238095 23.597809523809524
18 -50.7727 661.771 969.687 36.765055555555556 53.8715
18 -48.6228 502.648 724.706 27.92488888888889 40.26144444444444
18 -41.1404 193.01 263.043 10.722777777777777 14.6135
