6 -22.6399 1715.05 5933.65 285.84166666666664 988.9416666666666
6 -22.6399 1715.05 5933.65 285.84166666666664 988.9416666666666
6 -23.8572 2559.59 9466.68 426.59833333333336 1577.78
5 -23.1889 7325.18 43429.2 1465.036 8685.84
5 -14.2339 702.727 3618.12 140.5454 723.624
7 -27.8067 2991.16 9383.99 427.3085714285714 1340.57
8 -25.4449 671.756 1515.7 83.9695 189.4625
1 -2.32178 209.788 -1.0 209.788 -1.0
5 -14.2339 702.727 3618.12 140.5454 723.624
5 -14.2339 702.727 3618.12 140.5454 723.624
5 -14.2339 702.727 3618.12 140.5454 723.624
7 -27.8067 2991.16 9383.99 427.3085714285714 1340.57
7 -27.8067 2991.16 9383.99 427.3085714285714 1340.57
7 -27.8067 2991.16 9383.99 427.3085714285714 1340.57
8 -25.4449 671.756 1515.7 83.9695 189.4625
8 -25.4449 671.756 1515.7 83.9695 189.4625
8 -25.4449 671.756 1515.7 83.9695 189.4625
8 -24.6654 550.296 1211.08 68.787 151.385
