26 -66.0675 279.861 347.581 10.763884615384615 13.368500000000001
25 -58.0647 171.103 210.178 6.84412 8.407119999999999
25 -53.3192 112.393 135.759 4.49572 5.430359999999999
25 -39.7043 33.6579 38.741 1.3463159999999998 1.54964
1 -2.32178 209.788 -1.0 209.788 -1.0
25 -58.3673 175.75 216.118 7.03 8.64472
26 -63.6891 228.484 281.567 8.787846153846154 10.8295
24 -56.4345 180.875 224.614 7.536458333333333 9.358916666666667
1 -2.32178 209.788 -1.0 209.788 -1.0
1 -2.32178 209.788 -1.0 209.788 -1.0
1 -2.32178 209.788 -1.0 209.788 -1.0
26 -59.1182 154.727 187.836 5.951038461538461 7.224461538461539
25 -54.9513 129.871 157.78 5.19484 6.3112
25 -58.3673 175.75 216.118 7.03 8.64472
26 -63.6891 228.484 281.567 8.787846153846154 10.8295
26 -60.5719 175.148 213.643 6.736461538461539 8.217038461538461
25 -59.0825 187.243 230.835 7.48972 9.2334
24 -56.4345 180.875 224.614 7.536458333333333 9.358916666666667
