27 -72.7589 396.763 495.192 14.694925925925926 18.340444444444444
27 -85.4008 1122.1 1455.44 41.55925925925926 53.90518518518519
33 -98.5457 791.415 968.801 23.982272727272726 29.357606060606063
20 -57.2253 530.9 726.546 26.544999999999998 36.3273
33 -102.784 1054.52 1302.16 31.955151515151513 39.45939393939394
37 -114.487 1029.95 1242.35 27.83648648648649 33.57702702702702
30 -83.8357 623.05 777.832 20.76833333333333 25.927733333333332
23 -60.7346 437.156 576.322 19.00678260869565 25.057478260869566
33 -93.6462 567.937 688.278 17.210212121212123 20.85690909090909
35 -100.585 622.34 747.923 17.781142857142857 21.36922857142857
27 -81.8799 840.006 1077.93 31.11133333333333 39.92333333333334
30 -91.2367 877.239 1099.57 29.241300000000003 36.65233333333333
33 -106.732 1377.81 1715.21 41.75181818181818 51.97606060606061
35 -97.8382 624.276 754.386 17.836457142857142 21.553885714285713
30 -83.8357 623.05 777.832 20.76833333333333 25.927733333333332
30 -83.8357 623.05 777.832 20.76833333333333 25.927733333333332
31 -83.362 488.762 600.806 15.766516129032258 19.38083870967742
23 -60.7346 437.156 576.322 19.00678260869565 25.057478260869566
