32 -71.9562 151.528 177.269 4.73525 5.53965625
27 -61.2755 154.316 185.978 5.715407407407407 6.8880740740740745
26 -59.3557 236.717 297.273 9.1045 11.433576923076924
27 -51.6032 81.5134 96.5468 3.019014814814815 3.5758074074074075
16 -40.5834 243.927 343.925 15.2454375 21.4953125
25 -63.5153 277.265 347.224 11.0906 13.888959999999999
28 -63.2509 151.728 181.536 5.418857142857143 6.483428571428571
22 -56.8439 296.126 383.545 13.460272727272725 17.433863636363636
15 -39.0433 275.554 400.762 18.370266666666666 26.717466666666667
16 -40.5834 243.927 343.925 15.2454375 21.4953125
17 -41.7469 208.58 285.562 12.269411764705882 16.797764705882354
24 -60.1393 254.433 320.484 10.601374999999999 13.353499999999999
25 -63.5153 277.265 347.224 11.0906 13.888959999999999
25 -61.824 297.14 376.705 11.8856 15.0682
29 -61.4344 111.639 131.35 3.8496206896551723 4.529310344827586
28 -63.2509 151.728 181.536 5.418857142857143 6.483428571428571
29 -63.6973 132.814 157.202 4.579793103448275 5.420758620689655
21 -50.17 190.747 244.934 9.083190476190477 11.66352380952381
