21 -33.9325 41.2887 49.7305 1.9661285714285714 2.3681190476190475
25 -47.7649 68.7243 81.3945 2.748972 3.2557799999999997
20 -38.8844 71.0622 87.9469 3.55311 4.397345
15 -23.7283 30.4102 38.1845 2.027346666666667 2.5456333333333334
17 -44.6191 301.189 421.36 17.717000000000002 24.785882352941176
20 -47.2964 178.736 231.645 8.9368 11.58225
18 -44.0181 207.367 278.9 11.520388888888888 15.494444444444444
15 -33.9694 132.767 183.92 8.851133333333333 12.261333333333333
19 -36.8922 69.9212 87.4367 3.680063157894737 4.601931578947369
18 -41.9241 160.892 213.363 8.938444444444444 11.8535
18 -46.8936 402.903 573.387 22.3835 31.854833333333332
20 -47.2964 178.736 231.645 8.9368 11.58225
20 -45.8137 151.917 195.293 7.59585 9.76465
20 -47.2964 178.736 231.645 8.9368 11.58225
15 -33.7146 127.987 176.865 8.532466666666666 11.791
18 -39.4541 119.27 155.558 6.626111111111111 8.642111111111111
15 -24.8723 35.8524 45.5148 2.3901600000000003 3.03432
14 -27.1696 64.7605 87.2347 4.625749999999999 6.231050000000001
