7 -14.4345 63.7246 115.363 9.103514285714287 16.480428571428572
9 -18.1527 65.3539 103.984 7.261544444444444 11.553777777777777
7 -17.5284 155.255 319.192 22.179285714285715 45.59885714285714
7 -12.8893 40.8476 69.3957 5.835371428571428 9.91367142857143
9 -22.3358 171.228 303.215 19.025333333333336 33.690555555555555
22 -53.8678 219.827 280.891 9.992136363636364 12.767772727272728
8 -22.3653 305.515 624.686 38.189375 78.08575
8 -15.1965 48.8093 79.3534 6.1011625 9.919175
9 -22.1631 164.553 290.11 18.283666666666665 32.23444444444445
9 -22.6964 186.054 332.522 20.672666666666668 36.946888888888886
9 -22.3358 171.228 303.215 19.025333333333336 33.690555555555555
24 -55.1206 160.259 198.012 6.677458333333333 8.2505
23 -53.2647 165.715 206.945 7.205 8.997608695652174
21 -53.2294 262.736 342.558 12.511238095238095 16.312285714285714
6 -12.3977 59.0336 116.488 9.838933333333333 19.414666666666665
9 -16.9011 48.9904 75.492 5.443377777777778 8.388
9 -18.3931 69.0728 110.58 7.6747555555555556 12.286666666666667
8 -15.1965 48.8093 79.3534 6.1011625 9.919175
