23 -52.9458 160.722 200.443 6.987913043478261 8.714913043478262
22 -57.0787 303.169 393.086 13.78040909090909 17.867545454545454
23 -61.2289 355.8 459.333 15.469565217391304 19.971
26 -56.3169 121.846 146.567 4.686384615384616 5.637192307692308
24 -55.6429 168.158 208.188 7.0065833333333325 8.6745
21 -54.7859 309.221 406.306 14.724809523809524 19.34790476190476
24 -54.0084 144.656 177.971 6.027333333333334 7.4154583333333335
15 -40.4893 500.361 779.991 33.3574 51.9994
24 -52.8424 129.926 159.135 5.4135833333333325 6.630624999999999
24 -41.9456 47.6236 55.9412 1.9843166666666667 2.3308833333333334
25 -54.1655 121.14 146.764 4.8456 5.87056
22 -55.9735 271.414 350.148 12.337 15.915818181818183
21 -54.7859 309.221 406.306 14.724809523809524 19.34790476190476
21 -54.7859 309.221 406.306 14.724809523809524 19.34790476190476
18 -45.471 247.291 335.865 13.738388888888888 18.659166666666668
24 -58.4791 218.356 273.295 9.098166666666666 11.387291666666668
24 -54.0084 144.656 177.971 6.027333333333334 7.4154583333333335
13 -39.8947 707.33 1171.72 54.410000000000004 90.13230769230769
