22 -30.0905 20.3368 23.3211 0.9244 1.0600500000000002
23 -30.0756 17.9122 20.3064 0.7787913043478261 0.8828869565217391
19 -31.0315 35.6101 42.9769 1.8742157894736844 2.261942105263158
20 -29.8059 26.262 30.9238 1.3131 1.54619
19 -32.7122 43.2123 52.6856 2.2743315789473684 2.7729263157894737
23 -45.1451 76.0404 91.7971 3.306104347826087 3.991178260869565
20 -28.8832 23.7352 27.8075 1.18676 1.3903750000000001
21 -34.6512 37.5883 44.674 1.7899190476190474 2.1273333333333335
19 -34.915 55.6863 68.8065 2.9308578947368424 3.621394736842105
18 -29.0281 33.7129 40.9895 1.8729388888888887 2.2771944444444445
19 -32.7122 43.2123 52.6856 2.2743315789473684 2.7729263157894737
25 -38.3239 29.7848 34.1157 1.191392 1.364628
24 -44.5889 60.7516 72.0895 2.5313166666666667 3.0037291666666666
24 -44.5889 60.7516 72.0895 2.5313166666666667 3.0037291666666666
20 -28.8832 23.7352 27.8075 1.18676 1.3903750000000001
20 -28.8832 23.7352 27.8075 1.18676 1.3903750000000001
20 -28.8832 23.7352 27.8075 1.18676 1.3903750000000001
18 -26.5784 25.0532 29.9625 1.3918444444444444 1.6645833333333333
