12 -29.1406 174.416 268.154 14.534666666666666 22.346166666666665
12 -33.3597 368.242 602.529 30.686833333333336 50.21075
12 -23.7921 67.6335 96.0894 5.636125 8.00745
12 -29.6575 191.137 296.113 15.928083333333333 24.676083333333334
14 -32.3468 143.368 204.401 10.240571428571428 14.600071428571429
12 -32.3187 306.237 493.433 25.519750000000002 41.119416666666666
11 -26.0374 232.828 401.549 21.16618181818182 36.50445454545454
13 -31.2527 170.74 253.545 13.133846153846154 19.503461538461536
14 -32.3468 143.368 204.401 10.240571428571428 14.600071428571429
13 -32.1625 198.3 297.879 15.253846153846155 22.913769230769233
12 -27.659 134.158 201.799 11.179833333333333 16.816583333333334
13 -33.9166 264.614 406.413 20.354923076923075 31.262538461538462
12 -32.3187 306.237 493.433 25.519750000000002 41.119416666666666
13 -29.876 136.145 198.681 10.47269230769231 15.283153846153848
11 -27.0606 179.908 288.44 16.355272727272727 26.221818181818183
10 -26.2878 245.358 425.383 24.535800000000002 42.5383
11 -25.8171 141.719 222.338 12.883545454545454 20.212545454545452
13 -31.2527 170.74 253.545 13.133846153846154 19.503461538461536
