29 -70.3488 221.29 266.577 7.6306896551724135 9.192310344827586
27 -61.4451 156.483 188.688 5.7956666666666665 6.988444444444444
27 -60.4586 144.29 173.464 5.344074074074074 6.424592592592592
25 -58.2529 173.978 213.853 6.95912 8.554120000000001
24 -62.6766 321.415 408.815 13.392291666666667 17.033958333333334
20 -60.9319 797.114 1113.26 39.8557 55.663
32 -69.4341 127.076 147.848 3.971125 4.62025
22 -58.17 338.166 440.647 15.371181818181817 20.02940909090909
26 -66.6427 293.933 365.747 11.305115384615384 14.067192307692308
24 -60.7549 269.276 339.982 11.219833333333334 14.165916666666668
25 -63.3982 274.405 343.501 10.976199999999999 13.740039999999999
19 -46.8184 219.24 291.156 11.538947368421054 15.324
18 -43.5727 196.471 263.454 10.915055555555556 14.636333333333333
20 -60.9319 797.114 1113.26 39.8557 55.663
32 -67.8711 113.946 132.121 3.5608125 4.12878125
33 -70.0793 115.121 132.928 3.4885151515151516 4.028121212121212
32 -69.4341 127.076 147.848 3.971125 4.62025
21 -51.1002 271.233 358.93 12.915857142857144 17.09190476190476
