3 -8.67982 782.118 21873.0 260.706 7291.0
3 -8.67982 782.118 21873.0 260.706 7291.0
3 -8.67982 782.118 21873.0 260.706 7291.0
3 -8.67982 782.118 21873.0 260.706 7291.0
1 -2.32178 209.788 -1.0 209.788 -1.0
3 -8.67982 782.118 21873.0 260.706 7291.0
3 -8.67982 782.118 21873.0 260.706 7291.0
11 -32.5003 510.931 900.693 46.44827272727272 81.88118181818182
1 -2.32178 209.788 -1.0 209.788 -1.0
1 -2.32178 209.788 -1.0 209.788 -1.0
1 -2.32178 209.788 -1.0 209.788 -1.0
3 -8.67982 782.118 21873.0 260.706 7291.0
3 -8.67982 782.118 21873.0 260.706 7291.0
3 -8.67982 782.118 21873.0 260.706 7291.0
3 -8.67982 782.118 21873.0 260.706 7291.0
3 -8.67982 782.118 21873.0 260.706 7291.0
3 -8.67982 782.118 21873.0 260.706 7291.0
11 -32.5003 510.931 900.693 46.44827272727272 81.88118181818182
