34 -80.6827 236.058 278.566 6.942882352941176 8.193117647058823
33 -73.7943 172.263 202.336 5.220090909090909 6.13139393939394
29 -67.5654 213.719 258.852 7.369620689655172 8.925931034482758
37 -67.9333 68.5544 77.0968 1.8528216216216216 2.0836972972972974
26 -68.2546 421.868 537.259 16.225692307692306 20.663807692307692
25 -66.902 474.328 613.172 18.973119999999998 24.526880000000002
31 -72.5973 219.71 262.973 7.08741935483871 8.483
37 -81.0899 155.46 178.853 4.201621621621622 4.833864864864865
26 -65.6782 335.803 423.768 12.9155 16.29876923076923
26 -68.2546 421.868 537.259 16.225692307692306 20.663807692307692
26 -68.2546 421.868 537.259 16.225692307692306 20.663807692307692
25 -61.8 296.483 375.837 11.85932 15.033479999999999
25 -61.3722 285.029 360.725 11.401159999999999 14.429
28 -59.852 137.269 164.718 4.902464285714286 5.882785714285714
35 -80.0033 193.112 225.444 5.517485714285714 6.441257142857142
32 -71.8905 176.432 208.472 5.5135 6.51475
32 -74.8504 218.311 259.735 6.82221875 8.11671875
40 -80.7547 104.44 117.661 2.6109999999999998 2.941525
