42 -106.871 305.759 350.392 7.279976190476191 8.342666666666666
42 -121.265 660.883 771.383 15.735309523809525 18.366261904761906
40 -100.651 285.035 328.299 7.125875000000001 8.207474999999999
36 -79.1665 137.923 158.15 3.8311944444444443 4.393055555555556
37 -83.8812 249.233 293.153 6.736027027027027 7.923054054054054
37 -113.889 1196.97 1457.42 32.35054054054054 39.38972972972973
47 -115.83 258.892 291.381 5.508340425531915 6.199595744680851
34 -92.8051 448.305 536.489 13.185441176470588 15.779088235294118
33 -80.1648 385.445 470.069 11.680151515151515 14.244515151515152
37 -83.8812 249.233 293.153 6.736027027027027 7.923054054054054
33 -68.7013 140.254 164.502 4.250121212121212 4.984909090909091
37 -110.364 961.198 1163.24 25.978324324324323 31.43891891891892
40 -94.9016 235.797 271.252 5.894925 6.7813
38 -111.623 865.84 1039.51 22.785263157894736 27.355526315789472
36 -80.037 145.601 167.206 4.044472222222222 4.644611111111111
47 -115.83 258.892 291.381 5.508340425531915 6.199595744680851
38 -85.0483 151.609 173.027 3.9897105263157897 4.553342105263158
34 -91.2441 404.551 482.668 11.898558823529411 14.196117647058824
