18 -28.8238 32.8884 39.9322 1.8271333333333333 2.218455555555556
18 -40.4207 134.093 176.033 7.4496111111111105 9.77961111111111
13 -27.8885 98.1824 139.723 7.552492307692308 10.747923076923078
13 -30.2495 144.771 212.269 11.136230769230767 16.328384615384614
19 -26.584 21.3404 25.0704 1.123178947368421 1.3194947368421053
15 -37.0056 205.517 293.115 13.701133333333333 19.541
13 -33.257 237.412 361.605 18.26246153846154 27.81576923076923
11 -22.6798 77.6221 115.293 7.056554545454546 10.481181818181819
19 -26.584 21.3404 25.0704 1.123178947368421 1.3194947368421053
19 -26.584 21.3404 25.0704 1.123178947368421 1.3194947368421053
19 -26.584 21.3404 25.0704 1.123178947368421 1.3194947368421053
14 -28.8509 83.8287 115.021 5.987764285714285 8.215785714285714
16 -26.1306 34.4424 42.9696 2.15265 2.6856
8 -21.2805 231.472 457.152 28.934 57.144
12 -29.5741 188.335 291.413 15.694583333333334 24.28441666666667
13 -32.1784 198.819 298.718 15.29376923076923 22.978307692307695
12 -27.6383 133.667 200.999 11.138916666666667 16.749916666666667
9 -20.2354 105.571 177.166 11.73011111111111 19.685111111111112
