17 -37.5342 121.683 161.396 7.157823529411765 9.493882352941176
18 -36.5079 83.4583 106.713 4.636572222222222 5.9285
16 -42.1098 299.95 428.415 18.746875 26.7759375
16 -37.6429 163.791 225.259 10.2369375 14.0786875
18 -46.4308 277.796 379.742 15.43311111111111 21.096777777777778
18 -39.758 123.745 161.725 6.874722222222222 8.984722222222222
19 -41.4742 118.498 152.354 6.236736842105263 8.01863157894737
17 -41.5804 204.185 279.195 12.010882352941177 16.423235294117646
19 -41.4742 118.498 152.354 6.236736842105263 8.01863157894737
19 -41.4742 118.498 152.354 6.236736842105263 8.01863157894737
19 -41.4742 118.498 152.354 6.236736842105263 8.01863157894737
19 -49.5932 301.759 407.538 15.882052631578949 21.449368421052633
19 -40.7462 108.971 139.489 5.735315789473685 7.341526315789474
18 -46.4308 277.796 379.742 15.43311111111111 21.096777777777778
18 -39.758 123.745 161.725 6.874722222222222 8.984722222222222
18 -39.758 123.745 161.725 6.874722222222222 8.984722222222222
18 -39.758 123.745 161.725 6.874722222222222 8.984722222222222
15 -37.211 211.684 302.505 14.112266666666667 20.166999999999998
