19 -51.8153 389.729 533.48 20.512052631578946 28.077894736842108
18 -49.2122 389.147 542.013 21.61927777777778 30.111833333333337
21 -48.5484 160.97 205.035 7.665238095238095 9.763571428571428
21 -52.3115 238.667 309.757 11.365095238095238 14.750333333333334
21 -64.6082 864.443 1192.84 41.16395238095238 56.80190476190476
15 -42.1326 429.824 643.936 28.654933333333336 42.92906666666667
18 -47.3035 308.785 424.591 17.154722222222222 23.58838888888889
15 -49.1187 1174.67 1881.82 78.31133333333334 125.45466666666667
20 -56.1854 473.693 644.573 23.684649999999998 32.22865
21 -64.6082 864.443 1192.84 41.16395238095238 56.80190476190476
24 -62.8685 327.144 416.408 13.631 17.350333333333335
16 -47.848 652.516 978.37 40.78225 61.148125
15 -42.1326 429.824 643.936 28.654933333333336 42.92906666666667
15 -42.1326 429.824 643.936 28.654933333333336 42.92906666666667
20 -54.172 379.854 511.208 18.9927 25.5604
18 -47.3035 308.785 424.591 17.154722222222222 23.58838888888889
18 -47.3035 308.785 424.591 17.154722222222222 23.58838888888889
17 -50.9307 675.28 990.658 39.72235294117647 58.274
