3 -13.3726 2203.65 28676.3 734.5500000000001 9558.766666666666
3 -13.3726 2203.65 28676.3 734.5500000000001 9558.766666666666
2 -8.3889 15647.6 2.44848E8 7823.8 1.22424E8
3 -13.3726 2203.65 28676.3 734.5500000000001 9558.766666666666
2 -14.0539 48377.8 1.06407E7 24188.9 5320350.0
2 -15.2914 125067.0 4.42297E7 62533.5 2.211485E7
2 -16.0774 228635.0 1.09324E8 114317.5 5.4662E7
2 -15.1269 110226.0 3.65954E7 55113.0 1.82977E7
2 -14.0539 48377.8 1.06407E7 24188.9 5320350.0
2 -8.73252 814.403 23241.2 407.2015 11620.6
2 -14.0539 48377.8 1.06407E7 24188.9 5320350.0
2 -15.2914 125067.0 4.42297E7 62533.5 2.211485E7
2 -15.2914 125067.0 4.42297E7 62533.5 2.211485E7
2 -15.2914 125067.0 4.42297E7 62533.5 2.211485E7
2 -16.0774 228635.0 1.09324E8 114317.5 5.4662E7
2 -16.0774 228635.0 1.09324E8 114317.5 5.4662E7
2 -16.0774 228635.0 1.09324E8 114317.5 5.4662E7
2 -15.1269 110226.0 3.65954E7 55113.0 1.82977E7
