10 -23.5913 139.528 228.626 13.9528 22.8626
12 -30.806 234.256 369.118 19.521333333333335 30.759833333333333
12 -32.8345 335.527 544.759 27.960583333333332 45.39658333333333
10 -23.5913 139.528 228.626 13.9528 22.8626
9 -27.4526 556.239 1122.77 61.80433333333334 124.75222222222222
11 -25.6961 138.466 216.776 12.587818181818182 19.706909090909093
10 -23.5913 139.528 228.626 13.9528 22.8626
5 -13.3924 170.635 476.961 34.126999999999995 95.3922
9 -27.4526 556.239 1122.77 61.80433333333334 124.75222222222222
9 -24.4981 281.717 527.248 31.301888888888886 58.583111111111116
10 -31.0912 670.614 1285.64 67.0614 128.56400000000002
11 -25.6961 138.466 216.776 12.587818181818182 19.706909090909093
11 -25.6961 138.466 216.776 12.587818181818182 19.706909090909093
7 -23.7933 942.253 2506.39 134.60757142857145 358.05571428571426
7 -23.7933 942.253 2506.39 134.60757142857145 358.05571428571426
10 -23.5913 139.528 228.626 13.9528 22.8626
10 -23.5913 139.528 228.626 13.9528 22.8626
5 -13.3924 170.635 476.961 34.126999999999995 95.3922
