18 -38.6146 139.719 186.83 7.762166666666666 10.379444444444445
14 -30.3325 215.413 337.064 15.386642857142858 24.076
15 -30.2896 104.545 145.727 6.969666666666667 9.715133333333334
14 -30.074 140.652 205.772 10.046571428571427 14.697999999999999
16 -36.6617 195.594 278.043 12.224625 17.3776875
16 -32.4629 106.889 145.947 6.6805625 9.1216875
15 -34.8242 209.707 307.215 13.980466666666667 20.480999999999998
13 -43.9419 2399.64 4590.14 184.5876923076923 353.08769230769235
12 -26.3793 157.861 250.102 13.155083333333332 20.841833333333334
12 -26.3793 157.861 250.102 13.155083333333332 20.841833333333334
12 -26.3793 157.861 250.102 13.155083333333332 20.841833333333334
16 -32.4629 106.889 145.947 6.6805625 9.1216875
16 -32.4629 106.889 145.947 6.6805625 9.1216875
15 -26.6265 59.5803 79.7804 3.97202 5.318693333333333
12 -26.1724 151.718 239.504 12.643166666666666 19.958666666666666
11 -30.0159 535.445 1003.66 48.676818181818184 91.24181818181818
19 -40.1072 129.094 169.113 6.794421052631579 8.900684210526316
17 -49.0334 766.16 1160.35 45.06823529411764 68.25588235294117
