29 -66.8244 168.842 201.507 5.822137931034483 6.94851724137931
31 -65.6146 130.798 153.87 4.219290322580645 4.9635483870967745
26 -63.9024 232.679 286.937 8.949192307692307 11.036038461538462
27 -57.9644 140.227 169.59 5.1935925925925925 6.2811111111111115
36 -87.6283 233.525 271.719 6.486805555555556 7.54775
30 -72.259 214.257 256.232 7.141900000000001 8.541066666666667
31 -71.2128 168.035 198.238 5.420483870967741 6.394774193548387
30 -91.2277 876.658 1098.82 29.221933333333332 36.62733333333333
35 -83.4766 242.686 285.228 6.933885714285714 8.14937142857143
36 -87.6283 233.525 271.719 6.486805555555556 7.54775
36 -89.3626 260.139 303.594 7.226083333333333 8.433166666666667
30 -72.259 214.257 256.232 7.141900000000001 8.541066666666667
30 -72.259 214.257 256.232 7.141900000000001 8.541066666666667
25 -56.9141 189.044 235.19 7.5617600000000005 9.4076
29 -67.2669 174.675 208.712 6.0232758620689655 7.196965517241379
32 -69.6911 150.608 177.052 4.7065 5.532875
31 -71.2128 168.035 198.238 5.420483870967741 6.394774193548387
30 -91.2277 876.658 1098.82 29.221933333333332 36.62733333333333
