urd-wl-86-174276-11370252-post1__9
on whose instructions has india assumed such threatening conduct backing kept adopting an intimidating attitude motivation adopted posture behalf is taking this signals chosen to be in what basis warning others orders stance how does the of towards their have a warned indias
On whose instructions has India assumed such threatening conduct?
on whose instructions has india assumed such threatening conduct
1 1 1 1 1 1 1 1 1 0 0 0 0 0 0 0 0 0 0 0 0 0 0 0 0 0 0 0 0 0 0 0 0 0 0 0 0 0 0 0 0 0 0
0.207609852762 0.579686900915 0.82575538092 0.2275586573 0.337627740435 0.936703028711 0.441960274768 0.767833500517 0.790904541048 0.0 0.0 0.0 0.0 0.0 0.0 0.0 0.0 0.0 0.0 0.0 0.0 0.0 0.0 0.0 0.0 0.0 0.0 0.0 0.0 0.0 0.0 0.0 0.0 0.0 0.0 0.0 0.0 0.0 0.0 0.0 0.0 0.0 0.0
On whose backing has India kept on adopting an intimidating attitude?
on whose backing has india kept on adopting an intimidating attitude
2 1 0 1 1 0 0 0 0 1 1 1 1 1 1 0 0 0 0 0 0 0 0 0 0 0 0 0 0 0 0 0 0 0 0 0 0 0 0 0 0 0 0
0.339725213611 0.474289282567 0.0 0.186184355973 0.276240878537 0.0 0.0 0.0 0.0 0.65066923478 0.515977912878 0.69710792785 0.266704062241 0.943294309768 0.599277070321 0.0 0.0 0.0 0.0 0.0 0.0 0.0 0.0 0.0 0.0 0.0 0.0 0.0 0.0 0.0 0.0 0.0 0.0 0.0 0.0 0.0 0.0 0.0 0.0 0.0 0.0 0.0 0.0
On whose motivation, has India adopted threatening posture?
on whose motivation has india adopted threatening posture
1 1 0 1 1 0 0 1 0 0 0 0 0 0 0 1 1 1 0 0 0 0 0 0 0 0 0 0 0 0 0 0 0 0 0 0 0 0 0 0 0 0 0
0.233561084358 0.652147763529 0.0 0.256003489463 0.379831207989 0.0 0.0 0.863812688081 0.0 0.0 0.0 0.0 0.0 0.0 0.0 1.07305974228 0.942878007924 1.21038627836 0.0 0.0 0.0 0.0 0.0 0.0 0.0 0.0 0.0 0.0 0.0 0.0 0.0 0.0 0.0 0.0 0.0 0.0 0.0 0.0 0.0 0.0 0.0 0.0 0.0
On whose behalf is India taking this threatening posture?
on whose behalf is india taking this threatening posture
1 1 0 0 1 0 0 1 0 0 0 0 0 0 0 0 0 1 1 1 1 1 0 0 0 0 0 0 0 0 0 0 0 0 0 0 0 0 0 0 0 0 0
0.207609852762 0.579686900915 0.0 0.0 0.337627740435 0.0 0.0 0.767833500517 0.0 0.0 0.0 0.0 0.0 0.0 0.0 0.0 0.0 1.0758989141 0.697988093914 0.14737977359 0.526827533809 0.192470596574 0.0 0.0 0.0 0.0 0.0 0.0 0.0 0.0 0.0 0.0 0.0 0.0 0.0 0.0 0.0 0.0 0.0 0.0 0.0 0.0 0.0
a28z6a8uc4er3x
On whose signals is India has chosen to be in threatening attitude?
on whose signals is india has chosen to be in threatening attitude
1 1 0 1 1 0 0 1 0 0 0 0 0 0 1 0 0 0 0 1 0 0 1 1 1 1 1 0 0 0 0 0 0 0 0 0 0 0 0 0 0 0 0
0.155707389572 0.434765175686 0.0 0.170668992975 0.253220805326 0.0 0.0 0.575875125388 0.0 0.0 0.0 0.0 0.0 0.0 0.549337314461 0.0 0.0 0.0 0.0 0.110534830192 0.0 0.0 0.773135426565 0.581253335482 0.0893672243655 0.180283151898 0.0850703969812 0.0 0.0 0.0 0.0 0.0 0.0 0.0 0.0 0.0 0.0 0.0 0.0 0.0 0.0 0.0 0.0
ayowrg5s0py3f
On what basis India has warning others?
on what basis india has warning others
1 0 0 1 1 0 0 0 0 0 0 0 0 0 0 0 0 0 0 0 0 0 0 0 0 0 0 1 1 1 1 0 0 0 0 0 0 0 0 0 0 0 0
0.266926953552 0.0 0.0 0.292575416529 0.43409280913 0.0 0.0 0.0 0.0 0.0 0.0 0.0 0.0 0.0 0.0 0.0 0.0 0.0 0.0 0.0 0.0 0.0 0.0 0.0 0.0 0.0 0.0 0.440557175897 0.806978512677 1.02248022608 0.816114044763 0.0 0.0 0.0 0.0 0.0 0.0 0.0 0.0 0.0 0.0 0.0 0.0
a3dd3acpmvdvca
On whose orders is India taking this warning stance?
on whose orders is india taking this warning stance
1 1 0 0 1 0 0 0 0 0 0 0 0 0 0 0 0 0 0 1 1 1 0 0 0 0 0 0 0 1 0 1 1 0 0 0 0 0 0 0 0 0 0
0.207609852762 0.579686900915 0.0 0.0 0.337627740435 0.0 0.0 0.0 0.0 0.0 0.0 0.0 0.0 0.0 0.0 0.0 0.0 0.0 0.0 0.14737977359 0.526827533809 0.192470596574 0.0 0.0 0.0 0.0 0.0 0.0 0.0 0.795262398065 0.0 0.716045752747 0.699855551505 0.0 0.0 0.0 0.0 0.0 0.0 0.0 0.0 0.0 0.0
a3kwcqj39dxkt4
How does the attitude of India towards threatening?
how does the attitude of india towards threatening
0 0 0 0 1 0 0 1 0 0 0 0 0 0 1 0 0 0 0 0 0 0 0 0 0 0 0 0 0 0 0 0 0 1 1 1 1 1 0 0 0 0 0
0.0 0.0 0.0 0.0 0.379831207989 0.0 0.0 0.863812688081 0.0 0.0 0.0 0.0 0.0 0.0 0.824005971691 0.0 0.0 0.0 0.0 0.0 0.0 0.0 0.0 0.0 0.0 0.0 0.0 0.0 0.0 0.0 0.0 0.0 0.0 0.492310719714 0.527672414179 0.0539269989276 0.105839536995 0.636629209839 0.0 0.0 0.0 0.0 0.0
a230hf2okthmdz
On whose signals is India chosen to be in threatening attitude?
on whose signals is india chosen to be in threatening attitude
1 1 0 0 1 0 0 1 0 0 0 0 0 0 1 0 0 0 0 1 0 0 1 1 1 1 1 0 0 0 0 0 0 0 0 0 0 0 0 0 0 0 0
0.169862606806 0.474289282567 0.0 0.0 0.276240878537 0.0 0.0 0.628227409514 0.0 0.0 0.0 0.0 0.0 0.0 0.599277070321 0.0 0.0 0.0 0.0 0.120583451119 0.0 0.0 0.843420465344 0.634094547799 0.0974915174897 0.196672529343 0.0928040694341 0.0 0.0 0.0 0.0 0.0 0.0 0.0 0.0 0.0 0.0 0.0 0.0 0.0 0.0 0.0 0.0
a143awku99stc9
On whose orders is has India chosen to their threatening attitude?
on whose orders is has india chosen to their threatening attitude
1 1 0 1 1 0 0 1 0 0 0 0 0 0 1 0 0 0 0 1 0 0 0 1 1 0 0 0 0 0 0 1 0 0 0 0 0 0 1 0 0 0 0
0.169862606806 0.474289282567 0.0 0.186184355973 0.276240878537 0.0 0.0 0.628227409514 0.0 0.0 0.0 0.0 0.0 0.0 0.599277070321 0.0 0.0 0.0 0.0 0.120583451119 0.0 0.0 0.0 0.634094547799 0.0974915174897 0.0 0.0 0.0 0.0 0.0 0.0 0.585855615884 0.0 0.0 0.0 0.0 0.0 0.0 0.271909680398 0.0 0.0 0.0 0.0
a26u4l29j7f862
On whose signals has India chosen to have a threatening attitude?
on whose signals has india chosen to have a threatening attitude
1 1 0 1 1 0 0 1 0 0 0 0 0 0 1 0 0 0 0 0 0 0 1 1 1 0 0 0 0 0 0 0 0 0 0 0 0 0 0 1 1 0 0
0.169862606806 0.474289282567 0.0 0.186184355973 0.276240878537 0.0 0.0 0.628227409514 0.0 0.0 0.0 0.0 0.0 0.0 0.599277070321 0.0 0.0 0.0 0.0 0.0 0.0 0.0 0.843420465344 0.634094547799 0.0974915174897 0.0 0.0 0.0 0.0 0.0 0.0 0.0 0.0 0.0 0.0 0.0 0.0 0.0 0.0 0.208026350255 0.129963836231 0.0 0.0
a1ezv3q6pgmqty
On what basis has India warned others?
on what basis has india warned others
1 0 0 1 1 0 0 0 0 0 0 0 0 0 0 0 0 0 0 0 0 0 0 0 0 0 0 1 1 0 1 0 0 0 0 0 0 0 0 0 0 1 0
0.266926953552 0.0 0.0 0.292575416529 0.43409280913 0.0 0.0 0.0 0.0 0.0 0.0 0.0 0.0 0.0 0.0 0.0 0.0 0.0 0.0 0.0 0.0 0.0 0.0 0.0 0.0 0.0 0.0 0.440557175897 0.806978512677 0.0 0.816114044763 0.0 0.0 0.0 0.0 0.0 0.0 0.0 0.0 0.0 0.0 0.892729003201 0.0
a1dndzlo2d5d48
On what basis is India warning others?
on what basis is india warning others
1 0 0 0 1 0 0 0 0 0 0 0 0 0 0 0 0 0 0 1 0 0 0 0 0 0 0 1 1 1 1 0 0 0 0 0 0 0 0 0 0 0 0
0.266926953552 0.0 0.0 0.0 0.43409280913 0.0 0.0 0.0 0.0 0.0 0.0 0.0 0.0 0.0 0.0 0.0 0.0 0.0 0.0 0.18948828033 0.0 0.0 0.0 0.0 0.0 0.0 0.0 0.440557175897 0.806978512677 1.02248022608 0.816114044763 0.0 0.0 0.0 0.0 0.0 0.0 0.0 0.0 0.0 0.0 0.0 0.0
attzel5iaoiw5
On what basis is India warning others?
on what basis is india warning others
1 0 0 0 1 0 0 0 0 0 0 0 0 0 0 0 0 0 0 1 0 0 0 0 0 0 0 1 1 1 1 0 0 0 0 0 0 0 0 0 0 0 0
0.266926953552 0.0 0.0 0.0 0.43409280913 0.0 0.0 0.0 0.0 0.0 0.0 0.0 0.0 0.0 0.0 0.0 0.0 0.0 0.0 0.18948828033 0.0 0.0 0.0 0.0 0.0 0.0 0.0 0.440557175897 0.806978512677 1.02248022608 0.816114044763 0.0 0.0 0.0 0.0 0.0 0.0 0.0 0.0 0.0 0.0 0.0 0.0
ajfwu2g6a1bhs
On whose orders is India taking this warning stance?
on whose orders is india taking this warning stance
1 1 0 0 1 0 0 0 0 0 0 0 0 0 0 0 0 0 0 1 1 1 0 0 0 0 0 0 0 1 0 1 1 0 0 0 0 0 0 0 0 0 0
0.207609852762 0.579686900915 0.0 0.0 0.337627740435 0.0 0.0 0.0 0.0 0.0 0.0 0.0 0.0 0.0 0.0 0.0 0.0 0.0 0.0 0.14737977359 0.526827533809 0.192470596574 0.0 0.0 0.0 0.0 0.0 0.0 0.0 0.795262398065 0.0 0.716045752747 0.699855551505 0.0 0.0 0.0 0.0 0.0 0.0 0.0 0.0 0.0 0.0
a279zamy03pduy
On whose orders is India taking this warning stance?
on whose orders is india taking this warning stance
1 1 0 0 1 0 0 0 0 0 0 0 0 0 0 0 0 0 0 1 1 1 0 0 0 0 0 0 0 1 0 1 1 0 0 0 0 0 0 0 0 0 0
0.207609852762 0.579686900915 0.0 0.0 0.337627740435 0.0 0.0 0.0 0.0 0.0 0.0 0.0 0.0 0.0 0.0 0.0 0.0 0.0 0.0 0.14737977359 0.526827533809 0.192470596574 0.0 0.0 0.0 0.0 0.0 0.0 0.0 0.795262398065 0.0 0.716045752747 0.699855551505 0.0 0.0 0.0 0.0 0.0 0.0 0.0 0.0 0.0 0.0
a1ly3njtyw9tff
On whose orders is India taking this warning stance?
on whose orders is india taking this warning stance
1 1 0 0 1 0 0 0 0 0 0 0 0 0 0 0 0 0 0 1 1 1 0 0 0 0 0 0 0 1 0 1 1 0 0 0 0 0 0 0 0 0 0
0.207609852762 0.579686900915 0.0 0.0 0.337627740435 0.0 0.0 0.0 0.0 0.0 0.0 0.0 0.0 0.0 0.0 0.0 0.0 0.0 0.0 0.14737977359 0.526827533809 0.192470596574 0.0 0.0 0.0 0.0 0.0 0.0 0.0 0.795262398065 0.0 0.716045752747 0.699855551505 0.0 0.0 0.0 0.0 0.0 0.0 0.0 0.0 0.0 0.0
a1aklmhymfgmc2
What is India's attitude towards threatening?
what is indias attitude towards threatening
0 0 0 0 0 0 0 1 0 0 0 0 0 0 1 0 0 0 0 1 0 0 0 0 0 0 0 1 0 0 0 0 0 0 0 0 0 1 0 0 0 0 1
0.0 0.0 0.0 0.0 0.0 0.0 0.0 1.15175025078 0.0 0.0 0.0 0.0 0.0 0.0 1.09867462892 0.0 0.0 0.0 0.0 0.221069660385 0.0 0.0 0.0 0.0 0.0 0.0 0.0 0.513983371879 0.0 0.0 0.0 0.0 0.0 0.0 0.0 0.0 0.0 0.848838946452 0.0 0.0 0.0 0.0 0.972157104197
