urd-wl-72-174253-11359789-post1__10
in a democracy only majority rules the country and this photograph shows who is accordance with has government that picture telling according to tells speaks lot about it also offers employee assistance programs for corporates are rulers of photo speaking itself ruler nation they showing reveals actual yet makes shown democratic principles can be seen corporations members
In a democracy, only a majority rules the country, and this photograph shows who the majority is.
in a democracy only a majority rules the country and this photograph shows who the majority is
1 2 1 1 2 1 2 1 1 1 1 1 1 1 0 0 0 0 0 0 0 0 0 0 0 0 0 0 0 0 0 0 0 0 0 0 0 0 0 0 0 0 0 0 0 0 0 0 0 0 0 0 0 0 0 0 0
0.0600496919867 0.168188493946 0.298996034278 0.197099946636 0.639364115864 0.397959970283 0.0507548225201 0.229640653703 0.0588609921534 0.101896198186 0.451069835668 0.35114812707 0.174109348721 0.0780245860182 0.0 0.0 0.0 0.0 0.0 0.0 0.0 0.0 0.0 0.0 0.0 0.0 0.0 0.0 0.0 0.0 0.0 0.0 0.0 0.0 0.0 0.0 0.0 0.0 0.0 0.0 0.0 0.0 0.0 0.0 0.0 0.0 0.0 0.0 0.0 0.0 0.0 0.0 0.0 0.0 0.0 0.0 0.0
In accordance with democracy, only the majority has a government in the country, and who is that this picture is telling.
in accordance with democracy only the majority has a government in the country and who is that this picture is telling
2 1 1 1 1 0 2 1 1 1 0 0 1 2 1 1 1 1 1 1 1 0 0 0 0 0 0 0 0 0 0 0 0 0 0 0 0 0 0 0 0 0 0 0 0 0 0 0 0 0 0 0 0 0 0 0 0
0.0972233108357 0.0680762951688 0.242044408701 0.159557099658 0.258790237373 0.0 0.0410872372782 0.185899576807 0.0476493746004 0.0824873985319 0.0 0.0 0.14094566325 0.12632552022 0.330583342998 0.112377119474 0.0975251388429 0.143625401641 0.0580417123936 0.279303709568 0.329071500221 0.0 0.0 0.0 0.0 0.0 0.0 0.0 0.0 0.0 0.0 0.0 0.0 0.0 0.0 0.0 0.0 0.0 0.0 0.0 0.0 0.0 0.0 0.0 0.0 0.0 0.0 0.0 0.0 0.0 0.0 0.0 0.0 0.0 0.0 0.0 0.0
According to the democracy, only majority rules the country and the photograph tells who is in majority.
according to the democracy only majority rules the country and the photograph tells who is in majority
1 0 1 1 2 1 3 1 1 0 1 0 1 1 0 0 0 0 0 0 0 1 1 1 0 0 0 0 0 0 0 0 0 0 0 0 0 0 0 0 0 0 0 0 0 0 0 0 0 0 0 0 0 0 0 0 0
0.0600496919867 0.0 0.298996034278 0.197099946636 0.639364115864 0.397959970283 0.0761322337801 0.229640653703 0.0588609921534 0.0 0.451069835668 0.0 0.174109348721 0.0780245860182 0.0 0.0 0.0 0.0 0.0 0.0 0.0 0.191946782279 0.063082746611 0.434147360817 0.0 0.0 0.0 0.0 0.0 0.0 0.0 0.0 0.0 0.0 0.0 0.0 0.0 0.0 0.0 0.0 0.0 0.0 0.0 0.0 0.0 0.0 0.0 0.0 0.0 0.0 0.0 0.0 0.0 0.0 0.0 0.0 0.0
In a democracy, majority rules the country. And who is a majority? The picture speaks a lot about it.
in a democracy majority rules the country and who is a majority the picture speaks a lot about it
1 3 1 0 2 1 2 1 1 0 0 0 1 1 0 0 0 0 0 1 0 0 0 0 1 1 1 1 0 0 0 0 0 0 0 0 0 0 0 0 0 0 0 0 0 0 0 0 0 0 0 0 0 0 0 0 0
0.0537286717776 0.225726662928 0.267522767512 0.0 0.572062629983 0.356069447095 0.0454122096232 0.205467953313 0.0526650982425 0.0 0.0 0.0 0.155782048856 0.0698114717005 0.0 0.0 0.0 0.0 0.0 0.308704100049 0.0 0.0 0.0 0.0 0.407220004097 0.297307873091 0.165982704665 0.107309939103 0.0 0.0 0.0 0.0 0.0 0.0 0.0 0.0 0.0 0.0 0.0 0.0 0.0 0.0 0.0 0.0 0.0 0.0 0.0 0.0 0.0 0.0 0.0 0.0 0.0 0.0 0.0 0.0 0.0
a172x4w90uost1
It also offers employee assistance programs for corporates.
it also offers employee assistance programs for corporates
0 0 0 0 0 0 0 0 0 0 0 0 0 0 0 0 0 0 0 0 0 0 0 0 0 0 0 1 1 1 1 1 1 1 1 0 0 0 0 0 0 0 0 0 0 0 0 0 0 0 0 0 0 0 0 0 0
0.0 0.0 0.0 0.0 0.0 0.0 0.0 0.0 0.0 0.0 0.0 0.0 0.0 0.0 0.0 0.0 0.0 0.0 0.0 0.0 0.0 0.0 0.0 0.0 0.0 0.0 0.0 0.254861105369 0.349889434572 0.986416344708 0.894670197823 0.863812688081 0.986416344708 0.241236994626 1.21038627836 0.0 0.0 0.0 0.0 0.0 0.0 0.0 0.0 0.0 0.0 0.0 0.0 0.0 0.0 0.0 0.0 0.0 0.0 0.0 0.0 0.0 0.0
a3dd3acpmvdvca
According to democracy, the majority are the rulers of the country, and the photo is speaking for itself who that is?
according to democracy the majority are the rulers of the country and the photo is speaking for itself who that is
0 0 1 0 1 0 4 1 1 0 0 0 1 2 0 0 0 0 1 0 0 1 1 0 0 0 0 0 0 0 0 0 0 1 0 1 1 1 1 1 1 0 0 0 0 0 0 0 0 0 0 0 0 0 0 0 0
0.0 0.0 0.242044408701 0.0 0.258790237373 0.0 0.0821744745563 0.185899576807 0.0476493746004 0.0 0.0 0.0 0.14094566325 0.12632552022 0.0 0.0 0.0 0.0 0.0580417123936 0.0 0.0 0.155385490416 0.0510669853517 0.0 0.0 0.0 0.0 0.0 0.0 0.0 0.0 0.0 0.0 0.0918998074765 0.0 0.100749740518 0.267336355841 0.0403198236173 0.283685561888 0.258114778564 0.259131594015 0.0 0.0 0.0 0.0 0.0 0.0 0.0 0.0 0.0 0.0 0.0 0.0 0.0 0.0 0.0 0.0
alzgu09bjzsiw
According to Democracy, Majority is the ruler of Nation and who are they picture is showing
according to democracy majority is the ruler of nation and who are they picture is showing
0 0 1 0 1 0 1 0 1 0 0 0 1 2 0 0 0 0 0 1 0 1 1 0 0 0 0 0 0 0 0 0 0 0 0 1 0 1 0 0 0 1 1 1 1 0 0 0 0 0 0 0 0 0 0 0 0
0.0 0.0 0.31768328642 0.0 0.339662186553 0.0 0.0269634994638 0.0 0.062539804163 0.0 0.0 0.0 0.184991183016 0.165802245289 0.0 0.0 0.0 0.0 0.0 0.366586118808 0.0 0.203943456171 0.0670254182741 0.0 0.0 0.0 0.0 0.0 0.0 0.0 0.0 0.0 0.0 0.0 0.0 0.13223403443 0.0 0.0529197684977 0.0 0.0 0.0 0.389568917566 0.296340487768 0.162089384038 0.406564774784 0.0 0.0 0.0 0.0 0.0 0.0 0.0 0.0 0.0 0.0 0.0 0.0
a132zmwemnnusa
In democracy, majority rules the country and the picture reveals the actual rulers.
in democracy majority rules the country and the picture reveals the actual rulers
1 0 1 0 1 1 3 1 1 0 0 0 0 0 0 0 0 0 0 1 0 0 0 0 0 0 0 0 0 0 0 0 0 0 0 0 1 0 0 0 0 0 0 0 0 1 1 0 0 0 0 0 0 0 0 0 0
0.0785265202904 0.0 0.390994814056 0.0 0.418045768065 0.520409191908 0.0995575364817 0.300299316381 0.0769720666622 0.0 0.0 0.0 0.0 0.0 0.0 0.0 0.0 0.0 0.0 0.451182915456 0.0 0.0 0.0 0.0 0.0 0.0 0.0 0.0 0.0 0.0 0.0 0.0 0.0 0.0 0.0 0.0 0.431851036358 0.0 0.0 0.0 0.0 0.0 0.0 0.0 0.0 0.713663470676 0.474734214466 0.0 0.0 0.0 0.0 0.0 0.0 0.0 0.0 0.0 0.0
au2ar4vob7vlv
According to democracy, the majority are the rulers of the country, and the photo is speaking for itself who that is.
according to democracy the majority are the rulers of the country and the photo is speaking for itself who that is
0 0 1 0 1 0 4 1 1 0 0 0 1 2 0 0 0 0 1 0 0 1 1 0 0 0 0 0 0 0 0 0 0 1 0 1 1 1 1 1 1 0 0 0 0 0 0 0 0 0 0 0 0 0 0 0 0
0.0 0.0 0.242044408701 0.0 0.258790237373 0.0 0.0821744745563 0.185899576807 0.0476493746004 0.0 0.0 0.0 0.14094566325 0.12632552022 0.0 0.0 0.0 0.0 0.0580417123936 0.0 0.0 0.155385490416 0.0510669853517 0.0 0.0 0.0 0.0 0.0 0.0 0.0 0.0 0.0 0.0 0.0918998074765 0.0 0.100749740518 0.267336355841 0.0403198236173 0.283685561888 0.258114778564 0.259131594015 0.0 0.0 0.0 0.0 0.0 0.0 0.0 0.0 0.0 0.0 0.0 0.0 0.0 0.0 0.0 0.0
a2eldzaxlm8quo
The majority rules the country according to democracy, yet who is in this majority according to the photo?
the majority rules the country according to democracy yet who is in this majority according to the photo
1 0 1 0 2 1 3 1 0 1 0 0 1 1 0 0 0 0 0 0 0 2 2 0 0 0 0 0 0 0 0 0 0 0 0 0 0 0 1 0 0 0 0 0 0 0 0 1 0 0 0 0 0 0 0 0 0
0.0567135979875 0.0 0.282385143485 0.0 0.603843887205 0.375851083045 0.0719026652368 0.216882839608 0.0 0.0962352982872 0.0 0.0 0.164436607125 0.0736898867949 0.0 0.0 0.0 0.0 0.0 0.0 0.0 0.362566144305 0.119156299154 0.0 0.0 0.0 0.0 0.0 0.0 0.0 0.0 0.0 0.0 0.0 0.0 0.0 0.0 0.0 0.33096648887 0.0 0.0 0.0 0.0 0.0 0.0 0.0 0.0 0.296988860337 0.0 0.0 0.0 0.0 0.0 0.0 0.0 0.0 0.0
a1c0lbe9vl3ax
According to democracy, the majority are the rulers of the country, and the is the photo speaking for itself who that is?
according to democracy the majority are the rulers of the country and the is the photo speaking for itself who that is
0 0 1 0 1 0 5 1 1 0 0 0 1 2 0 0 0 0 1 0 0 1 1 0 0 0 0 0 0 0 0 0 0 1 0 1 1 1 1 1 1 0 0 0 0 0 0 0 0 0 0 0 0 0 0 0 0
0.0 0.0 0.231042390124 0.0 0.247027044765 0.0 0.0980490889593 0.177449596043 0.0454834939367 0.0 0.0 0.0 0.134539042193 0.120583451119 0.0 0.0 0.0 0.0 0.0554034527393 0.0 0.0 0.148322513579 0.0487457587448 0.0 0.0 0.0 0.0 0.0 0.0 0.0 0.0 0.0 0.0 0.0877225435003 0.0 0.096170206858 0.255184703302 0.0384871043619 0.270790763621 0.246382288629 0.247352885196 0.0 0.0 0.0 0.0 0.0 0.0 0.0 0.0 0.0 0.0 0.0 0.0 0.0 0.0 0.0 0.0
a39fzdwoczv0rm
In Democracy Majority rules the Nation and who are they picture is showing
in democracy majority rules the nation and who are they picture is showing
1 0 1 0 1 1 1 0 1 0 0 0 1 1 0 0 0 0 0 1 0 0 0 0 0 0 0 0 0 0 0 0 0 0 0 1 0 0 0 0 0 0 1 1 1 0 0 0 0 0 0 0 0 0 0 0 0
0.0785265202904 0.0 0.390994814056 0.0 0.418045768065 0.520409191908 0.0331858454939 0.0 0.0769720666622 0.0 0.0 0.0 0.22768145602 0.102032150947 0.0 0.0 0.0 0.0 0.0 0.451182915456 0.0 0.0 0.0 0.0 0.0 0.0 0.0 0.0 0.0 0.0 0.0 0.0 0.0 0.0 0.0 0.162749580837 0.0 0.0 0.0 0.0 0.0 0.0 0.364726754175 0.199494626508 0.500387415119 0.0 0.0 0.0 0.0 0.0 0.0 0.0 0.0 0.0 0.0 0.0 0.0
a28bkewmh007rw
According to Democracy, the majority makes the rules for the nation and that is who is shown in the picture.
according to democracy the majority makes the rules for the nation and that is who is shown in the picture
1 0 1 0 1 1 4 0 1 0 0 0 1 2 0 0 0 0 1 1 0 1 1 0 0 0 0 0 0 0 0 0 0 1 0 0 0 0 0 0 0 0 1 0 0 0 0 0 1 1 0 0 0 0 0 0 0
0.0510422381887 0.0 0.254146629136 0.0 0.271729749242 0.33826597474 0.0862831982842 0.0 0.0500318433304 0.0 0.0 0.0 0.147992946413 0.132641796231 0.0 0.0 0.0 0.0 0.0609437980132 0.293268895047 0.0 0.163154764937 0.0536203346193 0.0 0.0 0.0 0.0 0.0 0.0 0.0 0.0 0.0 0.0 0.0964947978503 0.0 0.0 0.0 0.0 0.0 0.0 0.0 0.0 0.237072390214 0.0 0.0 0.0 0.0 0.0 0.331928389458 0.290594460799 0.0 0.0 0.0 0.0 0.0 0.0 0.0
a9x4g4wpj27d6
According to democratic principles, majority rules and who that majority is can be seen in this picture.
according to democratic principles majority rules and who that majority is can be seen in this picture
1 0 0 0 2 1 0 0 1 1 0 0 1 1 0 0 0 0 1 1 0 1 1 0 0 0 0 0 0 0 0 0 0 0 0 0 0 0 0 0 0 0 0 0 0 0 0 0 0 0 1 1 1 1 1 0 0
0.0600496919867 0.0 0.0 0.0 0.639364115864 0.397959970283 0.0 0.0 0.0588609921534 0.101896198186 0.0 0.0 0.174109348721 0.0780245860182 0.0 0.0 0.0 0.0 0.0716985858979 0.345022229467 0.0 0.191946782279 0.063082746611 0.0 0.0 0.0 0.0 0.0 0.0 0.0 0.0 0.0 0.0 0.0 0.0 0.0 0.0 0.0 0.0 0.0 0.0 0.0 0.0 0.0 0.0 0.0 0.0 0.0 0.0 0.0 0.326348451185 0.455128239873 0.187474686414 0.127258695457 0.340065738666 0.0 0.0
a3w129h6a0hk4d
It also offers employee assistance programs for corporates.
it also offers employee assistance programs for corporates
0 0 0 0 0 0 0 0 0 0 0 0 0 0 0 0 0 0 0 0 0 0 0 0 0 0 0 1 1 1 1 1 1 1 1 0 0 0 0 0 0 0 0 0 0 0 0 0 0 0 0 0 0 0 0 0 0
0.0 0.0 0.0 0.0 0.0 0.0 0.0 0.0 0.0 0.0 0.0 0.0 0.0 0.0 0.0 0.0 0.0 0.0 0.0 0.0 0.0 0.0 0.0 0.0 0.0 0.0 0.0 0.254861105369 0.349889434572 0.986416344708 0.894670197823 0.863812688081 0.986416344708 0.241236994626 1.21038627836 0.0 0.0 0.0 0.0 0.0 0.0 0.0 0.0 0.0 0.0 0.0 0.0 0.0 0.0 0.0 0.0 0.0 0.0 0.0 0.0 0.0 0.0
a6tw9zegog7ph
It also offers employee assistance programs for corporations.
it also offers employee assistance programs for corporations
0 0 0 0 0 0 0 0 0 0 0 0 0 0 0 0 0 0 0 0 0 0 0 0 0 0 0 1 1 1 1 1 1 1 0 0 0 0 0 0 0 0 0 0 0 0 0 0 0 0 0 0 0 0 0 1 0
0.0 0.0 0.0 0.0 0.0 0.0 0.0 0.0 0.0 0.0 0.0 0.0 0.0 0.0 0.0 0.0 0.0 0.0 0.0 0.0 0.0 0.0 0.0 0.0 0.0 0.0 0.0 0.254861105369 0.349889434572 0.986416344708 0.894670197823 0.863812688081 0.986416344708 0.241236994626 0.0 0.0 0.0 0.0 0.0 0.0 0.0 0.0 0.0 0.0 0.0 0.0 0.0 0.0 0.0 0.0 0.0 0.0 0.0 0.0 0.0 1.21038627836 0.0
a3odrygim0wb3t
It also offers employee assistance programs for members.
it also offers employee assistance programs for members
0 0 0 0 0 0 0 0 0 0 0 0 0 0 0 0 0 0 0 0 0 0 0 0 0 0 0 1 1 1 1 1 1 1 0 0 0 0 0 0 0 0 0 0 0 0 0 0 0 0 0 0 0 0 0 0 1
0.0 0.0 0.0 0.0 0.0 0.0 0.0 0.0 0.0 0.0 0.0 0.0 0.0 0.0 0.0 0.0 0.0 0.0 0.0 0.0 0.0 0.0 0.0 0.0 0.0 0.0 0.0 0.254861105369 0.349889434572 0.986416344708 0.894670197823 0.863812688081 0.986416344708 0.241236994626 0.0 0.0 0.0 0.0 0.0 0.0 0.0 0.0 0.0 0.0 0.0 0.0 0.0 0.0 0.0 0.0 0.0 0.0 0.0 0.0 0.0 0.0 0.602426168219
a290hg650rgy73
In a democracy the majority rules, and the picture reveals the actual rulers.
in a democracy the majority rules and the picture reveals the actual rulers
1 1 1 0 1 1 3 0 1 0 0 0 0 0 0 0 0 0 0 1 0 0 0 0 0 0 0 0 0 0 0 0 0 0 0 0 1 0 0 0 0 0 0 0 0 1 1 0 0 0 0 0 0 0 0 0 0
0.0785265202904 0.109969399888 0.390994814056 0.0 0.418045768065 0.520409191908 0.0995575364817 0.0 0.0769720666622 0.0 0.0 0.0 0.0 0.0 0.0 0.0 0.0 0.0 0.0 0.451182915456 0.0 0.0 0.0 0.0 0.0 0.0 0.0 0.0 0.0 0.0 0.0 0.0 0.0 0.0 0.0 0.0 0.431851036358 0.0 0.0 0.0 0.0 0.0 0.0 0.0 0.0 0.713663470676 0.474734214466 0.0 0.0 0.0 0.0 0.0 0.0 0.0 0.0 0.0 0.0
