urd-wl-86-174276-11370245-post2__4
they want to create some kind of revolution here the situation a an environment for over revolutionlike fuel bring about sort that could begin wish type
They want to create some kind of revolution here.
they want to create some kind of revolution here
1 1 1 1 1 1 1 1 1 0 0 0 0 0 0 0 0 0 0 0 0 0 0 0 0 0
0.288158904957 0.514448246323 0.119156299154 0.68408107803 0.438501992157 0.608710845278 0.0940795884403 0.778771286385 0.49086807938 0.0 0.0 0.0 0.0 0.0 0.0 0.0 0.0 0.0 0.0 0.0 0.0 0.0 0.0 0.0 0.0 0.0
They want to create the situation of a revolution here.
they want to create the situation of a revolution here
1 1 1 1 0 0 1 1 1 1 1 1 0 0 0 0 0 0 0 0 0 0 0 0 0 0
0.259343014461 0.463003421691 0.107240669239 0.615672970227 0.0 0.0 0.0846716295963 0.700894157746 0.441781271442 0.0431415991421 0.406813896594 0.142960219854 0.0 0.0 0.0 0.0 0.0 0.0 0.0 0.0 0.0 0.0 0.0 0.0 0.0 0.0
They want to create an environment for revolution over here
they want to create an environment for revolution over here
1 1 1 1 0 0 0 1 1 0 0 0 1 1 1 1 0 0 0 0 0 0 0 0 0 0
0.259343014461 0.463003421691 0.107240669239 0.615672970227 0.0 0.0 0.0 0.700894157746 0.441781271442 0.0 0.0 0.0 0.293374468466 0.666266534075 0.192989595701 0.376688816428 0.0 0.0 0.0 0.0 0.0 0.0 0.0 0.0 0.0 0.0
They want to create a revolution-like situation here.
they want to create a revolutionlike situation here
1 1 1 1 0 0 0 0 1 0 1 1 0 0 0 0 1 0 0 0 0 0 0 0 0 0
0.324178768076 0.578754277114 0.134050836548 0.769591212784 0.0 0.0 0.0 0.0 0.552226589303 0.0 0.508517370743 0.178700274818 0.0 0.0 0.0 0.0 1.29702967593 0.0 0.0 0.0 0.0 0.0 0.0 0.0 0.0 0.0
a2qlm59qc9g1uf
They want to fuel a situation for a revolution.
they want to fuel a situation for a revolution
1 1 1 0 0 0 0 1 0 0 1 2 0 0 1 0 0 1 0 0 0 0 0 0 0 0
0.288158904957 0.514448246323 0.119156299154 0.0 0.0 0.0 0.0 0.778771286385 0.0 0.0 0.45201544066 0.317689377454 0.0 0.0 0.214432884112 0.0 0.0 0.953830882025 0.0 0.0 0.0 0.0 0.0 0.0 0.0 0.0
a3fq8i38xt2b4z
They want to create an environment of a revolution.
they want to create an environment of a revolution
1 1 1 1 0 0 1 1 0 0 0 1 1 1 0 0 0 0 0 0 0 0 0 0 0 0
0.288158904957 0.514448246323 0.119156299154 0.68408107803 0.0 0.0 0.0940795884403 0.778771286385 0.0 0.0 0.0 0.158844688727 0.325971631628 0.740296148972 0.0 0.0 0.0 0.0 0.0 0.0 0.0 0.0 0.0 0.0 0.0 0.0
a3dd3acpmvdvca
They want to bring about some kind of revolution here.
they want to bring about some kind of revolution here
1 1 1 0 1 1 1 1 1 0 0 0 0 0 0 0 0 0 1 1 0 0 0 0 0 0
0.259343014461 0.463003421691 0.107240669239 0.0 0.394651792941 0.54783976075 0.0846716295963 0.700894157746 0.441781271442 0.0 0.0 0.0 0.0 0.0 0.0 0.0 0.0 0.0 0.516130164984 0.315367138863 0.0 0.0 0.0 0.0 0.0 0.0
a8v7wa74iohz9
want to bring some sort of revolution
want to bring some sort of revolution
0 1 1 0 1 0 1 1 0 0 0 0 0 0 0 0 0 0 1 0 1 0 0 0 0 0
0.0 0.661433459559 0.153200956055 0.0 0.56378827563 0.0 0.120959470852 1.00127736821 0.0 0.0 0.0 0.0 0.0 0.0 0.0 0.0 0.0 0.0 0.73732880712 0.0 1.11589829286 0.0 0.0 0.0 0.0 0.0
a1dndzlo2d5d48
They want to fuel a situation for a revolution.
they want to fuel a situation for a revolution
1 1 1 0 0 0 0 1 0 0 1 2 0 0 1 0 0 1 0 0 0 0 0 0 0 0
0.288158904957 0.514448246323 0.119156299154 0.0 0.0 0.0 0.0 0.778771286385 0.0 0.0 0.45201544066 0.317689377454 0.0 0.0 0.214432884112 0.0 0.0 0.953830882025 0.0 0.0 0.0 0.0 0.0 0.0 0.0 0.0
a6tw9zegog7ph
They want to fuel a situation for a revolution.
they want to fuel a situation for a revolution
1 1 1 0 0 0 0 1 0 0 1 2 0 0 1 0 0 1 0 0 0 0 0 0 0 0
0.288158904957 0.514448246323 0.119156299154 0.0 0.0 0.0 0.0 0.778771286385 0.0 0.0 0.45201544066 0.317689377454 0.0 0.0 0.214432884112 0.0 0.0 0.953830882025 0.0 0.0 0.0 0.0 0.0 0.0 0.0 0.0
a3enrl83pe9r33
They want to fuel a situation that could begin a revolution.
they want to fuel a situation that could begin a revolution
1 1 1 0 0 0 0 1 0 0 1 2 0 0 0 0 0 1 0 0 0 1 1 1 0 0
0.235766376783 0.420912201537 0.0974915174897 0.0 0.0 0.0 0.0 0.637176507042 0.0 0.0 0.369830815085 0.259927672463 0.0 0.0 0.0 0.0 0.0 0.780407085293 0.0 0.0 0.0 0.110806905479 0.392890732835 0.637176507042 0.0 0.0
a3qu3km3iywhif
They want to create an environment of revolution.
they want to create an environment of revolution
1 1 1 1 0 0 1 1 0 0 0 0 1 1 0 0 0 0 0 0 0 0 0 0 0 0
0.324178768076 0.578754277114 0.134050836548 0.769591212784 0.0 0.0 0.105839536995 0.876117697183 0.0 0.0 0.0 0.0 0.366718085582 0.832833167593 0.0 0.0 0.0 0.0 0.0 0.0 0.0 0.0 0.0 0.0 0.0 0.0
a2zx6h9mgq4i8a
They want to create an environment for revolution.
they want to create an environment for revolution
1 1 1 1 0 0 0 1 0 0 0 0 1 1 1 0 0 0 0 0 0 0 0 0 0 0
0.324178768076 0.578754277114 0.134050836548 0.769591212784 0.0 0.0 0.0 0.876117697183 0.0 0.0 0.0 0.0 0.366718085582 0.832833167593 0.241236994626 0.0 0.0 0.0 0.0 0.0 0.0 0.0 0.0 0.0 0.0 0.0
a3l62wt9zlhu7v
They want to create an environment of revolution.
they want to create an environment of revolution
1 1 1 1 0 0 1 1 0 0 0 0 1 1 0 0 0 0 0 0 0 0 0 0 0 0
0.324178768076 0.578754277114 0.134050836548 0.769591212784 0.0 0.0 0.105839536995 0.876117697183 0.0 0.0 0.0 0.0 0.366718085582 0.832833167593 0.0 0.0 0.0 0.0 0.0 0.0 0.0 0.0 0.0 0.0 0.0 0.0
a1nee8mf6oybf8
They want to bring about some kind of revolution here.
they want to bring about some kind of revolution here
1 1 1 0 1 1 1 1 1 0 0 0 0 0 0 0 0 0 1 1 0 0 0 0 0 0
0.259343014461 0.463003421691 0.107240669239 0.0 0.394651792941 0.54783976075 0.0846716295963 0.700894157746 0.441781271442 0.0 0.0 0.0 0.0 0.0 0.0 0.0 0.0 0.0 0.516130164984 0.315367138863 0.0 0.0 0.0 0.0 0.0 0.0
a301gnfg8w711q
They want to bring about some kind of revolution here.
they want to bring about some kind of revolution here
1 1 1 0 1 1 1 1 1 0 0 0 0 0 0 0 0 0 1 1 0 0 0 0 0 0
0.259343014461 0.463003421691 0.107240669239 0.0 0.394651792941 0.54783976075 0.0846716295963 0.700894157746 0.441781271442 0.0 0.0 0.0 0.0 0.0 0.0 0.0 0.0 0.0 0.516130164984 0.315367138863 0.0 0.0 0.0 0.0 0.0 0.0
a19owlempkubdw
They want to bring about some kind of revolution here.
they want to bring about some kind of revolution here
1 1 1 0 1 1 1 1 1 0 0 0 0 0 0 0 0 0 1 1 0 0 0 0 0 0
0.259343014461 0.463003421691 0.107240669239 0.0 0.394651792941 0.54783976075 0.0846716295963 0.700894157746 0.441781271442 0.0 0.0 0.0 0.0 0.0 0.0 0.0 0.0 0.0 0.516130164984 0.315367138863 0.0 0.0 0.0 0.0 0.0 0.0
a1bqbqg2gny8ay
want to bring some sort of revolution wish to begin a type of revolution
want to bring some sort of revolution wish to begin a type of revolution
0 1 2 0 1 0 2 2 0 0 0 1 0 0 0 0 0 0 1 0 1 0 0 1 1 1
0.0 0.330716729779 0.153200956055 0.0 0.281894137815 0.0 0.120959470852 1.00127736821 0.0 0.0 0.0 0.102114442753 0.0 0.0 0.0 0.0 0.0 0.0 0.36866440356 0.0 0.557949146428 0.0 0.0 0.500638684105 0.404764800438 0.396280262153
