urd-ng-102-174502-11516146-post84__4
islam did not come about by force using a gun or sword through the of has flourished because was spread with on point barrel came under pressure doesnt guns from and swords hasnt
Islam did not come about by force using a gun or a sword.
islam did not come about by force using a gun or a sword
1 1 1 1 1 1 1 1 2 1 1 1 0 0 0 0 0 0 0 0 0 0 0 0 0 0 0 0 0 0 0 0 0
0.353262478855 0.311133504427 0.164805284479 0.336334641565 0.242590106818 0.191782158165 0.376264651843 0.40356451481 0.219938799776 0.497247261694 0.247158847431 0.541848684406 0.0 0.0 0.0 0.0 0.0 0.0 0.0 0.0 0.0 0.0 0.0 0.0 0.0 0.0 0.0 0.0 0.0 0.0 0.0 0.0 0.0
Islam did not come through the force of gun or sword.
islam did not come through the force of gun or sword
1 1 1 1 0 0 1 0 0 1 1 1 1 1 1 0 0 0 0 0 0 0 0 0 0 0 0 0 0 0 0 0 0
0.417492020465 0.367703232505 0.194769881658 0.397486394577 0.0 0.0 0.444676406724 0.0 0.0 0.587655854729 0.292096819691 0.640366627025 0.422968391409 0.0392196355837 0.0769742087239 0.0 0.0 0.0 0.0 0.0 0.0 0.0 0.0 0.0 0.0 0.0 0.0 0.0 0.0 0.0 0.0 0.0 0.0
Islam has not flourished because of gun or sword.
islam has not flourished because of gun or sword
1 0 1 0 0 0 0 0 0 1 1 1 0 0 1 1 1 1 0 0 0 0 0 0 0 0 0 0 0 0 0 0 0
0.510268025013 0.0 0.238052077581 0.0 0.0 0.0 0.0 0.0 0.0 0.718246044669 0.357007224067 0.782670321919 0.0 0.0 0.0940795884403 0.2275586573 0.97408883278 0.438860994444 0.0 0.0 0.0 0.0 0.0 0.0 0.0 0.0 0.0 0.0 0.0 0.0 0.0 0.0 0.0
Islam was not spread with the gun or the sword.
islam was not spread with the gun or the sword
1 0 1 0 0 0 0 0 0 1 1 1 0 2 0 0 0 0 1 1 1 0 0 0 0 0 0 0 0 0 0 0 0
0.459241222512 0.0 0.214246869823 0.0 0.0 0.0 0.0 0.0 0.0 0.646421440202 0.32130650166 0.704403289727 0.0 0.0862831982842 0.0 0.0 0.0 0.0 0.218117971655 0.580152642895 0.235991950895 0.0 0.0 0.0 0.0 0.0 0.0 0.0 0.0 0.0 0.0 0.0 0.0
a3fq8i38xt2b4z
Islam did not spread on the point of a sword or barrel of a gun.
islam did not spread on the point of a sword or barrel of a gun
1 1 1 0 0 0 0 0 2 1 1 1 0 1 2 0 0 0 0 1 0 1 1 1 0 0 0 0 0 0 0 0 0
0.306160815008 0.26964903717 0.142831246549 0.0 0.0 0.0 0.0 0.0 0.190613626473 0.430947626801 0.21420433444 0.469602193152 0.0 0.0287610660947 0.112895506128 0.0 0.0 0.0 0.0 0.386768428596 0.0 0.124565911657 0.355520819369 0.599329536422 0.0 0.0 0.0 0.0 0.0 0.0 0.0 0.0 0.0
ayowrg5s0py3f
Islam has not came under the pressure of gun or sword
islam has not came under the pressure of gun or sword
1 0 1 0 0 0 0 0 0 1 1 1 0 1 1 1 0 0 0 0 0 0 0 0 1 1 1 0 0 0 0 0 0
0.417492020465 0.0 0.194769881658 0.0 0.0 0.0 0.0 0.0 0.0 0.587655854729 0.292096819691 0.640366627025 0.0 0.0392196355837 0.0769742087239 0.186184355973 0.0 0.0 0.0 0.0 0.0 0.0 0.0 0.0 0.440618938176 0.397486394577 0.435022766085 0.0 0.0 0.0 0.0 0.0 0.0
a3hs2e871iw2fi
Islam doesnt spread through sword & guns.
islam doesnt spread through sword  guns
1 0 0 0 0 0 0 0 0 0 0 1 1 0 0 0 0 0 0 1 0 0 0 0 0 0 0 1 1 0 0 0 0
0.76540203752 0.0 0.0 0.0 0.0 0.0 0.0 0.0 0.0 0.0 0.0 1.17400548288 0.775442050916 0.0 0.0 0.0 0.0 0.0 0.0 0.966921071491 0.0 0.0 0.0 0.0 0.0 0.0 0.0 1.02859079801 1.18635681157 0.0 0.0 0.0 0.0
a2i57ww1b3evwx
Islam has not spread from guns and swords.
islam has not spread from guns and swords
1 0 1 0 0 0 0 0 0 0 0 0 0 0 0 1 0 0 0 1 0 0 0 0 0 0 0 0 1 1 1 1 0
0.57405152814 0.0 0.267808587279 0.0 0.0 0.0 0.0 0.0 0.0 0.0 0.0 0.0 0.0 0.0 0.0 0.256003489463 0.0 0.0 0.0 0.725190803618 0.0 0.0 0.0 0.0 0.0 0.0 0.0 0.0 0.889767608679 0.296818428669 0.125079608326 1.03709948322 0.0
a330jjzgjl7ig2
Islam did not spread on the point of a sword or barrel of a gun.
islam did not spread on the point of a sword or barrel of a gun
1 1 1 0 0 0 0 0 2 1 1 1 0 1 2 0 0 0 0 1 0 1 1 1 0 0 0 0 0 0 0 0 0
0.306160815008 0.26964903717 0.142831246549 0.0 0.0 0.0 0.0 0.0 0.190613626473 0.430947626801 0.21420433444 0.469602193152 0.0 0.0287610660947 0.112895506128 0.0 0.0 0.0 0.0 0.386768428596 0.0 0.124565911657 0.355520819369 0.599329536422 0.0 0.0 0.0 0.0 0.0 0.0 0.0 0.0 0.0
a3andctf0w1pqd
Islam did not spread on the point of a sword or barrel of a gun.
islam did not spread on the point of a sword or barrel of a gun
1 1 1 0 0 0 0 0 2 1 1 1 0 1 2 0 0 0 0 1 0 1 1 1 0 0 0 0 0 0 0 0 0
0.306160815008 0.26964903717 0.142831246549 0.0 0.0 0.0 0.0 0.0 0.190613626473 0.430947626801 0.21420433444 0.469602193152 0.0 0.0287610660947 0.112895506128 0.0 0.0 0.0 0.0 0.386768428596 0.0 0.124565911657 0.355520819369 0.599329536422 0.0 0.0 0.0 0.0 0.0 0.0 0.0 0.0 0.0
a2rcbwy8ulhnj0
Islam did not spread on the point of a sword or the barrel of a gun.
islam did not spread on the point of a sword or the barrel of a gun
1 1 1 0 0 0 0 0 2 1 1 1 0 2 2 0 0 0 0 1 0 1 1 1 0 0 0 0 0 0 0 0 0
0.28702576407 0.252795972347 0.13390429364 0.0 0.0 0.0 0.0 0.0 0.178700274818 0.404013400126 0.200816563538 0.44025205608 0.0 0.0539269989276 0.105839536995 0.0 0.0 0.0 0.0 0.362595401809 0.0 0.116780542179 0.333300768158 0.561871440396 0.0 0.0 0.0 0.0 0.0 0.0 0.0 0.0 0.0
a2unp2crnrfiw8
Islam hasn't come under the pressure of a gun or sword.
islam hasnt come under the pressure of a gun or sword
1 0 0 1 0 0 0 0 1 1 1 1 0 1 1 0 0 0 0 0 0 0 0 0 0 1 1 0 0 0 0 0 1
0.417492020465 0.0 0.0 0.397486394577 0.0 0.0 0.0 0.0 0.129963836231 0.587655854729 0.292096819691 0.640366627025 0.0 0.0392196355837 0.0769742087239 0.0 0.0 0.0 0.0 0.0 0.0 0.0 0.0 0.0 0.0 0.397486394577 0.435022766085 0.0 0.0 0.0 0.0 0.0 0.766393387127
a2nowscvbop9jc
Islam has not come under the pressure of guns or swords.
islam has not come under the pressure of guns or swords
1 0 1 1 0 0 0 0 0 0 1 0 0 1 1 1 0 0 0 0 0 0 0 0 0 1 1 0 1 0 0 1 0
0.417492020465 0.0 0.194769881658 0.397486394577 0.0 0.0 0.0 0.0 0.0 0.0 0.292096819691 0.0 0.0 0.0392196355837 0.0769742087239 0.186184355973 0.0 0.0 0.0 0.0 0.0 0.0 0.0 0.0 0.0 0.397486394577 0.435022766085 0.0 0.647103715403 0.0 0.0 0.754254169615 0.0
aa1hdtufsq32b
Islam has not came under the pressure of gun or sword.
islam has not came under the pressure of gun or sword
1 0 1 0 0 0 0 0 0 1 1 1 0 1 1 1 0 0 0 0 0 0 0 0 1 1 1 0 0 0 0 0 0
0.417492020465 0.0 0.194769881658 0.0 0.0 0.0 0.0 0.0 0.0 0.587655854729 0.292096819691 0.640366627025 0.0 0.0392196355837 0.0769742087239 0.186184355973 0.0 0.0 0.0 0.0 0.0 0.0 0.0 0.0 0.440618938176 0.397486394577 0.435022766085 0.0 0.0 0.0 0.0 0.0 0.0
a3l62wt9zlhu7v
Islam doesn't spread through swords and guns.
islam doesnt spread through swords and guns
1 0 0 0 0 0 0 0 0 0 0 0 1 0 0 0 0 0 0 1 0 0 0 0 0 0 0 1 1 0 1 1 0
0.656058889303 0.0 0.0 0.0 0.0 0.0 0.0 0.0 0.0 0.0 0.0 0.0 0.664664615071 0.0 0.0 0.0 0.0 0.0 0.0 0.82878948985 0.0 0.0 0.0 0.0 0.0 0.0 0.0 0.881649255437 1.01687726706 0.0 0.142948123801 1.18525655225 0.0
a1c0lbe9vl3ax
Islam doesn't spread through sword and guns.
islam doesnt spread through sword and guns
1 0 0 0 0 0 0 0 0 0 0 1 1 0 0 0 0 0 0 1 0 0 0 0 0 0 0 1 1 0 1 0 0
0.656058889303 0.0 0.0 0.0 0.0 0.0 0.0 0.0 0.0 0.0 0.0 1.0062904139 0.664664615071 0.0 0.0 0.0 0.0 0.0 0.0 0.82878948985 0.0 0.0 0.0 0.0 0.0 0.0 0.0 0.881649255437 1.01687726706 0.0 0.142948123801 0.0 0.0
a14b80scbt25dr
Islam doesn't spread through sword and guns.
islam doesnt spread through sword and guns
1 0 0 0 0 0 0 0 0 0 0 1 1 0 0 0 0 0 0 1 0 0 0 0 0 0 0 1 1 0 1 0 0
0.656058889303 0.0 0.0 0.0 0.0 0.0 0.0 0.0 0.0 0.0 0.0 1.0062904139 0.664664615071 0.0 0.0 0.0 0.0 0.0 0.0 0.82878948985 0.0 0.0 0.0 0.0 0.0 0.0 0.0 0.881649255437 1.01687726706 0.0 0.142948123801 0.0 0.0
a3vh1yukhij6jl
Islam has not spread from guns and swords.
islam has not spread from guns and swords
1 0 1 0 0 0 0 0 0 0 0 0 0 0 0 1 0 0 0 1 0 0 0 0 0 0 0 0 1 1 1 1 0
0.57405152814 0.0 0.267808587279 0.0 0.0 0.0 0.0 0.0 0.0 0.0 0.0 0.0 0.0 0.0 0.0 0.256003489463 0.0 0.0 0.0 0.725190803618 0.0 0.0 0.0 0.0 0.0 0.0 0.0 0.0 0.889767608679 0.296818428669 0.125079608326 1.03709948322 0.0
