urd-wl-86-174276-11370245-post15__4
now the british government also understands this which is why on basis of terrorism in india it defaming pakistan and ignoring occupancy kashmir thats by name trying to ignore occupation too comprehending that indians are divert attention from their issue even everything reason defame overlook has realized indian maligning for so can occupy understand made a bad image turn back eyes understanding taking cover over blaming ruining pakistans reputation accusations distract situation created people would focus gave pakisatan with regard take away corrpution beginning diverting accusing actively world
Now the British government also understands this, which is why on the basis of the terrorism in India it is defaming Pakistan and ignoring the occupancy of Kashmir
now the british government also understands this which is why on the basis of the terrorism in india it is defaming pakistan and ignoring the occupancy of kashmir
1 4 1 1 1 1 1 1 2 1 1 1 2 1 1 1 1 1 1 1 1 1 1 0 0 0 0 0 0 0 0 0 0 0 0 0 0 0 0 0 0 0 0 0 0 0 0 0 0 0 0 0 0 0 0 0 0 0 0 0 0 0 0 0 0 0 0 0 0 0 0 0 0 0 0 0 0 0 0 0 0 0 0 0 0 0 0 0
0.123202156222 0.0616308559173 0.200808829155 0.107719051231 0.0999684098776 0.278974573214 0.0618655488989 0.107334901461 0.0947441401649 0.140149587608 0.0667317383879 0.201744628169 0.0604797354259 0.143887435635 0.0364587415634 0.108523202283 0.0728174586769 0.331343754242 0.0849010783645 0.0357370309503 0.254219316765 0.370579907409 0.158243457102 0.0 0.0 0.0 0.0 0.0 0.0 0.0 0.0 0.0 0.0 0.0 0.0 0.0 0.0 0.0 0.0 0.0 0.0 0.0 0.0 0.0 0.0 0.0 0.0 0.0 0.0 0.0 0.0 0.0 0.0 0.0 0.0 0.0 0.0 0.0 0.0 0.0 0.0 0.0 0.0 0.0 0.0 0.0 0.0 0.0 0.0 0.0 0.0 0.0 0.0 0.0 0.0 0.0 0.0 0.0 0.0 0.0 0.0 0.0 0.0 0.0 0.0 0.0 0.0 0.0
Now the British government also understands this. That's why India, by defaming Pakistan in the name of terrorism, is trying to ignore the Kashmir occupation
now the british government also understands this thats why india by defaming pakistan in the name of terrorism is trying to ignore the kashmir occupation
1 3 1 1 1 1 1 0 1 1 0 0 1 1 1 1 0 1 1 0 0 0 1 1 1 1 1 1 1 1 0 0 0 0 0 0 0 0 0 0 0 0 0 0 0 0 0 0 0 0 0 0 0 0 0 0 0 0 0 0 0 0 0 0 0 0 0 0 0 0 0 0 0 0 0 0 0 0 0 0 0 0 0 0 0 0 0 0
0.137986414969 0.0517699189705 0.224905888654 0.120645337378 0.111964619063 0.312451522 0.0692894147668 0.0 0.0530567184924 0.156967538121 0.0 0.0 0.0338686518385 0.161153927912 0.040833790551 0.121545986556 0.0 0.371105004751 0.0950892077682 0.0 0.0 0.0 0.177232671954 0.286294463303 0.0997267222458 0.183451089462 0.219435531169 0.0428962676955 0.306727488254 0.293268598789 0.0 0.0 0.0 0.0 0.0 0.0 0.0 0.0 0.0 0.0 0.0 0.0 0.0 0.0 0.0 0.0 0.0 0.0 0.0 0.0 0.0 0.0 0.0 0.0 0.0 0.0 0.0 0.0 0.0 0.0 0.0 0.0 0.0 0.0 0.0 0.0 0.0 0.0 0.0 0.0 0.0 0.0 0.0 0.0 0.0 0.0 0.0 0.0 0.0 0.0 0.0 0.0 0.0 0.0 0.0 0.0 0.0 0.0
Now the British government too is comprehending this. That is why the Indians are trying to divert attention from their occupation of Kashmir by defaming Pakistan on the issue of terrorism -
now the british government too is comprehending this that is why the indians are trying to divert attention from their occupation of kashmir by defaming pakistan on the issue of terrorism 
1 3 1 1 0 0 1 0 2 1 1 0 2 1 0 0 0 1 1 0 0 0 1 0 1 0 1 1 0 1 1 1 1 1 1 1 1 1 1 1 0 0 0 0 0 0 0 0 0 0 0 0 0 0 0 0 0 0 0 0 0 0 0 0 0 0 0 0 0 0 0 0 0 0 0 0 0 0 0 0 0 0 0 0 0 0 0 0
0.111279366911 0.0417499346536 0.181375716656 0.0972946269181 0.0 0.0 0.0558785602958 0.0 0.085575352407 0.126586724291 0.0602738282213 0.0 0.054626857804 0.12996284509 0.0 0.0 0.0 0.299278229638 0.0766848449744 0.0 0.0 0.0 0.142929574156 0.0 0.0804247760046 0.0 0.17696413804 0.0345937642705 0.0 0.236506934507 0.162538687992 0.334717335724 0.0393185793634 0.203183869792 0.0682498242218 0.230882631696 0.176722503468 0.0765983041726 0.0964840801414 0.162694148845 0.0 0.0 0.0 0.0 0.0 0.0 0.0 0.0 0.0 0.0 0.0 0.0 0.0 0.0 0.0 0.0 0.0 0.0 0.0 0.0 0.0 0.0 0.0 0.0 0.0 0.0 0.0 0.0 0.0 0.0 0.0 0.0 0.0 0.0 0.0 0.0 0.0 0.0 0.0 0.0 0.0 0.0 0.0 0.0 0.0 0.0 0.0 0.0
Now even the British government understands everything. This is the reason why India is trying to defame Pakistan in the name of terrorism and overlook the Kashmir occupation,
now even the british government understands everything this is the reason why india is trying to defame pakistan in the name of terrorism and overlook the kashmir occupation
1 4 1 1 0 1 1 0 2 1 0 0 1 1 1 1 0 0 1 1 0 0 1 0 0 1 1 1 0 1 0 0 0 0 0 0 0 0 0 0 1 1 1 1 1 0 0 0 0 0 0 0 0 0 0 0 0 0 0 0 0 0 0 0 0 0 0 0 0 0 0 0 0 0 0 0 0 0 0 0 0 0 0 0 0 0 0 0
0.123202156222 0.0616308559173 0.200808829155 0.107719051231 0.0 0.278974573214 0.0618655488989 0.0 0.0947441401649 0.140149587608 0.0 0.0 0.0302398677129 0.143887435635 0.0364587415634 0.108523202283 0.0 0.0 0.0849010783645 0.0357370309503 0.0 0.0 0.158243457102 0.0 0.0 0.163795615591 0.195924581401 0.0383002390138 0.0 0.261846963205 0.0 0.0 0.0 0.0 0.0 0.0 0.0 0.0 0.0 0.0 0.132157649493 0.216383903354 0.173100297141 0.292107601075 0.331343754242 0.0 0.0 0.0 0.0 0.0 0.0 0.0 0.0 0.0 0.0 0.0 0.0 0.0 0.0 0.0 0.0 0.0 0.0 0.0 0.0 0.0 0.0 0.0 0.0 0.0 0.0 0.0 0.0 0.0 0.0 0.0 0.0 0.0 0.0 0.0 0.0 0.0 0.0 0.0 0.0 0.0 0.0 0.0
a2llfcd7di80k3
Now British government has realized that Indian government is maligning Pakistan for terrorism so that it can occupy Kashmir.
now british government has realized that indian government is maligning pakistan for terrorism so that it can occupy kashmir
1 0 1 2 0 0 0 0 1 0 0 0 0 1 0 0 1 0 1 0 0 0 1 0 0 0 0 0 0 0 0 0 2 0 0 0 0 0 0 0 0 0 0 0 0 1 1 1 1 1 1 1 1 0 0 0 0 0 0 0 0 0 0 0 0 0 0 0 0 0 0 0 0 0 0 0 0 0 0 0 0 0 0 0 0 0 0 0
0.181561072328 0.0 0.29592880086 0.317487729943 0.0 0.0 0.0 0.0 0.0698114717005 0.0 0.0 0.0 0.0 0.212044641989 0.0 0.0 0.107309939103 0.0 0.125117378642 0.0 0.0 0.0 0.23320088415 0.0 0.0 0.0 0.0 0.0 0.0 0.0 0.0 0.0 0.128302732659 0.0 0.0 0.0 0.0 0.0 0.0 0.0 0.0 0.0 0.0 0.0 0.0 0.107790942932 0.349398304693 0.196103071519 0.473154897175 0.101573471421 0.187227018009 0.167740508896 0.451814628327 0.0 0.0 0.0 0.0 0.0 0.0 0.0 0.0 0.0 0.0 0.0 0.0 0.0 0.0 0.0 0.0 0.0 0.0 0.0 0.0 0.0 0.0 0.0 0.0 0.0 0.0 0.0 0.0 0.0 0.0 0.0 0.0 0.0 0.0 0.0
a1sanjgoj47idf
now British government also understand that India made a bad image of Pakistan on the name of terrorism to turn back eyes on Kashmir occupation.
now british government also understand that india made a bad image of pakistan on the name of terrorism to turn back eyes on kashmir occupation
1 1 1 1 1 0 0 0 0 0 2 0 2 1 0 1 0 0 1 0 0 0 1 0 0 1 0 1 0 1 0 0 1 0 0 0 0 0 0 0 0 0 0 0 0 0 0 0 0 0 0 0 0 1 1 1 1 1 1 1 1 0 0 0 0 0 0 0 0 0 0 0 0 0 0 0 0 0 0 0 0 0 0 0 0 0 0 0
0.137986414969 0.0172566396568 0.224905888654 0.120645337378 0.111964619063 0.0 0.0 0.0 0.0 0.0 0.149479093989 0.0 0.067737303677 0.161153927912 0.0 0.121545986556 0.0 0.0 0.0950892077682 0.0 0.0 0.0 0.177232671954 0.0 0.0 0.183451089462 0.0 0.0428962676955 0.0 0.293268598789 0.0 0.0 0.0487550384106 0.0 0.0 0.0 0.0 0.0 0.0 0.0 0.0 0.0 0.0 0.0 0.0 0.0 0.0 0.0 0.0 0.0 0.0 0.0 0.0 0.202718788402 0.157475481454 0.0571840879418 0.22595398355 0.262782996707 0.26460149167 0.198051495599 0.249324107242 0.0 0.0 0.0 0.0 0.0 0.0 0.0 0.0 0.0 0.0 0.0 0.0 0.0 0.0 0.0 0.0 0.0 0.0 0.0 0.0 0.0 0.0 0.0 0.0 0.0 0.0 0.0
a143bvgouf83je
Now the British Government is also understanding that the Indians are taking cover from their occupation over Kashmir by blaming Pakistan of terrorism.
now the british government is also understanding that the indians are taking cover from their occupation over kashmir by blaming pakistan of terrorism
1 2 1 1 1 0 0 0 1 0 0 0 1 1 0 0 0 0 1 0 0 0 1 0 1 0 0 0 0 1 0 0 1 1 1 0 0 1 1 0 0 0 0 0 0 0 0 0 0 0 0 0 0 0 0 0 0 0 0 0 0 1 1 1 1 1 0 0 0 0 0 0 0 0 0 0 0 0 0 0 0 0 0 0 0 0 0 0
0.149985233662 0.0375144340366 0.24446292245 0.131136236281 0.121700672894 0.0 0.0 0.0 0.0576703461873 0.0 0.0 0.0 0.0368137519984 0.175167312948 0.0 0.0 0.0 0.0 0.103357834531 0.0 0.0 0.0 0.192644208645 0.0 0.108398611137 0.0 0.0 0.0 0.0 0.318770216075 0.0 0.0 0.052994606968 0.273856520154 0.0919888935164 0.0 0.0 0.10324119258 0.130043760191 0.0 0.0 0.0 0.0 0.0 0.0 0.0 0.0 0.0 0.0 0.0 0.0 0.0 0.0 0.0 0.0 0.0 0.0 0.0 0.0 0.0 0.0 0.325472419546 0.206149904534 0.288633382138 0.163777746273 0.289681101772 0.0 0.0 0.0 0.0 0.0 0.0 0.0 0.0 0.0 0.0 0.0 0.0 0.0 0.0 0.0 0.0 0.0 0.0 0.0 0.0 0.0 0.0
a3u16uhguaktzs
Even the British government is now understanding this, that is why India is now ruining Pakistan's reputation by terrorism accusations to distract from the Kashmir situation.
even the british government is now understanding this that is why india is now ruining pakistans reputation by terrorism accusations to distract from the kashmir situation
2 2 1 1 0 0 1 0 3 1 0 0 0 1 0 1 0 0 0 0 0 0 1 0 1 0 0 1 0 0 0 0 1 0 0 0 0 1 0 0 1 0 0 0 0 0 0 0 0 0 0 0 0 0 0 0 0 0 0 0 0 1 0 0 0 0 1 1 1 1 1 1 0 0 0 0 0 0 0 0 0 0 0 0 0 0 0 0
0.265358490325 0.0331858454939 0.216255662167 0.116005132095 0.0 0.0 0.0666244372758 0.0 0.15304822642 0.150930325116 0.0 0.0 0.0 0.154955699915 0.0 0.11687114092 0.0 0.0 0.0 0.0 0.0 0.0 0.170416030725 0.0 0.0958910790825 0.0 0.0 0.0412464112456 0.0 0.0 0.0 0.0 0.0468798446256 0.0 0.0 0.0 0.0 0.0913287472827 0.0 0.0 0.142323622531 0.0 0.0 0.0 0.0 0.0 0.0 0.0 0.0 0.0 0.0 0.0 0.0 0.0 0.0 0.0 0.0 0.0 0.0 0.0 0.0 0.287917909598 0.0 0.0 0.0 0.0 0.337184595962 0.194731978016 0.310525089018 0.256256359259 0.310525089018 0.156466883305 0.0 0.0 0.0 0.0 0.0 0.0 0.0 0.0 0.0 0.0 0.0 0.0 0.0 0.0 0.0 0.0
au2ar4vob7vlv
Now the British government has realized that the Indian government is maligning Pakistan for terrorism so that it can occupy Kashmir.
now the british government has realized that the indian government is maligning pakistan for terrorism so that it can occupy kashmir
1 2 1 2 0 0 0 0 1 0 0 0 0 1 0 0 1 0 1 0 0 0 1 0 0 0 0 0 0 0 0 0 2 0 0 0 0 0 0 0 0 0 0 0 0 1 1 1 1 1 1 1 1 0 0 0 0 0 0 0 0 0 0 0 0 0 0 0 0 0 0 0 0 0 0 0 0 0 0 0 0 0 0 0 0 0 0 0
0.16426954163 0.0410872372782 0.26774510554 0.287250803282 0.0 0.0 0.0 0.0 0.0631627601099 0.0 0.0 0.0 0.0 0.191849914181 0.0 0.0 0.0970899449025 0.0 0.113201437819 0.0 0.0 0.0 0.210991276135 0.0 0.0 0.0 0.0 0.0 0.0 0.0 0.0 0.0 0.116083424787 0.0 0.0 0.0 0.0 0.0 0.0 0.0 0.0 0.0 0.0 0.0 0.0 0.0975251388429 0.316122275675 0.177426588517 0.428092526016 0.0918998074765 0.169395873437 0.151765222335 0.408784663725 0.0 0.0 0.0 0.0 0.0 0.0 0.0 0.0 0.0 0.0 0.0 0.0 0.0 0.0 0.0 0.0 0.0 0.0 0.0 0.0 0.0 0.0 0.0 0.0 0.0 0.0 0.0 0.0 0.0 0.0 0.0 0.0 0.0 0.0 0.0
a12ezody9kxiim
Now the British government has realized that the Indian government is maligning Pakistan for terrorism so that it can occupy Kashmir.
now the british government has realized that the indian government is maligning pakistan for terrorism so that it can occupy kashmir
1 2 1 2 0 0 0 0 1 0 0 0 0 1 0 0 1 0 1 0 0 0 1 0 0 0 0 0 0 0 0 0 2 0 0 0 0 0 0 0 0 0 0 0 0 1 1 1 1 1 1 1 1 0 0 0 0 0 0 0 0 0 0 0 0 0 0 0 0 0 0 0 0 0 0 0 0 0 0 0 0 0 0 0 0 0 0 0
0.16426954163 0.0410872372782 0.26774510554 0.287250803282 0.0 0.0 0.0 0.0 0.0631627601099 0.0 0.0 0.0 0.0 0.191849914181 0.0 0.0 0.0970899449025 0.0 0.113201437819 0.0 0.0 0.0 0.210991276135 0.0 0.0 0.0 0.0 0.0 0.0 0.0 0.0 0.0 0.116083424787 0.0 0.0 0.0 0.0 0.0 0.0 0.0 0.0 0.0 0.0 0.0 0.0 0.0975251388429 0.316122275675 0.177426588517 0.428092526016 0.0918998074765 0.169395873437 0.151765222335 0.408784663725 0.0 0.0 0.0 0.0 0.0 0.0 0.0 0.0 0.0 0.0 0.0 0.0 0.0 0.0 0.0 0.0 0.0 0.0 0.0 0.0 0.0 0.0 0.0 0.0 0.0 0.0 0.0 0.0 0.0 0.0 0.0 0.0 0.0 0.0 0.0
a2dw85yo390ob8
Now the British government has realized that the Indian government is maligning Pakistan for terrorism so that it can occupy Kashmir.
now the british government has realized that the indian government is maligning pakistan for terrorism so that it can occupy kashmir
1 2 1 2 0 0 0 0 1 0 0 0 0 1 0 0 1 0 1 0 0 0 1 0 0 0 0 0 0 0 0 0 2 0 0 0 0 0 0 0 0 0 0 0 0 1 1 1 1 1 1 1 1 0 0 0 0 0 0 0 0 0 0 0 0 0 0 0 0 0 0 0 0 0 0 0 0 0 0 0 0 0 0 0 0 0 0 0
0.16426954163 0.0410872372782 0.26774510554 0.287250803282 0.0 0.0 0.0 0.0 0.0631627601099 0.0 0.0 0.0 0.0 0.191849914181 0.0 0.0 0.0970899449025 0.0 0.113201437819 0.0 0.0 0.0 0.210991276135 0.0 0.0 0.0 0.0 0.0 0.0 0.0 0.0 0.0 0.116083424787 0.0 0.0 0.0 0.0 0.0 0.0 0.0 0.0 0.0 0.0 0.0 0.0 0.0975251388429 0.316122275675 0.177426588517 0.428092526016 0.0918998074765 0.169395873437 0.151765222335 0.408784663725 0.0 0.0 0.0 0.0 0.0 0.0 0.0 0.0 0.0 0.0 0.0 0.0 0.0 0.0 0.0 0.0 0.0 0.0 0.0 0.0 0.0 0.0 0.0 0.0 0.0 0.0 0.0 0.0 0.0 0.0 0.0 0.0 0.0 0.0 0.0
a2scjh3oqhuw2a
The British government also understands that India created a bad image of Pakistan's terrorism so that people would focus on Kashmir occupation.
the british government also understands that india created a bad image of pakistans terrorism so that people would focus on kashmir occupation
0 1 1 1 1 1 0 0 0 0 1 0 1 1 0 1 0 0 0 0 0 0 1 0 0 0 0 0 0 1 0 0 2 0 0 0 0 0 0 0 0 0 0 0 0 0 0 0 0 0 1 0 0 0 0 1 1 1 0 0 0 0 0 0 0 0 0 1 0 0 0 0 1 1 1 1 0 0 0 0 0 0 0 0 0 0 0 0
0.0 0.0196098177919 0.25557487347 0.137096974294 0.127232521662 0.355058547727 0.0 0.0 0.0 0.0 0.0849313034028 0.0 0.0384871043619 0.183129463536 0.0 0.138120439269 0.0 0.0 0.0 0.0 0.0 0.0 0.201400763584 0.0 0.0 0.0 0.0 0.0 0.0 0.333259771351 0.0 0.0 0.110806905479 0.0 0.0 0.0 0.0 0.0 0.0 0.0 0.0 0.0 0.0 0.0 0.0 0.0 0.0 0.0 0.0 0.0 0.161696061008 0.0 0.0 0.0 0.0 0.0649819181156 0.256765890397 0.298617041713 0.0 0.0 0.0 0.0 0.0 0.0 0.0 0.0 0.0 0.2301377922 0.0 0.0 0.0 0.0 0.246063308054 0.124281500208 0.158530224904 0.311358040129 0.0 0.0 0.0 0.0 0.0 0.0 0.0 0.0 0.0 0.0 0.0 0.0
a1c0lbe9vl3ax
Now the British government also understands that India made a bad image of Pakistan in the name of terrorism to turn back eyes on Kashmir occupation.
now the british government also understands that india made a bad image of pakistan in the name of terrorism to turn back eyes on kashmir occupation
1 2 1 1 1 1 0 0 0 0 1 0 2 1 1 1 0 0 1 0 0 0 1 0 0 1 0 1 0 1 0 0 1 0 0 0 0 0 0 0 0 0 0 0 0 0 0 0 0 0 0 0 0 0 1 1 1 1 1 1 1 0 0 0 0 0 0 0 0 0 0 0 0 0 0 0 0 0 0 0 0 0 0 0 0 0 0 0
0.132679245163 0.0331858454939 0.216255662167 0.116005132095 0.107658287561 0.300434155769 0.0 0.0 0.0 0.0 0.0718649490331 0.0 0.0651320227664 0.154955699915 0.0392632601452 0.11687114092 0.0 0.0 0.0914319305464 0.0 0.0 0.0 0.170416030725 0.0 0.0 0.176395278329 0.0 0.0412464112456 0.0 0.281989037297 0.0 0.0 0.0468798446256 0.0 0.0 0.0 0.0 0.0 0.0 0.0 0.0 0.0 0.0 0.0 0.0 0.0 0.0 0.0 0.0 0.0 0.0 0.0 0.0 0.0 0.151418732167 0.054984699944 0.217263445721 0.252675958372 0.254424511221 0.190434130383 0.239734718502 0.0 0.0 0.0 0.0 0.0 0.0 0.0 0.0 0.0 0.0 0.0 0.0 0.0 0.0 0.0 0.0 0.0 0.0 0.0 0.0 0.0 0.0 0.0 0.0 0.0 0.0 0.0
a330jjzgjl7ig2
Now the British government also understands that India gave Pakisatan a bad name with regard to terrorism to take the focus away from Kashmir occupation.
now the british government also understands that india gave pakisatan a bad name with regard to terrorism to take the focus away from kashmir occupation
1 2 1 1 1 1 0 0 0 0 0 0 0 1 0 1 0 0 0 0 0 0 1 0 0 1 0 2 0 1 0 0 1 0 0 0 0 1 0 0 0 0 0 0 0 0 0 0 0 0 0 0 0 0 0 1 1 0 0 0 0 0 0 0 0 0 0 0 0 0 0 0 0 0 0 1 1 1 1 1 1 1 0 0 0 0 0 0
0.137986414969 0.0345132793137 0.224905888654 0.120645337378 0.111964619063 0.312451522 0.0 0.0 0.0 0.0 0.0 0.0 0.0 0.161153927912 0.0 0.121545986556 0.0 0.0 0.0 0.0 0.0 0.0 0.177232671954 0.0 0.0 0.183451089462 0.0 0.0857925353909 0.0 0.293268598789 0.0 0.0 0.0487550384106 0.0 0.0 0.0 0.0 0.094981897174 0.0 0.0 0.0 0.0 0.0 0.0 0.0 0.0 0.0 0.0 0.0 0.0 0.0 0.0 0.0 0.0 0.0 0.0571840879418 0.22595398355 0.0 0.0 0.0 0.0 0.0 0.0 0.0 0.0 0.0 0.0 0.0 0.0 0.0 0.0 0.0 0.0 0.0 0.0 0.273995075313 0.212799664084 0.415049496298 0.0943967803579 0.245685236114 0.154877969357 0.205591817785 0.0 0.0 0.0 0.0 0.0 0.0
a2unp2crnrfiw8
Now the British Government is also understanding that the Indians are taking cover from their corrpution over Kashmir by blaming Pakistan of terrorism.
now the british government is also understanding that the indians are taking cover from their corrpution over kashmir by blaming pakistan of terrorism
1 2 1 1 1 0 0 0 1 0 0 0 1 1 0 0 0 0 1 0 0 0 1 0 1 0 0 0 0 0 0 0 1 1 1 0 0 1 1 0 0 0 0 0 0 0 0 0 0 0 0 0 0 0 0 0 0 0 0 0 0 1 1 1 1 1 0 0 0 0 0 0 0 0 0 0 0 0 0 0 0 0 1 0 0 0 0 0
0.149985233662 0.0375144340366 0.24446292245 0.131136236281 0.121700672894 0.0 0.0 0.0 0.0576703461873 0.0 0.0 0.0 0.0368137519984 0.175167312948 0.0 0.0 0.0 0.0 0.103357834531 0.0 0.0 0.0 0.192644208645 0.0 0.108398611137 0.0 0.0 0.0 0.0 0.0 0.0 0.0 0.052994606968 0.273856520154 0.0919888935164 0.0 0.0 0.10324119258 0.130043760191 0.0 0.0 0.0 0.0 0.0 0.0 0.0 0.0 0.0 0.0 0.0 0.0 0.0 0.0 0.0 0.0 0.0 0.0 0.0 0.0 0.0 0.0 0.325472419546 0.206149904534 0.288633382138 0.163777746273 0.289681101772 0.0 0.0 0.0 0.0 0.0 0.0 0.0 0.0 0.0 0.0 0.0 0.0 0.0 0.0 0.0 0.0 0.451140756846 0.0 0.0 0.0 0.0 0.0
ajfwu2g6a1bhs
The British Government is now also beginning to understand that the Indians are diverting attention from their occupation of Kashmir by accusing Pakistan of terrorism,
the british government is now also beginning to understand that the indians are diverting attention from their occupation of kashmir by accusing pakistan of terrorism
1 2 1 1 1 0 0 0 1 0 0 0 2 1 0 0 0 0 1 0 0 0 1 0 1 0 0 1 0 1 0 0 1 1 1 0 1 1 1 0 0 0 0 0 0 0 0 0 0 0 0 0 0 1 0 0 0 0 0 0 0 0 0 0 0 0 0 0 0 0 0 0 0 0 0 0 0 0 0 0 0 0 0 1 1 1 0 0
0.137986414969 0.0345132793137 0.224905888654 0.120645337378 0.111964619063 0.0 0.0 0.0 0.0530567184924 0.0 0.0 0.0 0.067737303677 0.161153927912 0.0 0.0 0.0 0.0 0.0950892077682 0.0 0.0 0.0 0.177232671954 0.0 0.0997267222458 0.0 0.0 0.0428962676955 0.0 0.293268598789 0.0 0.0 0.0487550384106 0.251947998542 0.0846297820351 0.0 0.2191359043 0.094981897174 0.119640259375 0.0 0.0 0.0 0.0 0.0 0.0 0.0 0.0 0.0 0.0 0.0 0.0 0.0 0.0 0.202718788402 0.0 0.0 0.0 0.0 0.0 0.0 0.0 0.0 0.0 0.0 0.0 0.0 0.0 0.0 0.0 0.0 0.0 0.0 0.0 0.0 0.0 0.0 0.0 0.0 0.0 0.0 0.0 0.0 0.0 0.262782996707 0.415049496298 0.276420060186 0.0 0.0
a6tw9zegog7ph
Now the British Government is also understanding that the Indians are taking cover from their occupation over Kashmir by accusing Pakistan of terrorism.
now the british government is also understanding that the indians are taking cover from their occupation over kashmir by accusing pakistan of terrorism
1 2 1 1 1 0 0 0 1 0 0 0 1 1 0 0 0 0 1 0 0 0 1 0 1 0 0 0 0 1 0 0 1 1 1 0 0 1 1 0 0 0 0 0 0 0 0 0 0 0 0 0 0 0 0 0 0 0 0 0 0 1 1 1 1 0 0 0 0 0 0 0 0 0 0 0 0 0 0 0 0 0 0 0 0 1 0 0
0.149985233662 0.0375144340366 0.24446292245 0.131136236281 0.121700672894 0.0 0.0 0.0 0.0576703461873 0.0 0.0 0.0 0.0368137519984 0.175167312948 0.0 0.0 0.0 0.0 0.103357834531 0.0 0.0 0.0 0.192644208645 0.0 0.108398611137 0.0 0.0 0.0 0.0 0.318770216075 0.0 0.0 0.052994606968 0.273856520154 0.0919888935164 0.0 0.0 0.10324119258 0.130043760191 0.0 0.0 0.0 0.0 0.0 0.0 0.0 0.0 0.0 0.0 0.0 0.0 0.0 0.0 0.0 0.0 0.0 0.0 0.0 0.0 0.0 0.0 0.325472419546 0.206149904534 0.288633382138 0.163777746273 0.0 0.0 0.0 0.0 0.0 0.0 0.0 0.0 0.0 0.0 0.0 0.0 0.0 0.0 0.0 0.0 0.0 0.0 0.0 0.0 0.300456587159 0.0 0.0
a290hg650rgy73
Even the British government now understands this, which is why India is actively ruining Pakistan's reputation with terrorism accusations -- to distract the world from the Kashmir situation.
even the british government now understands this which is why india is actively ruining pakistans reputation with terrorism accusations  to distract the world from the kashmir situation
1 3 1 1 0 1 1 1 2 1 0 0 0 1 0 1 0 0 0 0 0 0 1 0 0 0 0 1 0 0 0 0 0 0 0 0 0 1 0 0 1 0 0 0 0 0 0 0 0 0 0 0 0 0 0 0 0 0 0 0 0 0 0 0 0 0 1 1 1 1 1 1 0 0 0 0 0 0 1 0 0 0 0 0 0 0 1 1
0.127765199045 0.0479351101579 0.208246193198 0.111708645721 0.0 0.289306964814 0.0641568655248 0.111310268182 0.0982531823932 0.145340313075 0.0 0.0 0.0 0.149216599918 0.0 0.112542580145 0.0 0.0 0.0 0.0 0.0 0.0 0.164104325883 0.0 0.0 0.0 0.0 0.0397187663847 0.0 0.0 0.0 0.0 0.0 0.0 0.0 0.0 0.0 0.0879462010871 0.0 0.0 0.137052377252 0.0 0.0 0.0 0.0 0.0 0.0 0.0 0.0 0.0 0.0 0.0 0.0 0.0 0.0 0.0 0.0 0.0 0.0 0.0 0.0 0.0 0.0 0.0 0.0 0.0 0.324696277593 0.187519682534 0.299024159795 0.246765382991 0.299024159795 0.150671813553 0.0 0.0 0.0 0.0 0.0 0.0 0.0874044262573 0.0 0.0 0.0 0.0 0.0 0.0 0.0 0.358632971366 0.125134867573
