urd-ng-102-174502-11516120-post14__2
what has happened to all the journalistic principles when innocent blood is shed especially of a muslims bbc loudly professes neutrality where have now these gone an muslim sheds tries covers itself with fake principle impartiality they buried journalism whenever belonging spilled gets obsessed nonpartisanship rules been becomes biased are killed ideals unjustified spillage occurs takes neutral position not being side any party general ism buriedwhen unrequired starts flowing at that time ghost unbiased reporting riding over specifically monster unbiasedness onto bbcs back it comes seems take its eyes off reality and bloodshed generalism unrequited
What has happened to all the journalistic principles? When innocent blood is shed, especially of a Muslim's, the BBC loudly professes neutrality.
what has happened to all the journalistic principles when innocent blood is shed especially of a muslims the bbc loudly professes neutrality
1 1 1 1 1 2 1 1 1 1 1 1 1 1 1 1 1 1 1 1 1 0 0 0 0 0 0 0 0 0 0 0 0 0 0 0 0 0 0 0 0 0 0 0 0 0 0 0 0 0 0 0 0 0 0 0 0 0 0 0 0 0 0 0 0 0 0 0 0 0 0 0 0 0 0 0 0 0 0 0 0 0 0 0 0 0 0 0 0 0 0 0 0 0 0
0.14017728324 0.0930921779864 0.24039277601 0.0487457587448 0.143882679726 0.0392196355837 0.440140464859 0.351690003538 0.149144228644 0.220490203105 0.214397963259 0.0602917255595 0.311358040129 0.293827927365 0.0384871043619 0.0649819181156 0.1762022894 0.194564220228 0.390203542646 0.471647154884 0.398490886137 0.0 0.0 0.0 0.0 0.0 0.0 0.0 0.0 0.0 0.0 0.0 0.0 0.0 0.0 0.0 0.0 0.0 0.0 0.0 0.0 0.0 0.0 0.0 0.0 0.0 0.0 0.0 0.0 0.0 0.0 0.0 0.0 0.0 0.0 0.0 0.0 0.0 0.0 0.0 0.0 0.0 0.0 0.0 0.0 0.0 0.0 0.0 0.0 0.0 0.0 0.0 0.0 0.0 0.0 0.0 0.0 0.0 0.0 0.0 0.0 0.0 0.0 0.0 0.0 0.0 0.0 0.0 0.0 0.0 0.0 0.0 0.0 0.0 0.0
where have now these journalistic principles gone when the blood of an innocent Muslim sheds BBC tries to covers itself with the fake principle of impartiality.
where have now these journalistic principles gone when the blood of an innocent muslim sheds bbc tries to covers itself with the fake principle of impartiality
0 0 0 1 0 2 1 1 1 1 1 0 0 0 2 0 0 1 0 0 0 1 1 1 1 1 1 1 1 1 1 1 1 1 1 1 0 0 0 0 0 0 0 0 0 0 0 0 0 0 0 0 0 0 0 0 0 0 0 0 0 0 0 0 0 0 0 0 0 0 0 0 0 0 0 0 0 0 0 0 0 0 0 0 0 0 0 0 0 0 0 0 0 0 0
0.0 0.0 0.0 0.0412464112456 0.0 0.0331858454939 0.372426547188 0.297583849147 0.126198962699 0.186568633397 0.181413661219 0.0 0.0 0.0 0.0651320227664 0.0 0.0 0.16463126327 0.0 0.0 0.0 0.175695958364 0.0880111481849 0.132679245163 0.117603763803 0.233545089009 0.112836334025 0.160139665835 0.399086054133 0.272323097748 0.372426547188 0.209298595166 0.0907661349595 0.257206075128 0.310525089018 0.356831735338 0.0 0.0 0.0 0.0 0.0 0.0 0.0 0.0 0.0 0.0 0.0 0.0 0.0 0.0 0.0 0.0 0.0 0.0 0.0 0.0 0.0 0.0 0.0 0.0 0.0 0.0 0.0 0.0 0.0 0.0 0.0 0.0 0.0 0.0 0.0 0.0 0.0 0.0 0.0 0.0 0.0 0.0 0.0 0.0 0.0 0.0 0.0 0.0 0.0 0.0 0.0 0.0 0.0 0.0 0.0 0.0 0.0 0.0 0.0
Where have they - buried all the principles of journalism now? Whenever the innocent blood, especially belonging to the Muslims, is spilled, the BBC gets obsessed with nonpartisanship.
where have they  buried all the principles of journalism now whenever the innocent blood especially belonging to the muslims is spilled the bbc gets obsessed with nonpartisanship
0 0 0 1 1 4 0 1 0 1 1 1 0 1 1 0 1 1 0 0 0 1 1 1 0 0 0 0 0 0 0 0 1 0 0 0 1 1 1 1 1 1 1 1 1 0 0 0 0 0 0 0 0 0 0 0 0 0 0 0 0 0 0 0 0 0 0 0 0 0 0 0 0 0 0 0 0 0 0 0 0 0 0 0 0 0 0 0 0 0 0 0 0 0 0
0.0 0.0 0.0 0.0397187663847 0.117237739036 0.0639134802105 0.0 0.286562225105 0.0 0.179658684012 0.174694636729 0.0491265911966 0.0 0.239415348223 0.0313598628134 0.0 0.143572235807 0.158533809075 0.0 0.0 0.0 0.169188700647 0.0847514760299 0.127765199045 0.0 0.0 0.0 0.0 0.0 0.0 0.0 0.0 0.0874044262573 0.0 0.0 0.0 0.0960529683189 0.273352041996 0.286562225105 0.269822035337 0.253699143809 0.265087466022 0.234562449615 0.332960853568 0.358632971366 0.0 0.0 0.0 0.0 0.0 0.0 0.0 0.0 0.0 0.0 0.0 0.0 0.0 0.0 0.0 0.0 0.0 0.0 0.0 0.0 0.0 0.0 0.0 0.0 0.0 0.0 0.0 0.0 0.0 0.0 0.0 0.0 0.0 0.0 0.0 0.0 0.0 0.0 0.0 0.0 0.0 0.0 0.0 0.0 0.0 0.0 0.0 0.0 0.0 0.0
Where have all the rules of journalism been buried? The BBC becomes biased when innocent Muslims are killed.
where have all the rules of journalism been buried the bbc becomes biased when innocent muslims are killed
0 0 0 0 1 2 0 0 1 1 0 0 0 0 1 0 1 1 0 0 0 1 1 0 0 0 0 0 0 0 0 0 0 0 0 0 0 1 1 0 0 0 0 0 0 1 1 1 1 1 1 0 0 0 0 0 0 0 0 0 0 0 0 0 0 0 0 0 0 0 0 0 0 0 0 0 0 0 0 0 0 0 0 0 0 0 0 0 0 0 0 0 0 0 0
0.0 0.0 0.0 0.0 0.175856608554 0.0479351101579 0.0 0.0 0.182287390565 0.269488026018 0.0 0.0 0.0 0.0 0.0470397942201 0.0 0.215358353711 0.237800713612 0.0 0.0 0.0 0.253783050971 0.127127214045 0.0 0.0 0.0 0.0 0.0 0.0 0.0 0.0 0.0 0.0 0.0 0.0 0.0 0.0 0.410028062994 0.429843337657 0.0 0.0 0.0 0.0 0.0 0.0 0.375851083045 0.161413535181 0.348075752404 0.41287769046 0.117541363938 0.202313652638 0.0 0.0 0.0 0.0 0.0 0.0 0.0 0.0 0.0 0.0 0.0 0.0 0.0 0.0 0.0 0.0 0.0 0.0 0.0 0.0 0.0 0.0 0.0 0.0 0.0 0.0 0.0 0.0 0.0 0.0 0.0 0.0 0.0 0.0 0.0 0.0 0.0 0.0 0.0 0.0 0.0 0.0 0.0 0.0
a3fq8i38xt2b4z
Now where are all the ideals of journalism buried? When unjustified spillage of blood especially Muslim blood occurs BBC takes a neutral position of not being a side to any party.
now where are all the ideals of journalism buried when unjustified spillage of blood especially muslim blood occurs bbc takes a neutral position of not being a side to any party
0 0 0 1 1 1 0 0 1 0 2 0 0 1 3 2 0 1 0 0 0 1 0 1 0 0 0 1 0 0 0 0 0 0 0 0 0 1 1 0 0 0 0 0 0 0 0 0 0 1 0 1 1 1 1 1 1 1 1 1 1 1 1 0 0 0 0 0 0 0 0 0 0 0 0 0 0 0 0 0 0 0 0 0 0 0 0 0 0 0 0 0 0 0 0
0.0 0.0 0.0 0.0345937642705 0.102110288838 0.0139166448845 0.0 0.0 0.105844291296 0.0 0.304306786561 0.0 0.0 0.208523045227 0.0819402867061 0.0922323999061 0.0 0.13807783371 0.0 0.0 0.0 0.147357900564 0.0 0.111279366911 0.0 0.0 0.0 0.134310687474 0.0 0.0 0.0 0.0 0.0 0.0 0.0 0.0 0.0 0.238080810771 0.249586454124 0.0 0.0 0.0 0.0 0.0 0.0 0.0 0.0 0.0 0.0 0.0682498242218 0.0 0.260440397241 0.260440397241 0.299278229638 0.243323356884 0.194178341315 0.249586454124 0.178200230436 0.0691118934914 0.118683972896 0.155966898784 0.114857981206 0.126944866672 0.0 0.0 0.0 0.0 0.0 0.0 0.0 0.0 0.0 0.0 0.0 0.0 0.0 0.0 0.0 0.0 0.0 0.0 0.0 0.0 0.0 0.0 0.0 0.0 0.0 0.0 0.0 0.0 0.0 0.0 0.0 0.0
a3sw1e5d0b9v9a
Now, where have the principles of general ism been buried,When the unrequired blood especially of the Muslims starts flowing, at that time the ghost of unbiased reporting starts riding over the BBC.
now where have the principles of general ism been buriedwhen the unrequired blood especially of the muslims starts flowing at that time the ghost of unbiased reporting starts riding over the bbc
0 0 0 0 0 5 0 1 0 0 1 0 0 1 3 0 1 1 0 0 0 1 1 1 0 0 0 0 0 0 0 0 0 0 0 0 0 0 0 0 0 0 0 0 0 0 1 0 0 0 0 0 0 0 0 0 0 0 0 0 0 0 0 1 1 1 1 2 1 1 1 1 1 1 1 1 1 0 0 0 0 0 0 0 0 0 0 0 0 0 0 0 0 0 0
0.0 0.0 0.0 0.0 0.0 0.0674087486595 0.0 0.241786877432 0.0 0.0 0.14739859974 0.0 0.0 0.202006700063 0.0793796527465 0.0 0.121139073962 0.133762901407 0.0 0.0 0.0 0.142752966171 0.0715090579002 0.107801886695 0.0 0.0 0.0 0.0 0.0 0.0 0.0 0.0 0.0 0.0 0.0 0.0 0.0 0.0 0.0 0.0 0.0 0.0 0.0 0.0 0.0 0.0 0.0907951135392 0.0 0.0 0.0 0.0 0.0 0.0 0.0 0.0 0.0 0.0 0.0 0.0 0.0 0.0 0.0 0.0 0.150970623843 0.324257418983 0.324257418983 0.30259656959 0.467866603097 0.259274870805 0.0968002645353 0.0380898737583 0.120213080287 0.280935720198 0.273962484219 0.224943236784 0.255594150941 0.117715255134 0.0 0.0 0.0 0.0 0.0 0.0 0.0 0.0 0.0 0.0 0.0 0.0 0.0 0.0 0.0 0.0 0.0 0.0
a3dd3acpmvdvca
Where have all the rules of journalism been buried? When blood, specifically of Muslims, is spilled, the monster of unbiasedness gets onto BBC's back.
where have all the rules of journalism been buried when blood specifically of muslims is spilled the monster of unbiasedness gets onto bbcs back
0 0 0 0 1 2 0 0 1 0 1 1 0 0 3 0 1 0 0 0 0 1 1 0 0 0 0 0 0 0 0 0 0 0 0 0 0 1 1 0 0 1 1 0 0 1 1 0 0 0 0 0 0 0 0 0 0 0 0 0 0 0 0 0 0 0 0 0 0 0 0 0 0 0 0 0 0 1 1 1 1 1 1 0 0 0 0 0 0 0 0 0 0 0 0
0.0 0.0 0.0 0.0 0.131892456416 0.0359513326184 0.0 0.0 0.136715542923 0.0 0.19653146632 0.0552674150962 0.0 0.0 0.105839536995 0.0 0.161518765283 0.0 0.0 0.0 0.0 0.190337288228 0.0953454105336 0.0 0.0 0.0 0.0 0.0 0.0 0.0 0.0 0.0 0.0 0.0 0.0 0.0 0.0 0.307521047246 0.322382503243 0.0 0.0 0.298223399274 0.263882755817 0.0 0.0 0.281888312284 0.121060151386 0.0 0.0 0.0 0.0 0.0 0.0 0.0 0.0 0.0 0.0 0.0 0.0 0.0 0.0 0.0 0.0 0.0 0.0 0.0 0.0 0.0 0.0 0.0 0.0 0.0 0.0 0.0 0.0 0.0 0.0 0.340792201255 0.307521047246 0.374580960264 0.322382503243 0.265371009259 0.206303641249 0.0 0.0 0.0 0.0 0.0 0.0 0.0 0.0 0.0 0.0 0.0 0.0
a1u0z1mafqeh9y
Now where are all the journalism principles. When it comes to muslims blood BBC seems to take its eyes off the reality.
now where are all the journalism principles when it comes to muslims blood bbc seems to take its eyes off the reality
0 0 0 2 1 2 0 1 1 0 1 0 0 0 0 0 1 1 0 0 0 1 0 1 0 0 0 0 0 0 0 0 0 0 0 0 0 0 1 0 0 0 0 0 0 0 0 0 0 1 0 0 0 0 0 0 0 0 0 0 0 0 0 0 0 0 0 0 0 0 0 0 0 0 0 0 0 0 0 0 0 0 0 1 1 1 1 1 1 1 1 0 0 0 0
0.0 0.0 0.0 0.0974915174897 0.143882679726 0.0392196355837 0.0 0.351690003538 0.149144228644 0.0 0.214397963259 0.0 0.0 0.0 0.0 0.0 0.1762022894 0.194564220228 0.0 0.0 0.0 0.207640678067 0.0 0.156802744283 0.0 0.0 0.0 0.0 0.0 0.0 0.0 0.0 0.0 0.0 0.0 0.0 0.0 0.0 0.351690003538 0.0 0.0 0.0 0.0 0.0 0.0 0.0 0.0 0.0 0.0 0.096170206858 0.0 0.0 0.0 0.0 0.0 0.0 0.0 0.0 0.0 0.0 0.0 0.0 0.0 0.0 0.0 0.0 0.0 0.0 0.0 0.0 0.0 0.0 0.0 0.0 0.0 0.0 0.0 0.0 0.0 0.0 0.0 0.0 0.0 0.0926767655888 0.252178348643 0.254033893849 0.175997692451 0.151384583208 0.283322849139 0.257577600279 0.255968421777 0.0 0.0 0.0 0.0
attzel5iaoiw5
Now, where are all the ideals of journalism buried? When unjustified spillage of Muslim blood occurs, BBC takes a neutral position of not being a side to any party.
now where are all the ideals of journalism buried when unjustified spillage of muslim blood occurs bbc takes a neutral position of not being a side to any party
0 0 0 1 1 1 0 0 1 0 1 0 0 0 3 2 0 1 0 0 0 1 0 1 0 0 0 1 0 0 0 0 0 0 0 0 0 1 1 0 0 0 0 0 0 0 0 0 0 1 0 1 1 1 1 1 1 1 1 1 1 1 1 0 0 0 0 0 0 0 0 0 0 0 0 0 0 0 0 0 0 0 0 0 0 0 0 0 0 0 0 0 0 0 0
0.0 0.0 0.0 0.0369795411168 0.109152377723 0.0148764134973 0.0 0.0 0.113143897592 0.0 0.162646730748 0.0 0.0 0.0 0.0875913409616 0.098593255072 0.0 0.147600442932 0.0 0.0 0.0 0.157520514395 0.0 0.118953806008 0.0 0.0 0.0 0.143573493507 0.0 0.0 0.0 0.0 0.0 0.0 0.0 0.0 0.0 0.254500177031 0.266799313029 0.0 0.0 0.0 0.0 0.0 0.0 0.0 0.0 0.0 0.0 0.0729567086509 0.0 0.278401803947 0.278401803947 0.319918107544 0.260104278048 0.207569951061 0.266799313029 0.190489901501 0.0738782309735 0.126869074475 0.166723236631 0.122779221289 0.135699685063 0.0 0.0 0.0 0.0 0.0 0.0 0.0 0.0 0.0 0.0 0.0 0.0 0.0 0.0 0.0 0.0 0.0 0.0 0.0 0.0 0.0 0.0 0.0 0.0 0.0 0.0 0.0 0.0 0.0 0.0 0.0 0.0
a291u81kgj6l9n
Where are all the ideals of journalism buried? When unjustified spillage of blood, especially Muslim blood, occurs and BBC takes a neutral position of not being a side to any party.
where are all the ideals of journalism buried when unjustified spillage of blood especially muslim blood occurs and bbc takes a neutral position of not being a side to any party
0 0 0 1 1 1 0 0 1 0 2 0 0 1 3 2 0 1 0 0 0 1 0 0 0 0 0 1 0 0 0 0 0 0 0 0 0 1 1 0 0 0 0 0 0 0 0 0 0 1 0 1 1 1 1 1 1 1 1 1 1 1 1 0 0 0 0 0 0 0 0 0 0 0 0 0 0 0 0 0 0 0 0 0 0 0 0 0 0 0 0 1 0 0 0
0.0 0.0 0.0 0.0345937642705 0.102110288838 0.0139166448845 0.0 0.0 0.105844291296 0.0 0.304306786561 0.0 0.0 0.208523045227 0.0819402867061 0.0922323999061 0.0 0.13807783371 0.0 0.0 0.0 0.147357900564 0.0 0.0 0.0 0.0 0.0 0.134310687474 0.0 0.0 0.0 0.0 0.0 0.0 0.0 0.0 0.0 0.238080810771 0.249586454124 0.0 0.0 0.0 0.0 0.0 0.0 0.0 0.0 0.0 0.0 0.0682498242218 0.0 0.260440397241 0.260440397241 0.299278229638 0.243323356884 0.194178341315 0.249586454124 0.178200230436 0.0691118934914 0.118683972896 0.155966898784 0.114857981206 0.126944866672 0.0 0.0 0.0 0.0 0.0 0.0 0.0 0.0 0.0 0.0 0.0 0.0 0.0 0.0 0.0 0.0 0.0 0.0 0.0 0.0 0.0 0.0 0.0 0.0 0.0 0.0 0.0 0.0 0.0322786086003 0.0 0.0 0.0
a2bk4fasw056jr
Now where are all the ideals of journalism buried? When unjustified bloodshed, especially of a Muslim, occurs, BBC takes a neutral position.
now where are all the ideals of journalism buried when unjustified bloodshed especially of a muslim occurs bbc takes a neutral position
0 0 0 0 1 1 0 0 1 0 0 0 0 1 2 2 0 1 0 0 0 1 0 1 0 0 0 1 0 0 0 0 0 0 0 0 0 1 1 0 0 0 0 0 0 0 0 0 0 1 0 1 1 0 1 1 1 1 0 0 0 0 0 0 0 0 0 0 0 0 0 0 0 0 0 0 0 0 0 0 0 0 0 0 0 0 0 0 0 0 0 0 1 0 0
0.0 0.0 0.0 0.0 0.143882679726 0.0196098177919 0.0 0.0 0.149144228644 0.0 0.0 0.0 0.0 0.293827927365 0.0769742087239 0.129963836231 0.0 0.194564220228 0.0 0.0 0.0 0.207640678067 0.0 0.156802744283 0.0 0.0 0.0 0.189255968714 0.0 0.0 0.0 0.0 0.0 0.0 0.0 0.0 0.0 0.335477506086 0.351690003538 0.0 0.0 0.0 0.0 0.0 0.0 0.0 0.0 0.0 0.0 0.096170206858 0.0 0.366984196112 0.366984196112 0.0 0.342864730154 0.273614935489 0.351690003538 0.251100324706 0.0 0.0 0.0 0.0 0.0 0.0 0.0 0.0 0.0 0.0 0.0 0.0 0.0 0.0 0.0 0.0 0.0 0.0 0.0 0.0 0.0 0.0 0.0 0.0 0.0 0.0 0.0 0.0 0.0 0.0 0.0 0.0 0.0 0.0 0.292927807942 0.0 0.0
a3qu3km3iywhif
Where have the principles of journalism been buried? When the blood starts flowing, especially of Muslims, the ghost of unbiased reporting starts riding over the BBC.
where have the principles of journalism been buried when the blood starts flowing especially of muslims the ghost of unbiased reporting starts riding over the bbc
0 0 0 0 0 4 0 1 1 0 1 0 0 1 3 0 1 1 0 0 0 1 1 0 0 0 0 0 0 0 0 0 0 0 0 0 0 1 1 0 0 0 0 0 0 0 1 0 0 0 0 0 0 0 0 0 0 0 0 0 0 0 0 0 0 0 0 2 1 0 0 0 1 1 1 1 1 0 0 0 0 0 0 0 0 0 0 0 0 0 0 0 0 0 0
0.0 0.0 0.0 0.0 0.0 0.0663716909878 0.0 0.297583849147 0.126198962699 0.0 0.181413661219 0.0 0.0 0.248623630847 0.0976980341495 0.0 0.149094244877 0.16463126327 0.0 0.0 0.0 0.175695958364 0.0880111481849 0.0 0.0 0.0 0.0 0.0 0.0 0.0 0.0 0.0 0.0 0.0 0.0 0.0 0.0 0.283865582073 0.297583849147 0.0 0.0 0.0 0.0 0.0 0.0 0.0 0.111747832048 0.0 0.0 0.0 0.0 0.0 0.0 0.0 0.0 0.0 0.0 0.0 0.0 0.0 0.0 0.0 0.0 0.0 0.0 0.0 0.0 0.575835819196 0.319107533299 0.0 0.0 0.0 0.345767040243 0.337184595962 0.276853214504 0.314577416543 0.144880314011 0.0 0.0 0.0 0.0 0.0 0.0 0.0 0.0 0.0 0.0 0.0 0.0 0.0 0.0 0.0 0.0 0.0 0.0
au2ar4vob7vlv
Now where have the principles of journalism been buried when the unrequired blood, especially of the Muslims, starts flowing and the ghost of unbiased reporting starts riding over the BBC?
now where have the principles of journalism been buried when the unrequired blood especially of the muslims starts flowing and the ghost of unbiased reporting starts riding over the bbc
0 0 0 0 0 5 0 1 1 0 1 0 0 1 3 0 1 1 0 0 0 1 1 1 0 0 0 0 0 0 0 0 0 0 0 0 0 1 1 0 0 0 0 0 0 0 1 0 0 0 0 0 0 0 0 0 0 0 0 0 0 0 0 0 0 0 1 2 1 0 0 0 1 1 1 1 1 0 0 0 0 0 0 0 0 0 0 0 0 0 0 1 0 0 0
0.0 0.0 0.0 0.0 0.0 0.0719026652368 0.0 0.257906002594 0.109372434339 0.0 0.157225173056 0.0 0.0 0.215473813401 0.0846716295963 0.0 0.129215012226 0.142680428167 0.0 0.0 0.0 0.152269830582 0.0762763284269 0.114988679141 0.0 0.0 0.0 0.0 0.0 0.0 0.0 0.0 0.0 0.0 0.0 0.0 0.0 0.246016837797 0.257906002594 0.0 0.0 0.0 0.0 0.0 0.0 0.0 0.0968481211085 0.0 0.0 0.0 0.0 0.0 0.0 0.0 0.0 0.0 0.0 0.0 0.0 0.0 0.0 0.0 0.0 0.0 0.0 0.0 0.32276967423 0.49905770997 0.276559862192 0.0 0.0 0.0 0.299664768211 0.292226649834 0.23993945257 0.272633761004 0.125562938809 0.0 0.0 0.0 0.0 0.0 0.0 0.0 0.0 0.0 0.0 0.0 0.0 0.0 0.0 0.0333545622203 0.0 0.0 0.0
a3bnv4r3pkyf7u
Now, where have the principles of generalism been buried, When the unrequited blood of the Muslims starts flowing, at that time the ghost of unbiased reporting starts riding over the BBC.
now where have the principles of generalism been buried when the unrequited blood of the muslims starts flowing at that time the ghost of unbiased reporting starts riding over the bbc
0 0 0 0 0 5 0 1 1 0 1 0 0 0 3 0 1 1 0 0 0 1 1 1 0 0 0 0 0 0 0 0 0 0 0 0 0 1 0 0 0 0 0 0 0 0 1 0 0 0 0 0 0 0 0 0 0 0 0 0 0 0 0 0 0 0 0 2 1 1 1 1 1 1 1 1 1 0 0 0 0 0 0 0 0 0 0 0 0 0 0 0 0 1 1
0.0 0.0 0.0 0.0 0.0 0.0695832244227 0.0 0.249586454124 0.105844291296 0.0 0.15215339328 0.0 0.0 0.0 0.0819402867061 0.0 0.125046786026 0.13807783371 0.0 0.0 0.0 0.147357900564 0.0738158017035 0.111279366911 0.0 0.0 0.0 0.0 0.0 0.0 0.0 0.0 0.0 0.0 0.0 0.0 0.0 0.238080810771 0.0 0.0 0.0 0.0 0.0 0.0 0.0 0.0 0.0937239881695 0.0 0.0 0.0 0.0 0.0 0.0 0.0 0.0 0.0 0.0 0.0 0.0 0.0 0.0 0.0 0.0 0.0 0.0 0.0 0.0 0.482959074165 0.267638576315 0.0999228537138 0.0393185793634 0.124090921587 0.289998162785 0.28279998371 0.232199470229 0.263839123552 0.121512521428 0.0 0.0 0.0 0.0 0.0 0.0 0.0 0.0 0.0 0.0 0.0 0.0 0.0 0.0 0.0 0.0 0.334717335724 0.334717335724
a6tw9zegog7ph
Where have all the rules of journalism been buried? When blood, specifically of Muslims, is spilled, the monster of unbiasedness gets onto BBC's back.
where have all the rules of journalism been buried when blood specifically of muslims is spilled the monster of unbiasedness gets onto bbcs back
0 0 0 0 1 2 0 0 1 0 1 1 0 0 3 0 1 0 0 0 0 1 1 0 0 0 0 0 0 0 0 0 0 0 0 0 0 1 1 0 0 1 1 0 0 1 1 0 0 0 0 0 0 0 0 0 0 0 0 0 0 0 0 0 0 0 0 0 0 0 0 0 0 0 0 0 0 1 1 1 1 1 1 0 0 0 0 0 0 0 0 0 0 0 0
0.0 0.0 0.0 0.0 0.131892456416 0.0359513326184 0.0 0.0 0.136715542923 0.0 0.19653146632 0.0552674150962 0.0 0.0 0.105839536995 0.0 0.161518765283 0.0 0.0 0.0 0.0 0.190337288228 0.0953454105336 0.0 0.0 0.0 0.0 0.0 0.0 0.0 0.0 0.0 0.0 0.0 0.0 0.0 0.0 0.307521047246 0.322382503243 0.0 0.0 0.298223399274 0.263882755817 0.0 0.0 0.281888312284 0.121060151386 0.0 0.0 0.0 0.0 0.0 0.0 0.0 0.0 0.0 0.0 0.0 0.0 0.0 0.0 0.0 0.0 0.0 0.0 0.0 0.0 0.0 0.0 0.0 0.0 0.0 0.0 0.0 0.0 0.0 0.0 0.340792201255 0.307521047246 0.374580960264 0.322382503243 0.265371009259 0.206303641249 0.0 0.0 0.0 0.0 0.0 0.0 0.0 0.0 0.0 0.0 0.0 0.0
aclg2ttpdpj36
Where have all the rules of journalism been buried? When blood, specifically of Muslims, is spilled, the monster of unbiasedness gets onto BBC's back.
where have all the rules of journalism been buried when blood specifically of muslims is spilled the monster of unbiasedness gets onto bbcs back
0 0 0 0 1 2 0 0 1 0 1 1 0 0 3 0 1 0 0 0 0 1 1 0 0 0 0 0 0 0 0 0 0 0 0 0 0 1 1 0 0 1 1 0 0 1 1 0 0 0 0 0 0 0 0 0 0 0 0 0 0 0 0 0 0 0 0 0 0 0 0 0 0 0 0 0 0 1 1 1 1 1 1 0 0 0 0 0 0 0 0 0 0 0 0
0.0 0.0 0.0 0.0 0.131892456416 0.0359513326184 0.0 0.0 0.136715542923 0.0 0.19653146632 0.0552674150962 0.0 0.0 0.105839536995 0.0 0.161518765283 0.0 0.0 0.0 0.0 0.190337288228 0.0953454105336 0.0 0.0 0.0 0.0 0.0 0.0 0.0 0.0 0.0 0.0 0.0 0.0 0.0 0.0 0.307521047246 0.322382503243 0.0 0.0 0.298223399274 0.263882755817 0.0 0.0 0.281888312284 0.121060151386 0.0 0.0 0.0 0.0 0.0 0.0 0.0 0.0 0.0 0.0 0.0 0.0 0.0 0.0 0.0 0.0 0.0 0.0 0.0 0.0 0.0 0.0 0.0 0.0 0.0 0.0 0.0 0.0 0.0 0.0 0.340792201255 0.307521047246 0.374580960264 0.322382503243 0.265371009259 0.206303641249 0.0 0.0 0.0 0.0 0.0 0.0 0.0 0.0 0.0 0.0 0.0 0.0
au2ar4vob7vlv
Where have all the rules of journalism been buried? When blood, specifically that of Muslims, is spilled the monster of unbiasedness gets onto the BBC's back.
where have all the rules of journalism been buried when blood specifically that of muslims is spilled the monster of unbiasedness gets onto the bbcs back
0 0 0 0 1 3 0 0 1 0 1 1 0 0 3 0 1 0 0 0 0 1 1 0 0 0 0 0 0 0 0 0 0 0 0 0 0 1 1 0 0 1 1 0 0 1 1 0 0 0 0 0 0 0 0 0 0 0 0 0 0 0 0 0 0 0 0 0 0 0 1 0 0 0 0 0 0 1 1 1 1 1 1 0 0 0 0 0 0 0 0 0 0 0 0
0.0 0.0 0.0 0.0 0.121746882845 0.0497787682409 0.0 0.0 0.126198962699 0.0 0.181413661219 0.0510160754734 0.0 0.0 0.0976980341495 0.0 0.149094244877 0.0 0.0 0.0 0.0 0.175695958364 0.0880111481849 0.0 0.0 0.0 0.0 0.0 0.0 0.0 0.0 0.0 0.0 0.0 0.0 0.0 0.0 0.283865582073 0.297583849147 0.0 0.0 0.275283137792 0.243584082293 0.0 0.0 0.260204595954 0.111747832048 0.0 0.0 0.0 0.0 0.0 0.0 0.0 0.0 0.0 0.0 0.0 0.0 0.0 0.0 0.0 0.0 0.0 0.0 0.0 0.0 0.0 0.0 0.0 0.0468798446256 0.0 0.0 0.0 0.0 0.0 0.0 0.314577416543 0.283865582073 0.345767040243 0.297583849147 0.244957854701 0.190434130383 0.0 0.0 0.0 0.0 0.0 0.0 0.0 0.0 0.0 0.0 0.0 0.0
amd40d0gc1l4r
Now where are all the journalism principles. When it comes to muslims blood BBC seems to take its eyes off the reality.
now where are all the journalism principles when it comes to muslims blood bbc seems to take its eyes off the reality
0 0 0 2 1 2 0 1 1 0 1 0 0 0 0 0 1 1 0 0 0 1 0 1 0 0 0 0 0 0 0 0 0 0 0 0 0 0 1 0 0 0 0 0 0 0 0 0 0 1 0 0 0 0 0 0 0 0 0 0 0 0 0 0 0 0 0 0 0 0 0 0 0 0 0 0 0 0 0 0 0 0 0 1 1 1 1 1 1 1 1 0 0 0 0
0.0 0.0 0.0 0.0974915174897 0.143882679726 0.0392196355837 0.0 0.351690003538 0.149144228644 0.0 0.214397963259 0.0 0.0 0.0 0.0 0.0 0.1762022894 0.194564220228 0.0 0.0 0.0 0.207640678067 0.0 0.156802744283 0.0 0.0 0.0 0.0 0.0 0.0 0.0 0.0 0.0 0.0 0.0 0.0 0.0 0.0 0.351690003538 0.0 0.0 0.0 0.0 0.0 0.0 0.0 0.0 0.0 0.0 0.096170206858 0.0 0.0 0.0 0.0 0.0 0.0 0.0 0.0 0.0 0.0 0.0 0.0 0.0 0.0 0.0 0.0 0.0 0.0 0.0 0.0 0.0 0.0 0.0 0.0 0.0 0.0 0.0 0.0 0.0 0.0 0.0 0.0 0.0 0.0926767655888 0.252178348643 0.254033893849 0.175997692451 0.151384583208 0.283322849139 0.257577600279 0.255968421777 0.0 0.0 0.0 0.0
