urd-ng-102-174502-11516146-post52__4
you are the one who planted fear of hell fire among all frightened world so much from have terrorized by fires cautioned others about like scared as preached against form make people with that yourself become face frighten in hells
You are the one who planted the fear of hell fire among all.
you are the one who planted the fear of hell fire among all
1 1 2 1 1 1 1 1 1 1 1 1 0 0 0 0 0 0 0 0 0 0 0 0 0 0 0 0 0 0 0 0 0 0 0 0 0 0 0 0
0.245101172054 0.162749580837 0.0663716909878 0.224332510862 0.22768145602 0.744853094376 0.424340384853 0.0651320227664 0.563978074594 0.392952249876 0.374998399762 0.243493765691 0.0 0.0 0.0 0.0 0.0 0.0 0.0 0.0 0.0 0.0 0.0 0.0 0.0 0.0 0.0 0.0 0.0 0.0 0.0 0.0 0.0 0.0 0.0 0.0 0.0 0.0 0.0 0.0
You frightened the world so much from the hell fire
you frightened the world so much from the hell fire
1 0 2 0 0 0 0 0 1 1 0 0 1 1 1 1 1 0 0 0 0 0 0 0 0 0 0 0 0 0 0 0 0 0 0 0 0 0 0 0
0.31863152367 0.0 0.0862831982842 0.0 0.0 0.0 0.0 0.0 0.733171496973 0.510837924839 0.0 0.0 0.817901283011 0.337864142447 0.355731334217 0.486684907082 0.237454742935 0.0 0.0 0.0 0.0 0.0 0.0 0.0 0.0 0.0 0.0 0.0 0.0 0.0 0.0 0.0 0.0 0.0 0.0 0.0 0.0 0.0 0.0 0.0
You have so terrorized the world by the fires of hell
you have so terrorized the world by the fires of hell
1 0 2 0 0 0 0 1 1 0 0 0 0 1 1 0 0 1 1 1 1 0 0 0 0 0 0 0 0 0 0 0 0 0 0 0 0 0 0 0
0.289665021519 0.0 0.0784392711674 0.0 0.0 0.0 0.0 0.0769742087239 0.666519542702 0.0 0.0 0.0 0.0 0.307149220406 0.323392122016 0.0 0.0 0.208026350255 0.880280929717 0.226651641468 0.766393387127 0.0 0.0 0.0 0.0 0.0 0.0 0.0 0.0 0.0 0.0 0.0 0.0 0.0 0.0 0.0 0.0 0.0 0.0 0.0
You have cautioned others about hell fire.
you have cautioned others about hell fire
1 0 0 0 0 0 0 0 1 1 0 0 0 0 0 0 0 1 0 0 0 1 1 1 0 0 0 0 0 0 0 0 0 0 0 0 0 0 0 0
0.455187890958 0.0 0.0 0.0 0.0 0.0 0.0 0.0 1.04738785282 0.729768464055 0.0 0.0 0.0 0.0 0.0 0.0 0.0 0.326898550401 0.0 0.0 0.0 1.38329860384 0.816114044763 0.45052448409 0.0 0.0 0.0 0.0 0.0 0.0 0.0 0.0 0.0 0.0 0.0 0.0 0.0 0.0 0.0 0.0
a1wyssw33m2fz2
Like you have scared the world from the fire of hell,
like you have scared the world from the fire of hell
1 0 2 0 0 0 0 1 1 1 0 0 0 1 0 0 1 1 0 0 0 0 0 0 1 1 0 0 0 0 0 0 0 0 0 0 0 0 0 0
0.289665021519 0.0 0.0784392711674 0.0 0.0 0.0 0.0 0.0769742087239 0.666519542702 0.46439811349 0.0 0.0 0.0 0.307149220406 0.0 0.0 0.215867948123 0.208026350255 0.0 0.0 0.0 0.0 0.0 0.0 0.346708483069 0.717393705242 0.0 0.0 0.0 0.0 0.0 0.0 0.0 0.0 0.0 0.0 0.0 0.0 0.0 0.0
a3dd3acpmvdvca
As you have preached against the fire of Hell
as you have preached against the fire of hell
1 0 1 0 0 0 0 1 1 1 0 0 0 0 0 0 0 1 0 0 0 0 0 0 0 0 1 1 1 0 0 0 0 0 0 0 0 0 0 0
0.3540350263 0.0 0.0479351101579 0.0 0.0 0.0 0.0 0.0940795884403 0.814634996636 0.567597694265 0.0 0.0 0.0 0.0 0.0 0.0 0.0 0.25425442809 0.0 0.0 0.0 0.0 0.0 0.0 0.0 0.0 0.294251318372 0.97408883278 0.355383887917 0.0 0.0 0.0 0.0 0.0 0.0 0.0 0.0 0.0 0.0 0.0
a353ocl6lm6m4o
You frightened the world form fire of Hell.
you frightened the world form fire of hell
1 0 1 0 0 0 0 1 1 1 0 0 1 1 0 0 0 0 0 0 0 0 0 0 0 0 0 0 0 1 0 0 0 0 0 0 0 0 0 0
0.398289404588 0.0 0.0539269989276 0.0 0.0 0.0 0.0 0.105839536995 0.916464371216 0.638547406048 0.0 0.0 1.02237660376 0.422330178058 0.0 0.0 0.0 0.0 0.0 0.0 0.0 0.0 0.0 0.0 0.0 0.0 0.0 0.0 0.0 0.703913159886 0.0 0.0 0.0 0.0 0.0 0.0 0.0 0.0 0.0 0.0
alrghxunh1uv7
you make the people scared from the Fire of the hell.
you make the people scared from the fire of the hell
1 0 3 0 0 0 0 1 1 1 0 0 0 0 0 0 1 0 0 0 0 0 0 0 0 1 0 0 0 0 1 1 0 0 0 0 0 0 0 0
0.289665021519 0.0 0.117658906751 0.0 0.0 0.0 0.0 0.0769742087239 0.666519542702 0.46439811349 0.0 0.0 0.0 0.0 0.0 0.0 0.215867948123 0.0 0.0 0.0 0.0 0.0 0.0 0.0 0.0 0.717393705242 0.0 0.0 0.0 0.0 0.418053189475 0.248563000416 0.0 0.0 0.0 0.0 0.0 0.0 0.0 0.0
au2ar4vob7vlv
You have scared the world with the fire of hell.
you have scared the world with the fire of hell
1 0 2 0 0 0 0 1 1 1 0 0 0 1 0 0 0 1 0 0 0 0 0 0 0 1 0 0 0 0 0 0 1 0 0 0 0 0 0 0
0.31863152367 0.0 0.0862831982842 0.0 0.0 0.0 0.0 0.0846716295963 0.733171496973 0.510837924839 0.0 0.0 0.0 0.337864142447 0.0 0.0 0.0 0.228828985281 0.0 0.0 0.0 0.0 0.0 0.0 0.0 0.789133075766 0.0 0.0 0.0 0.0 0.0 0.0 0.235991950895 0.0 0.0 0.0 0.0 0.0 0.0 0.0
a1e4smxrh1paux
Like you have scared the world from the fire of hell!
like you have scared the world from the fire of hell
1 0 2 0 0 0 0 1 1 1 0 0 0 1 0 0 1 1 0 0 0 0 0 0 1 1 0 0 0 0 0 0 0 0 0 0 0 0 0 0
0.289665021519 0.0 0.0784392711674 0.0 0.0 0.0 0.0 0.0769742087239 0.666519542702 0.46439811349 0.0 0.0 0.0 0.307149220406 0.0 0.0 0.215867948123 0.208026350255 0.0 0.0 0.0 0.0 0.0 0.0 0.346708483069 0.717393705242 0.0 0.0 0.0 0.0 0.0 0.0 0.0 0.0 0.0 0.0 0.0 0.0 0.0 0.0
al2rcq9eyun61
As you have frightened the world of the fires of hell,
as you have frightened the world of the fires of hell
1 0 2 0 0 0 0 2 1 0 0 0 1 1 0 0 0 1 0 0 1 0 0 0 0 0 1 0 0 0 0 0 0 0 0 0 0 0 0 0
0.289665021519 0.0 0.0784392711674 0.0 0.0 0.0 0.0 0.153948417448 0.666519542702 0.0 0.0 0.0 0.743546620919 0.307149220406 0.0 0.0 0.0 0.208026350255 0.0 0.0 0.766393387127 0.0 0.0 0.0 0.0 0.0 0.240751078668 0.0 0.0 0.0 0.0 0.0 0.0 0.0 0.0 0.0 0.0 0.0 0.0 0.0
a3kzqwp0byzppp
As you have preached against the fire of Hell
as you have preached against the fire of hell
1 0 1 0 0 0 0 1 1 1 0 0 0 0 0 0 0 1 0 0 0 0 0 0 0 0 1 1 1 0 0 0 0 0 0 0 0 0 0 0
0.3540350263 0.0 0.0479351101579 0.0 0.0 0.0 0.0 0.0940795884403 0.814634996636 0.567597694265 0.0 0.0 0.0 0.0 0.0 0.0 0.0 0.25425442809 0.0 0.0 0.0 0.0 0.0 0.0 0.0 0.0 0.294251318372 0.97408883278 0.355383887917 0.0 0.0 0.0 0.0 0.0 0.0 0.0 0.0 0.0 0.0 0.0
acjl95je4qgk4
As you have preached against the fire of Hell
as you have preached against the fire of hell
1 0 1 0 0 0 0 1 1 1 0 0 0 0 0 0 0 1 0 0 0 0 0 0 0 0 1 1 1 0 0 0 0 0 0 0 0 0 0 0
0.3540350263 0.0 0.0479351101579 0.0 0.0 0.0 0.0 0.0940795884403 0.814634996636 0.567597694265 0.0 0.0 0.0 0.0 0.0 0.0 0.0 0.25425442809 0.0 0.0 0.0 0.0 0.0 0.0 0.0 0.0 0.294251318372 0.97408883278 0.355383887917 0.0 0.0 0.0 0.0 0.0 0.0 0.0 0.0 0.0 0.0 0.0
a6tw9zegog7ph
As you have preached against the fire of Hell that you have yourself become the face of fear.
as you have preached against the fire of hell that you have yourself become the face of fear
2 0 2 0 0 0 1 2 1 1 0 0 0 0 0 0 0 2 0 0 0 0 0 0 0 0 1 1 1 0 0 0 0 1 1 1 1 0 0 0
0.3540350263 0.0 0.0479351101579 0.0 0.0 0.0 0.306468055727 0.0940795884403 0.407317498318 0.283798847133 0.0 0.0 0.0 0.0 0.0 0.0 0.0 0.25425442809 0.0 0.0 0.0 0.0 0.0 0.0 0.0 0.0 0.147125659186 0.48704441639 0.177691943959 0.0 0.0 0.0 0.0 0.0677153311258 0.39133516096 0.235233333437 0.267744963653 0.0 0.0 0.0
a6tw9zegog7ph
You frightened the world with the fire of Hell.
you frightened the world with the fire of hell
1 0 2 0 0 0 0 1 1 1 0 0 1 1 0 0 0 0 0 0 0 0 0 0 0 0 0 0 0 0 0 0 1 0 0 0 0 0 0 0
0.3540350263 0.0 0.0958702203157 0.0 0.0 0.0 0.0 0.0940795884403 0.814634996636 0.567597694265 0.0 0.0 0.908779203346 0.375404602719 0.0 0.0 0.0 0.0 0.0 0.0 0.0 0.0 0.0 0.0 0.0 0.0 0.0 0.0 0.0 0.0 0.0 0.0 0.262213278772 0.0 0.0 0.0 0.0 0.0 0.0 0.0
a3lhs82826iskx
You frighten the world with the fires of Hell.
you frighten the world with the fires of hell
1 0 2 0 0 0 0 1 1 0 0 0 0 1 0 0 0 0 0 0 1 0 0 0 0 0 0 0 0 0 0 0 1 0 0 0 0 1 0 0
0.3540350263 0.0 0.0958702203157 0.0 0.0 0.0 0.0 0.0940795884403 0.814634996636 0.0 0.0 0.0 0.0 0.375404602719 0.0 0.0 0.0 0.0 0.0 0.0 0.936703028711 0.0 0.0 0.0 0.0 0.0 0.0 0.0 0.0 0.0 0.0 0.0 0.262213278772 0.0 0.0 0.0 0.0 0.97408883278 0.0 0.0
a2rcbwy8ulhnj0
You frightened the world in the form of fire of Hell.
you frightened the world in the form of fire of hell
1 0 2 0 0 0 0 2 1 1 0 0 1 1 0 0 0 0 0 0 0 0 0 0 0 0 0 0 0 1 0 0 0 0 0 0 0 0 1 0
0.289665021519 0.0 0.0784392711674 0.0 0.0 0.0 0.0 0.153948417448 0.666519542702 0.46439811349 0.0 0.0 0.743546620919 0.307149220406 0.0 0.0 0.0 0.0 0.0 0.0 0.0 0.0 0.0 0.0 0.0 0.0 0.0 0.0 0.0 0.511936843553 0.0 0.0 0.0 0.0 0.0 0.0 0.0 0.0 0.0928040694341 0.0
a1mmshjhu659at
You make people fear the Hell's fire.
you make people fear the hells fire
1 0 1 0 0 0 1 0 0 1 0 0 0 0 0 0 0 0 0 0 0 0 0 0 0 0 0 0 0 0 1 1 0 0 0 0 0 0 0 1
0.455187890958 0.0 0.0616308559173 0.0 0.0 0.0 0.788060714727 0.0 0.0 0.729768464055 0.0 0.0 0.0 0.0 0.0 0.0 0.0 0.0 0.0 0.0 0.0 0.0 0.0 0.0 0.0 0.0 0.0 0.0 0.0 0.0 0.656940726318 0.390599000654 0.0 0.0 0.0 0.0 0.0 0.0 0.0 1.48231962964
