bbc_urd_20090110.0010__5
however peta a group working for animal protection demanded the release of lobster and now as result it will be returned to sea safety called freeing because which put back into ocean but an rights lobsters obtained water off coast maine although released in preservation that they was all organization releasing pita he has been again supporting so this led being eventually resulted their those people ethical treatment animals complied with request organizations them is
However, "PETA," a group working for animal protection, demanded the release of the lobster and now, as a result, it will be returned to the sea.
however peta a group working for animal protection demanded the release of the lobster and now as a result it will be returned to the sea
1 1 2 1 1 1 1 1 1 3 1 1 1 1 1 1 1 1 1 1 1 1 1 0 0 0 0 0 0 0 0 0 0 0 0 0 0 0 0 0 0 0 0 0 0 0 0 0 0 0 0 0 0 0 0 0 0 0 0 0 0 0 0 0 0 0 0 0 0 0 0 0 0 0 0
0.166768565237 0.268270770223 0.109969399888 0.169031661392 0.206369312052 0.0742267675771 0.255329530353 0.252675958372 0.234068383319 0.0497787682409 0.251003454067 0.0325660113832 0.227320357261 0.0384860333311 0.132679245163 0.10185622559 0.194167739948 0.078418801652 0.0856620592076 0.0832076085682 0.260204595954 0.0412464112456 0.236235803956 0.0 0.0 0.0 0.0 0.0 0.0 0.0 0.0 0.0 0.0 0.0 0.0 0.0 0.0 0.0 0.0 0.0 0.0 0.0 0.0 0.0 0.0 0.0 0.0 0.0 0.0 0.0 0.0 0.0 0.0 0.0 0.0 0.0 0.0 0.0 0.0 0.0 0.0 0.0 0.0 0.0 0.0 0.0 0.0 0.0 0.0 0.0 0.0 0.0 0.0 0.0 0.0
However, a group working for the animal safety called "PETA" demanded freeing the lobster, because of which it will be put back into the ocean.
however a group working for the animal safety called peta demanded freeing the lobster because of which it will be put back into the ocean
1 1 1 1 1 1 1 0 1 3 0 1 1 0 0 0 0 1 1 1 0 0 0 1 1 1 1 1 1 1 1 1 0 0 0 0 0 0 0 0 0 0 0 0 0 0 0 0 0 0 0 0 0 0 0 0 0 0 0 0 0 0 0 0 0 0 0 0 0 0 0 0 0 0 0
0.173439307847 0.279001601032 0.0571840879418 0.175792927848 0.214624084534 0.0771958382802 0.265542711567 0.0 0.243431118652 0.0517699189705 0.0 0.0338686518385 0.236413171552 0.0 0.0 0.0 0.0 0.0815555537181 0.0890885415759 0.0865359129109 0.0 0.0 0.0 0.260201455862 0.193242398519 0.350671979801 0.157989958 0.120215089637 0.208003506995 0.198051495599 0.183451089462 0.343379117529 0.0 0.0 0.0 0.0 0.0 0.0 0.0 0.0 0.0 0.0 0.0 0.0 0.0 0.0 0.0 0.0 0.0 0.0 0.0 0.0 0.0 0.0 0.0 0.0 0.0 0.0 0.0 0.0 0.0 0.0 0.0 0.0 0.0 0.0 0.0 0.0 0.0 0.0 0.0 0.0 0.0 0.0 0.0
But an animal rights group Peta demanded the lobster's release and as a result, it will be returned to the ocean.
but an animal rights group peta demanded the lobsters release and as a result it will be returned to the ocean
0 1 1 1 0 0 1 0 1 2 1 0 0 1 0 1 1 1 1 1 1 1 0 0 0 0 0 0 0 0 0 1 1 1 1 1 0 0 0 0 0 0 0 0 0 0 0 0 0 0 0 0 0 0 0 0 0 0 0 0 0 0 0 0 0 0 0 0 0 0 0 0 0 0 0
0.0 0.332144763133 0.0680762951688 0.209277295057 0.0 0.0 0.316122275675 0.0 0.289798950776 0.0410872372782 0.310766181226 0.0 0.0 0.0476493746004 0.0 0.126107707874 0.240398154222 0.0970899449025 0.10605778759 0.103018943942 0.322158071181 0.0510669853517 0.0 0.0 0.0 0.0 0.0 0.0 0.0 0.0 0.0 0.408784663725 0.125982063876 0.139702127841 0.227691715612 0.375777655127 0.0 0.0 0.0 0.0 0.0 0.0 0.0 0.0 0.0 0.0 0.0 0.0 0.0 0.0 0.0 0.0 0.0 0.0 0.0 0.0 0.0 0.0 0.0 0.0 0.0 0.0 0.0 0.0 0.0 0.0 0.0 0.0 0.0 0.0 0.0 0.0 0.0 0.0 0.0
But the animal rights group PETA obtained the lobster's release and will now put it back into the water off the coast of Maine.
but the animal rights group peta obtained the lobsters release and will now put it back into the water off the coast of maine
0 1 0 1 0 0 1 0 0 4 1 1 0 1 1 0 0 1 1 0 0 0 0 0 0 0 0 0 1 1 1 0 1 0 1 1 1 1 1 1 1 0 0 0 0 0 0 0 0 0 0 0 0 0 0 0 0 0 0 0 0 0 0 0 0 0 0 0 0 0 0 0 0 0 0
0.0 0.290626667741 0.0 0.183117633175 0.0 0.0 0.276606991215 0.0 0.0 0.0719026652368 0.271920408572 0.0352798456651 0.0 0.0416932027753 0.143735848926 0.0 0.0 0.0849537017897 0.0928005641416 0.0 0.0 0.0 0.0 0.0 0.0 0.0 0.0 0.0 0.216670319787 0.206303641249 0.191094884856 0.0 0.110234305891 0.0 0.19923025116 0.328805448236 0.305488123739 0.292039232394 0.236112800256 0.314292669308 0.43234322531 0.0 0.0 0.0 0.0 0.0 0.0 0.0 0.0 0.0 0.0 0.0 0.0 0.0 0.0 0.0 0.0 0.0 0.0 0.0 0.0 0.0 0.0 0.0 0.0 0.0 0.0 0.0 0.0 0.0 0.0 0.0 0.0 0.0 0.0
a1wyssw33m2fz2
Although, "PETA" a group working for animal rights demanded to release the lobster. As a result of which it will be released in the Sea.
although peta a group working for animal rights demanded to release the lobster as a result of which it will be released in the sea
0 1 2 1 1 1 1 0 1 2 1 1 1 0 0 1 1 1 1 1 0 1 1 0 0 0 0 1 0 0 0 0 0 0 1 0 0 0 0 0 0 1 1 1 0 0 0 0 0 0 0 0 0 0 0 0 0 0 0 0 0 0 0 0 0 0 0 0 0 0 0 0 0 0 0
0.0 0.279001601032 0.114368175884 0.175792927848 0.214624084534 0.0771958382802 0.265542711567 0.0 0.243431118652 0.0345132793137 0.26104359223 0.0338686518385 0.236413171552 0.0 0.0 0.105930474614 0.201934449546 0.0815555537181 0.0890885415759 0.0865359129109 0.0 0.0428962676955 0.245685236114 0.0 0.0 0.0 0.0 0.120215089637 0.0 0.0 0.0 0.0 0.0 0.0 0.191261041114 0.0 0.0 0.0 0.0 0.0 0.0 0.208458057341 0.26104359223 0.040833790551 0.0 0.0 0.0 0.0 0.0 0.0 0.0 0.0 0.0 0.0 0.0 0.0 0.0 0.0 0.0 0.0 0.0 0.0 0.0 0.0 0.0 0.0 0.0 0.0 0.0 0.0 0.0 0.0 0.0 0.0 0.0
a3dd3acpmvdvca
However an animal preservation group, PETA, demanded that they release the lobster, because of which it was released back into the sea.
however an animal preservation group peta demanded that they release the lobster because of which it was released back into the sea
1 1 0 1 0 0 1 0 1 2 1 1 1 0 0 0 0 1 0 0 0 0 1 0 0 0 1 1 0 1 1 0 0 1 0 0 0 0 0 0 0 0 1 0 1 1 1 1 0 0 0 0 0 0 0 0 0 0 0 0 0 0 0 0 0 0 0 0 0 0 0 0 0 0 0
0.197090122553 0.317047273899 0.0 0.199764690736 0.0 0.0 0.301753081326 0.0 0.276626271196 0.0392196355837 0.296640445715 0.0384871043619 0.268651331309 0.0 0.0 0.0 0.0 0.0926767655888 0.0 0.0 0.0 0.0 0.279187768311 0.0 0.0 0.0 0.179534043181 0.136608056405 0.0 0.225058517726 0.208467147116 0.0 0.0 0.133352031121 0.0 0.0 0.0 0.0 0.0 0.0 0.0 0.0 0.296640445715 0.0 0.421710232672 0.0554034527393 0.117883188391 0.0991445325707 0.0 0.0 0.0 0.0 0.0 0.0 0.0 0.0 0.0 0.0 0.0 0.0 0.0 0.0 0.0 0.0 0.0 0.0 0.0 0.0 0.0 0.0 0.0 0.0 0.0 0.0 0.0
alzgu09bjzsiw
working for All Animal protection Organization PETA demanded to release Lobster which result in releasing the lobster in sea
working for all animal protection organization peta demanded to release lobster which result in releasing the lobster in sea
0 1 0 0 1 1 1 1 1 1 1 0 2 0 0 0 1 0 0 0 0 1 1 0 0 0 0 1 0 0 0 0 0 0 0 0 0 0 0 0 0 0 0 2 0 0 0 0 1 1 1 0 0 0 0 0 0 0 0 0 0 0 0 0 0 0 0 0 0 0 0 0 0 0 0
0.0 0.367107369778 0.0 0.0 0.282400111229 0.101573471421 0.349398304693 0.345767100931 0.32030410349 0.0227061048116 0.343478410828 0.0 0.622139925136 0.0 0.0 0.0 0.265703223087 0.0 0.0 0.0 0.0 0.056442457494 0.323270047519 0.0 0.0 0.0 0.0 0.158177749522 0.0 0.0 0.0 0.0 0.0 0.0 0.0 0.0 0.0 0.0 0.0 0.0 0.0 0.0 0.0 0.107457343555 0.0 0.0 0.0 0.0 0.166600997578 0.25406112224 0.451814628327 0.0 0.0 0.0 0.0 0.0 0.0 0.0 0.0 0.0 0.0 0.0 0.0 0.0 0.0 0.0 0.0 0.0 0.0 0.0 0.0 0.0 0.0 0.0 0.0
a3u16uhguaktzs
But a group for animal rights, "Pita", demanded the lobster's release and now he has been released in the sea again.
but a group for animal rights pita demanded the lobsters release and now he has been released in the sea again
0 0 1 1 0 1 1 0 1 2 1 0 0 1 1 0 0 0 0 0 0 0 1 0 0 0 0 0 0 0 0 0 1 0 1 1 0 0 0 0 0 0 1 1 0 0 0 0 0 0 0 1 1 1 1 1 0 0 0 0 0 0 0 0 0 0 0 0 0 0 0 0 0 0 0
0.0 0.0 0.0680762951688 0.209277295057 0.0 0.0918998074765 0.316122275675 0.0 0.289798950776 0.0410872372782 0.310766181226 0.0 0.0 0.0476493746004 0.16426954163 0.0 0.0 0.0 0.0 0.0 0.0 0.0 0.292482423945 0.0 0.0 0.0 0.0 0.0 0.0 0.0 0.0 0.0 0.125982063876 0.0 0.227691715612 0.375777655127 0.0 0.0 0.0 0.0 0.0 0.0 0.310766181226 0.0486116554178 0.0 0.0 0.0 0.0 0.0 0.0 0.0 0.461099534614 0.112692478557 0.0975251388429 0.138354458726 0.243502248502 0.0 0.0 0.0 0.0 0.0 0.0 0.0 0.0 0.0 0.0 0.0 0.0 0.0 0.0 0.0 0.0 0.0 0.0 0.0
a17ezclrdz3xmg
However, PETA (a organization supporting animal rights) demanded to release the lobster. As a result, it will be released in the sea.
however peta a organization supporting animal rights demanded to release the lobster as a result it will be released in the sea
1 1 2 0 0 0 1 0 1 2 1 0 1 0 0 1 1 1 1 1 0 1 1 0 0 0 0 0 0 0 0 0 0 0 1 0 0 0 0 0 0 0 1 1 0 0 0 0 0 1 0 0 0 0 0 0 1 0 0 0 0 0 0 0 0 0 0 0 0 0 0 0 0 0 0
0.197090122553 0.317047273899 0.129963836231 0.0 0.0 0.0 0.301753081326 0.0 0.276626271196 0.0392196355837 0.296640445715 0.0 0.268651331309 0.0 0.0 0.120375539334 0.229470965394 0.0926767655888 0.101236979064 0.0983362646715 0.0 0.0487457587448 0.279187768311 0.0 0.0 0.0 0.0 0.0 0.0 0.0 0.0 0.0 0.0 0.0 0.217342092175 0.0 0.0 0.0 0.0 0.0 0.0 0.0 0.296640445715 0.046402034717 0.0 0.0 0.0 0.0 0.0 0.219416423752 0.0 0.0 0.0 0.0 0.0 0.0 0.292927807942 0.0 0.0 0.0 0.0 0.0 0.0 0.0 0.0 0.0 0.0 0.0 0.0 0.0 0.0 0.0 0.0 0.0 0.0
a2rcbwy8ulhnj0
Although PETA, a group working for animal rights, demanded to release the lobster. As a result, it will be released in the sea.
although peta a group working for animal rights demanded to release the lobster as a result it will be released in the sea
0 1 2 1 1 1 1 0 1 2 1 0 1 0 0 1 1 1 1 1 0 1 1 0 0 0 0 0 0 0 0 0 0 0 1 0 0 0 0 0 0 1 1 1 0 0 0 0 0 0 0 0 0 0 0 0 0 0 0 0 0 0 0 0 0 0 0 0 0 0 0 0 0 0 0
0.0 0.303262609817 0.124313234656 0.1910792694 0.233287048407 0.0839085198698 0.288633382138 0.0 0.264599042013 0.0375144340366 0.283743035032 0.0 0.256970838643 0.0 0.0 0.115141820232 0.219493966898 0.0886473409979 0.0968353712782 0.0940607749032 0.0 0.0466263779298 0.267049169689 0.0 0.0 0.0 0.0 0.0 0.0 0.0 0.0 0.0 0.0 0.0 0.207892435993 0.0 0.0 0.0 0.0 0.0 0.0 0.226584844936 0.283743035032 0.0443845549467 0.0 0.0 0.0 0.0 0.0 0.0 0.0 0.0 0.0 0.0 0.0 0.0 0.0 0.0 0.0 0.0 0.0 0.0 0.0 0.0 0.0 0.0 0.0 0.0 0.0 0.0 0.0 0.0 0.0 0.0 0.0
a1dndzlo2d5d48
"PETA", a group working for animal rights, demanded the release of the lobster. As a result, it will be released back into the sea.
peta a group working for animal rights demanded the release of the lobster as a result it will be released back into the sea
0 1 2 1 1 1 1 0 1 3 1 1 1 0 0 1 1 1 1 1 0 0 1 0 0 0 0 0 0 1 1 0 0 0 1 0 0 0 0 0 0 0 1 0 0 0 0 0 0 0 0 0 0 0 0 0 0 0 0 0 0 0 0 0 0 0 0 0 0 0 0 0 0 0 0
0.0 0.290626667741 0.119133516545 0.183117633175 0.223566754723 0.0804123315419 0.276606991215 0.0 0.253574081929 0.0539269989276 0.271920408572 0.0352798456651 0.246263720366 0.0 0.0 0.110344244389 0.210348384944 0.0849537017897 0.0928005641416 0.0901415759489 0.0 0.0 0.255922120952 0.0 0.0 0.0 0.0 0.0 0.0 0.206303641249 0.191094884856 0.0 0.0 0.0 0.19923025116 0.0 0.0 0.0 0.0 0.0 0.0 0.0 0.271920408572 0.0 0.0 0.0 0.0 0.0 0.0 0.0 0.0 0.0 0.0 0.0 0.0 0.0 0.0 0.0 0.0 0.0 0.0 0.0 0.0 0.0 0.0 0.0 0.0 0.0 0.0 0.0 0.0 0.0 0.0 0.0 0.0
a330jjzgjl7ig2
However, an animal preservation group, PETA, demanded that they release the lobster, and so it was released back into the sea.
however an animal preservation group peta demanded that they release the lobster and so it was released back into the sea
1 1 0 1 0 0 1 0 1 2 1 0 1 1 0 0 0 1 0 0 0 0 1 0 0 0 0 0 0 1 1 0 0 1 0 0 0 0 0 0 0 0 1 0 1 1 1 1 0 0 0 0 0 0 0 0 0 1 0 0 0 0 0 0 0 0 0 0 0 0 0 0 0 0 0
0.206475366484 0.332144763133 0.0 0.209277295057 0.0 0.0 0.316122275675 0.0 0.289798950776 0.0410872372782 0.310766181226 0.0 0.281444251847 0.0476493746004 0.0 0.0 0.0 0.0970899449025 0.0 0.0 0.0 0.0 0.292482423945 0.0 0.0 0.0 0.0 0.0 0.0 0.235775589998 0.218394154122 0.0 0.0 0.139702127841 0.0 0.0 0.0 0.0 0.0 0.0 0.0 0.0 0.310766181226 0.0 0.441791672323 0.0580417123936 0.123496673553 0.103865700788 0.0 0.0 0.0 0.0 0.0 0.0 0.0 0.0 0.0 0.169395873437 0.0 0.0 0.0 0.0 0.0 0.0 0.0 0.0 0.0 0.0 0.0 0.0 0.0 0.0 0.0 0.0 0.0
a2nrt6osd133jj
However, an animal preservation group called PETA demanded that they release the lobster. This led to it being released back into the sea.
however an animal preservation group called peta demanded that they release the lobster this led to it being released back into the sea
1 1 0 1 0 0 1 0 1 2 1 0 1 0 0 0 0 1 0 0 0 1 1 0 1 0 0 0 0 1 1 0 0 1 0 0 0 0 0 0 0 0 1 0 1 1 1 0 0 0 0 0 0 0 0 0 0 0 1 1 1 0 0 0 0 0 0 0 0 0 0 0 0 0 0
0.18852098679 0.303262609817 0.0 0.1910792694 0.0 0.0 0.288633382138 0.0 0.264599042013 0.0375144340366 0.283743035032 0.0 0.256970838643 0.0 0.0 0.0 0.0 0.0886473409979 0.0 0.0 0.0 0.0466263779298 0.267049169689 0.0 0.210046085347 0.0 0.0 0.0 0.0 0.215273364781 0.199403358111 0.0 0.0 0.127554116724 0.0 0.0 0.0 0.0 0.0 0.0 0.0 0.0 0.283743035032 0.0 0.403375005164 0.052994606968 0.112757832374 0.0 0.0 0.0 0.0 0.0 0.0 0.0 0.0 0.0 0.0 0.0 0.0753145812683 0.307843501802 0.159965354773 0.0 0.0 0.0 0.0 0.0 0.0 0.0 0.0 0.0 0.0 0.0 0.0 0.0 0.0
a143awku99stc9
But the animal rights group, PETA, demanded they release the lobster. The lobster was eventually returned to the sea.
but the animal rights group peta demanded they release the lobster the lobster was eventually returned to the sea
0 1 0 1 0 0 1 0 1 4 1 0 2 0 0 0 0 0 0 0 1 1 1 0 0 0 0 0 0 0 0 0 1 0 1 0 0 0 0 0 0 0 0 0 0 0 1 1 0 0 0 0 0 0 0 0 0 0 0 0 0 1 0 0 0 0 0 0 0 0 0 0 0 0 0
0.0 0.367107369778 0.0 0.23130648401 0.0 0.0 0.349398304693 0.0 0.32030410349 0.0908244192465 0.343478410828 0.0 0.622139925136 0.0 0.0 0.0 0.0 0.0 0.0 0.0 0.356069447095 0.056442457494 0.323270047519 0.0 0.0 0.0 0.0 0.0 0.0 0.0 0.0 0.0 0.139243333757 0.0 0.251659264624 0.0 0.0 0.0 0.0 0.0 0.0 0.0 0.0 0.0 0.0 0.0 0.136496323401 0.11479893245 0.0 0.0 0.0 0.0 0.0 0.0 0.0 0.0 0.0 0.0 0.0 0.0 0.0 0.411120423684 0.0 0.0 0.0 0.0 0.0 0.0 0.0 0.0 0.0 0.0 0.0 0.0 0.0
a2u70ov2bw11tg
Working for All Animal Protection Organization, PETA demanded the release of the lobster, which resulted in their being released into the sea.
working for all animal protection organization peta demanded the release of the lobster which resulted in their being released into the sea
0 1 0 0 1 1 1 1 1 3 1 1 1 0 0 0 0 0 0 0 0 0 1 0 0 0 0 1 0 0 1 0 0 0 0 0 0 0 0 0 0 0 1 1 0 0 0 0 1 1 0 0 0 0 0 0 0 0 0 0 1 0 1 1 0 0 0 0 0 0 0 0 0 0 0
0.0 0.317047273899 0.0 0.0 0.243891005152 0.0877225435003 0.301753081326 0.298617041713 0.276626271196 0.0588294533756 0.296640445715 0.0384871043619 0.268651331309 0.0 0.0 0.0 0.0 0.0 0.0 0.0 0.0 0.0 0.279187768311 0.0 0.0 0.0 0.0 0.136608056405 0.0 0.0 0.208467147116 0.0 0.0 0.0 0.0 0.0 0.0 0.0 0.0 0.0 0.0 0.0 0.296640445715 0.046402034717 0.0 0.0 0.0 0.0 0.143882679726 0.219416423752 0.0 0.0 0.0 0.0 0.0 0.0 0.0 0.0 0.0 0.0 0.167236507263 0.0 0.310040424816 0.135954840199 0.0 0.0 0.0 0.0 0.0 0.0 0.0 0.0 0.0 0.0 0.0
a1fnqhv04k4cvd
Those working for the animal protection organization PETA (People for the Ethical Treatment of Animals) demanded they release the lobsters back into the sea. They complied with this request.
those working for the animal protection organization peta people for the ethical treatment of animals demanded they release the lobsters back into the sea they complied with this request
0 1 0 0 1 2 1 1 1 4 1 1 0 0 0 0 0 0 0 0 0 0 1 0 0 0 0 0 0 1 1 0 0 0 0 1 0 0 0 0 0 0 0 0 0 0 2 0 0 1 0 0 0 0 0 0 0 0 1 0 0 0 0 0 1 1 1 1 1 1 1 1 0 0 0
0.0 0.240518621579 0.0 0.0 0.185020762529 0.133096272897 0.228916130661 0.226537066127 0.209854412631 0.0595056539891 0.225037579508 0.0291971136539 0.0 0.0 0.0 0.0 0.0 0.0 0.0 0.0 0.0 0.0 0.21179761734 0.0 0.0 0.0 0.0 0.0 0.0 0.17073404793 0.158147490916 0.0 0.0 0.0 0.0 0.272114853712 0.0 0.0 0.0 0.0 0.0 0.0 0.0 0.0 0.0 0.0 0.178857251352 0.0 0.0 0.166453838709 0.0 0.0 0.0 0.0 0.0 0.0 0.0 0.0 0.0597322541093 0.0 0.0 0.0 0.0 0.0 0.137680371468 0.0942825173992 0.282034925176 0.227311992191 0.228916130661 0.357801289912 0.0813765347913 0.217196550467 0.0 0.0 0.0
a230hf2okthmdz
Working for All Animal protection Organizations PETA demanded for the release of Lobsters which resulted in releasing them in the sea.
working for all animal protection organizations peta demanded for the release of lobsters which resulted in releasing them in the sea
0 1 0 0 1 2 1 1 1 2 1 1 0 0 0 0 0 0 0 0 0 0 1 0 0 0 0 1 0 0 0 0 0 0 0 1 0 0 0 0 0 0 0 2 0 0 0 0 1 0 1 0 0 0 0 0 0 0 0 0 0 0 1 0 0 0 0 0 0 0 0 0 1 1 0
0.0 0.332144763133 0.0 0.0 0.255504862541 0.183799614953 0.316122275675 0.312836900842 0.289798950776 0.0410872372782 0.310766181226 0.0403198236173 0.0 0.0 0.0 0.0 0.0 0.0 0.0 0.0 0.0 0.0 0.292482423945 0.0 0.0 0.0 0.0 0.143113201948 0.0 0.0 0.0 0.0 0.0 0.0 0.0 0.375777655127 0.0 0.0 0.0 0.0 0.0 0.0 0.0 0.0972233108357 0.0 0.0 0.0 0.0 0.150734235904 0.0 0.408784663725 0.0 0.0 0.0 0.0 0.0 0.0 0.0 0.0 0.0 0.0 0.0 0.32480425457 0.0 0.0 0.0 0.0 0.0 0.0 0.0 0.0 0.0 0.239938063226 0.164082982928 0.0
a1ayptb7ayz623
But a group for animal rights, "PETA", demanded the lobster's release; now he is in the sea again.
but a group for animal rights peta demanded the lobsters release now he is in the sea again
0 1 1 1 0 1 1 0 1 2 1 0 0 0 1 0 0 0 0 0 0 0 1 0 0 0 0 0 0 0 0 0 1 0 1 1 0 0 0 0 0 0 0 1 0 0 0 0 0 0 0 0 1 0 0 1 0 0 0 0 0 0 0 0 0 0 0 0 0 0 0 0 0 0 1
0.0 0.387502223655 0.0794223443636 0.244156844233 0.0 0.107216442056 0.36880932162 0.0 0.338098775906 0.0479351101579 0.362560544763 0.0 0.0 0.0 0.191647798568 0.0 0.0 0.0 0.0 0.0 0.0 0.0 0.341229494603 0.0 0.0 0.0 0.0 0.0 0.0 0.0 0.0 0.0 0.146979074521 0.0 0.26564033488 0.438407264315 0.0 0.0 0.0 0.0 0.0 0.0 0.0 0.0567135979875 0.0 0.0 0.0 0.0 0.0 0.0 0.0 0.0 0.131474558317 0.0 0.0 0.284085956586 0.0 0.0 0.0 0.0 0.0 0.0 0.0 0.0 0.0 0.0 0.0 0.0 0.0 0.0 0.0 0.0 0.0 0.0 0.0736898867949
