urd-ng-102-174502-11516165-post46__1
regretfully the governments seizing of lashkaretayaba has proven india right about pakistan being involved in this affair but sorry to say that action against lashkaretaiba made indian point view correct is sad aspect it verified claims by on lashkaretaibas side government had proved very disappointing fact matter leaders lashkare tayyaba declared accusations was morn lashkaray taiba prove involve proves indias claim guilty there favoring tayyiba proving words true bad lashkaretayyaba were and are more because then look
Regretfully, the government's seizing of Lashkar-e-Tayaba has proven India right about Pakistan being involved in this affair.
regretfully the governments seizing of lashkaretayaba has proven india right about pakistan being involved in this affair
1 1 1 1 1 1 1 1 1 1 1 1 1 1 1 1 1 0 0 0 0 0 0 0 0 0 0 0 0 0 0 0 0 0 0 0 0 0 0 0 0 0 0 0 0 0 0 0 0 0 0 0 0 0 0 0 0 0 0 0 0 0 0 0 0 0 0 0 0 0 0 0 0 0 0 0 0
0.569593542758 0.02537741126 0.326820931873 0.610366906321 0.049806840939 0.443707297847 0.120472230335 0.370511762561 0.178744097877 0.281266236932 0.185510081684 0.139837070247 0.216423715281 0.299292375103 0.0600496919867 0.101896198186 0.425926070089 0.0 0.0 0.0 0.0 0.0 0.0 0.0 0.0 0.0 0.0 0.0 0.0 0.0 0.0 0.0 0.0 0.0 0.0 0.0 0.0 0.0 0.0 0.0 0.0 0.0 0.0 0.0 0.0 0.0 0.0 0.0 0.0 0.0 0.0 0.0 0.0 0.0 0.0 0.0 0.0 0.0 0.0 0.0 0.0 0.0 0.0 0.0 0.0 0.0 0.0 0.0 0.0 0.0 0.0 0.0 0.0 0.0 0.0 0.0 0.0
But sorry to say that the government's action against Lashkar-e-Taiba made the Indian point of view correct that Pakistan is involved in this.
but sorry to say that the governments action against lashkaretaiba made the indian point of view correct that pakistan is involved in this
0 2 1 0 1 0 0 0 0 0 0 1 0 1 1 1 0 1 1 1 1 2 1 1 1 1 1 1 1 1 1 0 0 0 0 0 0 0 0 0 0 0 0 0 0 0 0 0 0 0 0 0 0 0 0 0 0 0 0 0 0 0 0 0 0 0 0 0 0 0 0 0 0 0 0 0 0
0.0 0.0375144340366 0.241563297472 0.0 0.0368137519984 0.0 0.0 0.0 0.0 0.0 0.0 0.103357834531 0.0 0.221216103337 0.0443845549467 0.0753145812683 0.0 0.115027101799 0.307843501802 0.0466263779298 0.17193978868 0.105989213936 0.1824443806 0.139063260489 0.238191200326 0.17116900158 0.161998189516 0.231861403936 0.228880418221 0.257982006563 0.0576703461873 0.0 0.0 0.0 0.0 0.0 0.0 0.0 0.0 0.0 0.0 0.0 0.0 0.0 0.0 0.0 0.0 0.0 0.0 0.0 0.0 0.0 0.0 0.0 0.0 0.0 0.0 0.0 0.0 0.0 0.0 0.0 0.0 0.0 0.0 0.0 0.0 0.0 0.0 0.0 0.0 0.0 0.0 0.0 0.0 0.0 0.0
But the sad aspect of it is that government's action against Lashkar-e-Taiba has verified Indian claims that Pakistan is involved in it.
but the sad aspect of it is that governments action against lashkaretaiba has verified indian claims that pakistan is involved in it
0 1 1 0 1 0 1 0 0 0 0 1 0 1 1 0 0 1 0 0 0 2 1 1 1 0 1 0 0 0 2 1 1 2 1 1 0 0 0 0 0 0 0 0 0 0 0 0 0 0 0 0 0 0 0 0 0 0 0 0 0 0 0 0 0 0 0 0 0 0 0 0 0 0 0 0 0
0.0 0.0196098177919 0.252543447357 0.0 0.0384871043619 0.0 0.0930921779864 0.0 0.0 0.0 0.0 0.108055917918 0.0 0.231271380762 0.046402034717 0.0 0.0 0.120255606427 0.0 0.0 0.0 0.110806905479 0.190737306991 0.145384317784 0.249018073068 0.0 0.169361743585 0.0 0.0 0.0 0.120583451119 0.263239542217 0.318588253521 0.185353531178 0.32533461739 0.26513375569 0.0 0.0 0.0 0.0 0.0 0.0 0.0 0.0 0.0 0.0 0.0 0.0 0.0 0.0 0.0 0.0 0.0 0.0 0.0 0.0 0.0 0.0 0.0 0.0 0.0 0.0 0.0 0.0 0.0 0.0 0.0 0.0 0.0 0.0 0.0 0.0 0.0 0.0 0.0 0.0 0.0
By being on Lashkar-e-Taiba's side, the government of Pakistan had proved India right that Pakistan is involved in this. This is very disappointing.
by being on lashkaretaibas side the government of pakistan had proved india right that pakistan is involved in this this is very disappointing
0 1 0 0 1 0 0 0 1 1 0 2 1 1 1 2 0 0 0 0 0 1 0 0 0 0 0 0 0 0 2 0 0 0 0 0 1 1 1 1 1 1 1 1 1 0 0 0 0 0 0 0 0 0 0 0 0 0 0 0 0 0 0 0 0 0 0 0 0 0 0 0 0 0 0 0 0
0.0 0.0187572170183 0.0 0.0 0.0368137519984 0.0 0.0 0.0 0.132115202779 0.207892435993 0.0 0.206715669061 0.159965354773 0.221216103337 0.0443845549467 0.150629162537 0.0 0.0 0.0 0.0 0.0 0.052994606968 0.0 0.0 0.0 0.0 0.0 0.0 0.0 0.0 0.115340692375 0.0 0.0 0.0 0.0 0.0 0.108398611137 0.0812386380375 0.421003922908 0.210216254882 0.131136236281 0.148973084889 0.254071213665 0.181553401452 0.3167476067 0.0 0.0 0.0 0.0 0.0 0.0 0.0 0.0 0.0 0.0 0.0 0.0 0.0 0.0 0.0 0.0 0.0 0.0 0.0 0.0 0.0 0.0 0.0 0.0 0.0 0.0 0.0 0.0 0.0 0.0 0.0 0.0
a2qlm59qc9g1uf
But the sad fact of the matter is that leaders of Lashkare Tayyaba declared the accusations of India correct that Pakistan was involved.
but the sad fact of the matter is that leaders of lashkare tayyaba declared the accusations of india correct that pakistan was involved
0 3 0 0 3 0 0 0 1 0 0 1 0 1 0 0 0 1 0 0 0 2 0 0 0 0 0 0 0 1 1 1 0 0 0 0 0 0 0 0 0 0 0 0 0 1 1 1 1 1 1 1 1 0 0 0 0 0 0 0 0 0 0 0 0 0 0 0 0 0 0 0 0 0 0 0 0
0.0 0.0562716510549 0.0 0.0 0.110441255995 0.0 0.0 0.0 0.132115202779 0.0 0.0 0.103357834531 0.0 0.221216103337 0.0 0.0 0.0 0.115027101799 0.0 0.0 0.0 0.105989213936 0.0 0.0 0.0 0.0 0.0 0.0 0.0 0.257982006563 0.0576703461873 0.25179434473 0.0 0.0 0.0 0.0 0.0 0.0 0.0 0.0 0.0 0.0 0.0 0.0 0.0 0.236912335752 0.215465322095 0.193448320934 0.320891527561 0.311189634025 0.24227027664 0.289681101772 0.0948339007198 0.0 0.0 0.0 0.0 0.0 0.0 0.0 0.0 0.0 0.0 0.0 0.0 0.0 0.0 0.0 0.0 0.0 0.0 0.0 0.0 0.0 0.0 0.0 0.0
a1sanjgoj47idf
but this is morn, that government against Lashkaray Taiba that prove right India that Pakistan involve in that.
but this is morn that government against lashkaray taiba that prove right india that pakistan involve in that
0 0 0 0 0 0 0 0 1 1 0 1 0 0 1 1 0 1 0 0 0 4 0 1 0 0 0 0 0 0 1 0 0 0 0 0 0 0 0 0 1 0 0 0 0 0 0 0 0 0 0 0 0 1 1 1 1 1 0 0 0 0 0 0 0 0 0 0 0 0 0 0 0 0 0 0 0
0.0 0.0 0.0 0.0 0.0 0.0 0.0 0.0 0.168813870217 0.26564033488 0.0 0.132068344123 0.0 0.0 0.0567135979875 0.0962352982872 0.0 0.146979074521 0.0 0.0 0.0 0.270861324503 0.0 0.177691943959 0.0 0.0 0.0 0.0 0.0 0.0 0.0736898867949 0.0 0.0 0.0 0.0 0.0 0.0 0.0 0.0 0.0 0.167562968581 0.0 0.0 0.0 0.0 0.0 0.0 0.0 0.0 0.0 0.0 0.0 0.0 0.51542361771 0.51542361771 0.362560544763 0.342040539015 0.443241229703 0.0 0.0 0.0 0.0 0.0 0.0 0.0 0.0 0.0 0.0 0.0 0.0 0.0 0.0 0.0 0.0 0.0 0.0 0.0
a3dd3acpmvdvca
But it is sad that the fact that Lashkar-e-Taiba is involved proves India's claim that Pakistan is guilty in this.
but it is sad that the fact that lashkaretaiba is involved proves indias claim that pakistan is guilty in this
0 1 0 0 0 0 0 0 0 0 0 1 0 1 1 1 0 1 0 0 0 3 0 0 1 0 0 0 0 0 3 1 0 1 0 0 0 0 0 0 0 0 0 0 0 1 0 0 0 0 0 0 0 0 0 0 0 0 1 1 1 1 0 0 0 0 0 0 0 0 0 0 0 0 0 0 0
0.0 0.021570799571 0.0 0.0 0.0 0.0 0.0 0.0 0.0 0.0 0.0 0.11886150971 0.0 0.254398518838 0.0510422381887 0.0866117684585 0.0 0.132281167069 0.0 0.0 0.0 0.18283139404 0.0 0.0 0.273919880375 0.0 0.0 0.0 0.0 0.0 0.198962694346 0.289563496439 0.0 0.101944442148 0.0 0.0 0.0 0.0 0.0 0.0 0.0 0.0 0.0 0.0 0.0 0.272449186115 0.0 0.0 0.0 0.0 0.0 0.0 0.0 0.0 0.0 0.0 0.0 0.0 0.328478745884 0.291647131259 0.289563496439 0.334367897667 0.0 0.0 0.0 0.0 0.0 0.0 0.0 0.0 0.0 0.0 0.0 0.0 0.0 0.0 0.0
a2i57ww1b3evwx
But there it is sad government favoring lashkare tayyiba proving indian words true has made pakistan bad.
but there it is sad government favoring lashkare tayyiba proving indian words true has made pakistan bad
0 0 0 0 0 0 1 0 0 0 0 1 0 0 0 0 0 1 0 0 0 0 0 0 0 1 1 0 0 0 1 1 0 1 0 0 0 0 0 0 1 0 0 0 0 0 0 0 1 0 0 0 0 0 0 0 0 0 0 0 0 0 1 1 1 1 1 1 1 0 0 0 0 0 0 0 0
0.0 0.0 0.0 0.0 0.0 0.0 0.120472230335 0.0 0.0 0.0 0.0 0.139837070247 0.0 0.0 0.0 0.0 0.0 0.155624902434 0.0 0.0 0.0 0.0 0.0 0.0 0.0 0.231581590374 0.21917402111 0.0 0.0 0.0 0.0780245860182 0.340662936987 0.0 0.119934637821 0.0 0.0 0.0 0.0 0.0 0.0 0.177419613792 0.0 0.0 0.0 0.0 0.0 0.0 0.0 0.434147360817 0.0 0.0 0.0 0.0 0.0 0.0 0.0 0.0 0.0 0.0 0.0 0.0 0.0 0.169550795333 0.455128239873 0.569593542758 0.504969290484 0.326348451185 0.290993634029 0.332285269926 0.0 0.0 0.0 0.0 0.0 0.0 0.0 0.0
a2zhr3rebfem5a
But the sad fact of the matter is that leaders of Lashkar-e-Tayyaba declared India's accusations were correct, and that Pakistan was involved.
but the sad fact of the matter is that leaders of lashkaretayyaba declared indias accusations were correct and that pakistan was involved
0 2 0 0 2 0 0 0 0 0 0 1 0 1 0 0 0 1 0 0 0 2 0 0 0 0 0 0 0 1 1 1 0 0 0 0 0 0 0 0 0 0 0 0 0 1 1 1 0 0 1 1 1 0 0 0 0 0 0 1 0 0 0 0 0 0 0 0 0 1 1 1 0 0 0 0 0
0.0 0.0392196355837 0.0 0.0 0.0769742087239 0.0 0.0 0.0 0.0 0.0 0.0 0.108055917918 0.0 0.231271380762 0.0 0.0 0.0 0.120255606427 0.0 0.0 0.0 0.110806905479 0.0 0.0 0.0 0.0 0.0 0.0 0.0 0.269708461407 0.0602917255595 0.263239542217 0.0 0.0 0.0 0.0 0.0 0.0 0.0 0.0 0.0 0.0 0.0 0.0 0.0 0.247681078286 0.225259200372 0.202241426431 0.0 0.0 0.253282561942 0.302848424579 0.0991445325707 0.0 0.0 0.0 0.0 0.0 0.0 0.26513375569 0.0 0.0 0.0 0.0 0.0 0.0 0.0 0.0 0.0 0.342864730154 0.132691150833 0.0454834939367 0.0 0.0 0.0 0.0 0.0
au2ar4vob7vlv
The sad fact of the matter is that the leaders of Lashkare Tayyaba declared the accusations of India that Pakistan was involved are correct.
the sad fact of the matter is that the leaders of lashkare tayyaba declared the accusations of india that pakistan was involved are correct
0 4 0 0 3 0 0 0 1 0 0 1 0 1 0 0 0 0 0 0 0 2 0 0 0 0 0 0 0 1 1 1 0 0 0 0 0 0 0 0 0 0 0 0 0 1 1 1 1 1 1 1 1 0 0 0 0 0 0 0 0 0 0 0 0 0 0 0 0 0 0 0 1 0 0 0 0
0.0 0.0719026652368 0.0 0.0 0.105839536995 0.0 0.0 0.0 0.126610402663 0.0 0.0 0.0990512580919 0.0 0.211998765698 0.0 0.0 0.0 0.0 0.0 0.0 0.0 0.101572996689 0.0 0.0 0.0 0.0 0.0 0.0 0.0 0.24723275629 0.0552674150962 0.241302913699 0.0 0.0 0.0 0.0 0.0 0.0 0.0 0.0 0.0 0.0 0.0 0.0 0.0 0.227040988429 0.206487600341 0.185387974228 0.307521047246 0.298223399274 0.23217568178 0.277611055864 0.0908824881898 0.0 0.0 0.0 0.0 0.0 0.0 0.0 0.0 0.0 0.0 0.0 0.0 0.0 0.0 0.0 0.0 0.0 0.0 0.0 0.0881560229532 0.0 0.0 0.0 0.0
a3jbnhlk1t5829
The sad fact of the matter is that leaders of Lashkare Tayyaba declared the accusations of India correct, that Pakistan was involved.
the sad fact of the matter is that leaders of lashkare tayyaba declared the accusations of india correct that pakistan was involved
0 3 0 0 3 0 0 0 1 0 0 1 0 1 0 0 0 0 0 0 0 2 0 0 0 0 0 0 0 1 1 1 0 0 0 0 0 0 0 0 0 0 0 0 0 1 1 1 1 1 1 1 1 0 0 0 0 0 0 0 0 0 0 0 0 0 0 0 0 0 0 0 0 0 0 0 0
0.0 0.0588294533756 0.0 0.0 0.115461313086 0.0 0.0 0.0 0.138120439269 0.0 0.0 0.108055917918 0.0 0.231271380762 0.0 0.0 0.0 0.0 0.0 0.0 0.0 0.110806905479 0.0 0.0 0.0 0.0 0.0 0.0 0.0 0.269708461407 0.0602917255595 0.263239542217 0.0 0.0 0.0 0.0 0.0 0.0 0.0 0.0 0.0 0.0 0.0 0.0 0.0 0.247681078286 0.225259200372 0.202241426431 0.335477506086 0.32533461739 0.253282561942 0.302848424579 0.0991445325707 0.0 0.0 0.0 0.0 0.0 0.0 0.0 0.0 0.0 0.0 0.0 0.0 0.0 0.0 0.0 0.0 0.0 0.0 0.0 0.0 0.0 0.0 0.0 0.0
a2xfh4syr81vse
but this is morn, that government against Lashkaray Taiba that prove right India that Pakistan involve in that.
but this is morn that government against lashkaray taiba that prove right india that pakistan involve in that
0 0 0 0 0 0 0 0 1 1 0 1 0 0 1 1 0 1 0 0 0 4 0 1 0 0 0 0 0 0 1 0 0 0 0 0 0 0 0 0 1 0 0 0 0 0 0 0 0 0 0 0 0 1 1 1 1 1 0 0 0 0 0 0 0 0 0 0 0 0 0 0 0 0 0 0 0
0.0 0.0 0.0 0.0 0.0 0.0 0.0 0.0 0.168813870217 0.26564033488 0.0 0.132068344123 0.0 0.0 0.0567135979875 0.0962352982872 0.0 0.146979074521 0.0 0.0 0.0 0.270861324503 0.0 0.177691943959 0.0 0.0 0.0 0.0 0.0 0.0 0.0736898867949 0.0 0.0 0.0 0.0 0.0 0.0 0.0 0.0 0.0 0.167562968581 0.0 0.0 0.0 0.0 0.0 0.0 0.0 0.0 0.0 0.0 0.0 0.0 0.51542361771 0.51542361771 0.362560544763 0.342040539015 0.443241229703 0.0 0.0 0.0 0.0 0.0 0.0 0.0 0.0 0.0 0.0 0.0 0.0 0.0 0.0 0.0 0.0 0.0 0.0 0.0
a230hf2okthmdz
But this is more, that government against Lashkar-e-Taiba proves correct by India that Pakistan is involve in that.
but this is more that government against lashkaretaiba proves correct by india that pakistan is involve in that
0 0 0 0 0 0 0 0 1 0 0 1 0 0 1 1 0 1 0 0 0 3 0 1 1 0 0 0 0 1 2 0 0 0 0 0 1 0 0 0 1 0 0 0 0 0 0 0 0 0 0 0 0 0 0 0 0 1 1 0 0 0 0 0 0 0 0 0 0 0 0 0 0 1 0 0 0
0.0 0.0 0.0 0.0 0.0 0.0 0.0 0.0 0.168813870217 0.0 0.0 0.132068344123 0.0 0.0 0.0567135979875 0.0962352982872 0.0 0.146979074521 0.0 0.0 0.0 0.203145993377 0.0 0.177691943959 0.304355422639 0.0 0.0 0.0 0.0 0.329643675053 0.14737977359 0.0 0.0 0.0 0.0 0.0 0.138509336452 0.0 0.0 0.0 0.167562968581 0.0 0.0 0.0 0.0 0.0 0.0 0.0 0.0 0.0 0.0 0.0 0.0 0.0 0.0 0.0 0.0 0.443241229703 0.364976384316 0.0 0.0 0.0 0.0 0.0 0.0 0.0 0.0 0.0 0.0 0.0 0.0 0.0 0.0 0.201461456315 0.0 0.0 0.0
a6tw9zegog7ph
but this is morn, that government against Lashkaray Taiba that prove right India that Pakistan involve in that.
but this is morn that government against lashkaray taiba that prove right india that pakistan involve in that
0 0 0 0 0 0 0 0 1 1 0 1 0 0 1 1 0 1 0 0 0 4 0 1 0 0 0 0 0 0 1 0 0 0 0 0 0 0 0 0 1 0 0 0 0 0 0 0 0 0 0 0 0 1 1 1 1 1 0 0 0 0 0 0 0 0 0 0 0 0 0 0 0 0 0 0 0
0.0 0.0 0.0 0.0 0.0 0.0 0.0 0.0 0.168813870217 0.26564033488 0.0 0.132068344123 0.0 0.0 0.0567135979875 0.0962352982872 0.0 0.146979074521 0.0 0.0 0.0 0.270861324503 0.0 0.177691943959 0.0 0.0 0.0 0.0 0.0 0.0 0.0736898867949 0.0 0.0 0.0 0.0 0.0 0.0 0.0 0.0 0.0 0.167562968581 0.0 0.0 0.0 0.0 0.0 0.0 0.0 0.0 0.0 0.0 0.0 0.0 0.51542361771 0.51542361771 0.362560544763 0.342040539015 0.443241229703 0.0 0.0 0.0 0.0 0.0 0.0 0.0 0.0 0.0 0.0 0.0 0.0 0.0 0.0 0.0 0.0 0.0 0.0 0.0
a2unp2crnrfiw8
It is sad that the fact that Lashkar-e-Taiba is involved, proves India's claim that Pakistan is guilty in this.
it is sad that the fact that lashkaretaiba is involved proves indias claim that pakistan is guilty in this
0 1 0 0 0 0 0 0 0 0 0 1 0 1 1 1 0 0 0 0 0 3 0 0 1 0 0 0 0 0 3 1 0 1 0 0 0 0 0 0 0 0 0 0 0 1 0 0 0 0 0 0 0 0 0 0 0 0 1 1 1 1 0 0 0 0 0 0 0 0 0 0 0 0 0 0 0
0.0 0.0227061048116 0.0 0.0 0.0 0.0 0.0 0.0 0.0 0.0 0.0 0.125117378642 0.0 0.267787914566 0.0537286717776 0.0911702825879 0.0 0.0 0.0 0.0 0.0 0.192454098989 0.0 0.0 0.288336716184 0.0 0.0 0.0 0.0 0.0 0.209434415101 0.304803680462 0.0 0.107309939103 0.0 0.0 0.0 0.0 0.0 0.0 0.0 0.0 0.0 0.0 0.0 0.286788616963 0.0 0.0 0.0 0.0 0.0 0.0 0.0 0.0 0.0 0.0 0.0 0.0 0.345767100931 0.306996980273 0.304803680462 0.35196620807 0.0 0.0 0.0 0.0 0.0 0.0 0.0 0.0 0.0 0.0 0.0 0.0 0.0 0.0 0.0
a2kyfqwkbpwvxn
It is sad that Lashkar-e-Taiba is involved because this proves India's claim that Pakistan is guilty.
it is sad that lashkaretaiba is involved because this proves indias claim that pakistan is guilty
0 0 0 0 0 0 0 0 0 0 0 1 0 1 0 1 0 0 0 0 0 2 0 0 1 0 0 0 0 0 3 1 0 1 0 0 0 0 0 0 0 0 0 0 0 0 0 0 0 0 0 0 0 0 0 0 0 0 1 1 1 1 0 0 0 0 0 0 0 0 0 0 0 0 1 0 0
0.0 0.0 0.0 0.0 0.0 0.0 0.0 0.0 0.0 0.0 0.0 0.148576887138 0.0 0.317998148547 0.0 0.108264710573 0.0 0.0 0.0 0.0 0.0 0.152359495033 0.0 0.0 0.342399850469 0.0 0.0 0.0 0.0 0.0 0.248703367933 0.361954370549 0.0 0.127430552685 0.0 0.0 0.0 0.0 0.0 0.0 0.0 0.0 0.0 0.0 0.0 0.0 0.0 0.0 0.0 0.0 0.0 0.0 0.0 0.0 0.0 0.0 0.0 0.0 0.410598432355 0.364558914074 0.361954370549 0.417959872083 0.0 0.0 0.0 0.0 0.0 0.0 0.0 0.0 0.0 0.0 0.0 0.0 0.246859309375 0.0 0.0
a2dwqf4zhhblow
But it is sad that the fact that Lashkar-e-Taiba is involved proves India's claim that Pakistan is guilty in this.
but it is sad that the fact that lashkaretaiba is involved proves indias claim that pakistan is guilty in this
0 1 0 0 0 0 0 0 0 0 0 1 0 1 1 1 0 1 0 0 0 3 0 0 1 0 0 0 0 0 3 1 0 1 0 0 0 0 0 0 0 0 0 0 0 1 0 0 0 0 0 0 0 0 0 0 0 0 1 1 1 1 0 0 0 0 0 0 0 0 0 0 0 0 0 0 0
0.0 0.021570799571 0.0 0.0 0.0 0.0 0.0 0.0 0.0 0.0 0.0 0.11886150971 0.0 0.254398518838 0.0510422381887 0.0866117684585 0.0 0.132281167069 0.0 0.0 0.0 0.18283139404 0.0 0.0 0.273919880375 0.0 0.0 0.0 0.0 0.0 0.198962694346 0.289563496439 0.0 0.101944442148 0.0 0.0 0.0 0.0 0.0 0.0 0.0 0.0 0.0 0.0 0.0 0.272449186115 0.0 0.0 0.0 0.0 0.0 0.0 0.0 0.0 0.0 0.0 0.0 0.0 0.328478745884 0.291647131259 0.289563496439 0.334367897667 0.0 0.0 0.0 0.0 0.0 0.0 0.0 0.0 0.0 0.0 0.0 0.0 0.0 0.0 0.0
a3i6odkoktfoow
But then it is sad that the Government is favoring Lashkar-e- Taiba, proving Indian words true. This has made Pakistan look bad.
but then it is sad that the government is favoring lashkare taiba proving indian words true this has made pakistan look bad
0 1 0 0 0 0 1 0 0 0 0 1 0 0 0 1 0 1 0 0 0 1 0 0 0 1 1 0 0 0 2 1 0 1 0 0 0 0 0 0 1 0 0 0 0 0 0 0 1 0 0 0 0 0 0 1 0 0 0 0 0 0 0 1 0 1 1 1 1 0 0 0 0 0 0 1 1
0.0 0.0196098177919 0.0 0.0 0.0 0.0 0.0930921779864 0.0 0.0 0.0 0.0 0.108055917918 0.0 0.0 0.0 0.0787379713259 0.0 0.120255606427 0.0 0.0 0.0 0.0554034527393 0.0 0.0 0.0 0.178949410743 0.169361743585 0.0 0.0 0.0 0.120583451119 0.263239542217 0.0 0.0926767655888 0.0 0.0 0.0 0.0 0.0 0.0 0.137096974294 0.0 0.0 0.0 0.0 0.0 0.0 0.0 0.335477506086 0.0 0.0 0.0 0.0 0.0 0.0 0.296640445715 0.0 0.0 0.0 0.0 0.0 0.0 0.0 0.351690003538 0.0 0.390203542646 0.252178348643 0.224858717204 0.256765890397 0.0 0.0 0.0 0.0 0.0 0.0 0.159703613382 0.259672650606
