urd-ng-102-174502-11516154-post22__8
if we cannot value our heroes than then honor cant respect who will leaders can not care for could pay the due to but appreciate only should that is
If we cannot value our heroes than
if we cannot value our heroes than
1 1 1 1 1 1 1 0 0 0 0 0 0 0 0 0 0 0 0 0 0 0 0 0 0 0 0 0 0
0.431240172363 0.440946698 0.75203565987 1.05435787627 0.482663060638 1.10531143969 0.597696416854 0.0 0.0 0.0 0.0 0.0 0.0 0.0 0.0 0.0 0.0 0.0 0.0 0.0 0.0 0.0 0.0 0.0 0.0 0.0 0.0 0.0 0.0
If we cannot value our heroes then
if we cannot value our heroes then
1 1 1 1 1 1 0 1 0 0 0 0 0 0 0 0 0 0 0 0 0 0 0 0 0 0 0 0 0
0.431240172363 0.440946698 0.75203565987 1.05435787627 0.482663060638 1.10531143969 0.0 0.501925642057 0.0 0.0 0.0 0.0 0.0 0.0 0.0 0.0 0.0 0.0 0.0 0.0 0.0 0.0 0.0 0.0 0.0 0.0 0.0 0.0 0.0
If we cannot honor our heroes then
if we cannot honor our heroes then
1 1 1 0 1 1 0 1 1 0 0 0 0 0 0 0 0 0 0 0 0 0 0 0 0 0 0 0 0
0.431240172363 0.440946698 0.75203565987 0.0 0.482663060638 1.10531143969 0.0 0.501925642057 0.895051934754 0.0 0.0 0.0 0.0 0.0 0.0 0.0 0.0 0.0 0.0 0.0 0.0 0.0 0.0 0.0 0.0 0.0 0.0 0.0 0.0
If we can't respect our heroes, then who will?
if we cant respect our heroes then who will
1 1 0 0 1 1 0 1 0 1 1 1 1 0 0 0 0 0 0 0 0 0 0 0 0 0 0 0 0
0.335409022949 0.342958542889 0.0 0.0 0.375404602719 0.859686675315 0.0 0.390386610489 0.0 0.624738579594 0.581619316772 0.328873214251 0.247468171044 0.0 0.0 0.0 0.0 0.0 0.0 0.0 0.0 0.0 0.0 0.0 0.0 0.0 0.0 0.0 0.0
a21xirv18up71h
If we can't respect our leaders then
if we cant respect our leaders then
1 1 0 0 1 0 0 1 0 1 1 0 0 1 0 0 0 0 0 0 0 0 0 0 0 0 0 0 0
0.431240172363 0.440946698 0.0 0.0 0.482663060638 0.0 0.0 0.501925642057 0.0 0.803235316621 0.747796264421 0.0 0.0 0.63561591164 0.0 0.0 0.0 0.0 0.0 0.0 0.0 0.0 0.0 0.0 0.0 0.0 0.0 0.0 0.0
a143bvgouf83je
if we can not care for our heroes, then
if we can not care for our heroes then
1 1 0 0 1 1 0 1 0 0 0 0 0 0 1 1 1 1 0 0 0 0 0 0 0 0 0 0 0
0.335409022949 0.342958542889 0.0 0.0 0.375404602719 0.859686675315 0.0 0.390386610489 0.0 0.0 0.0 0.0 0.0 0.0 0.354118852114 0.238052077581 0.61038172054 0.214432884112 0.0 0.0 0.0 0.0 0.0 0.0 0.0 0.0 0.0 0.0 0.0
a2de039cxxjuga
If we could pay the due respect to our heroes
if we could pay the due respect to our heroes
1 1 0 0 1 1 0 0 0 0 1 0 0 0 0 0 0 0 1 1 1 1 1 0 0 0 0 0 0
0.301868120654 0.3086626886 0.0 0.0 0.337864142447 0.773718007783 0.0 0.0 0.0 0.0 0.523457385095 0.0 0.0 0.0 0.0 0.0 0.0 0.0 0.432179806118 0.694225020296 0.0431415991421 0.433360457377 0.107240669239 0.0 0.0 0.0 0.0 0.0 0.0
a3u16uhguaktzs
But if we can't appreciate our heroes, then....
but if we cant appreciate our heroes then
1 1 0 0 1 1 0 1 0 1 0 0 0 0 0 0 0 0 0 0 0 0 0 1 1 0 0 0 0
0.377335150817 0.38582836075 0.0 0.0 0.422330178058 0.967147509729 0.0 0.4391849368 0.0 0.702830902043 0.0 0.0 0.0 0.0 0.0 0.0 0.0 0.0 0.0 0.0 0.0 0.0 0.0 0.330702917673 1.12374288079 0.0 0.0 0.0 0.0
a180p1rkl5r2me
If we can't respect our leaders then
if we cant respect our leaders then
1 1 0 0 1 0 0 1 0 1 1 0 0 1 0 0 0 0 0 0 0 0 0 0 0 0 0 0 0
0.431240172363 0.440946698 0.0 0.0 0.482663060638 0.0 0.0 0.501925642057 0.0 0.803235316621 0.747796264421 0.0 0.0 0.63561591164 0.0 0.0 0.0 0.0 0.0 0.0 0.0 0.0 0.0 0.0 0.0 0.0 0.0 0.0 0.0
a1b6zigmal4vx5
If we can't respect our leaders then
if we cant respect our leaders then
1 1 0 0 1 0 0 1 0 1 1 0 0 1 0 0 0 0 0 0 0 0 0 0 0 0 0 0 0
0.431240172363 0.440946698 0.0 0.0 0.482663060638 0.0 0.0 0.501925642057 0.0 0.803235316621 0.747796264421 0.0 0.0 0.63561591164 0.0 0.0 0.0 0.0 0.0 0.0 0.0 0.0 0.0 0.0 0.0 0.0 0.0 0.0 0.0
au2ar4vob7vlv
If we can't respect our leaders, then who can we respect?
if we cant respect our leaders then who can we respect
1 2 0 0 1 0 0 1 0 1 2 1 0 1 1 0 0 0 0 0 0 0 0 0 0 0 0 0 0
0.274425564231 0.561204888363 0.0 0.0 0.307149220406 0.0 0.0 0.319407226763 0.0 0.51114974694 0.951740700172 0.269078084387 0.0 0.404482852862 0.289733606275 0.0 0.0 0.0 0.0 0.0 0.0 0.0 0.0 0.0 0.0 0.0 0.0 0.0 0.0
a29r44fzk1m7qd
if we can not care for our heroes, then
if we can not care for our heroes then
1 1 0 0 1 1 0 1 0 0 0 0 0 0 1 1 1 1 0 0 0 0 0 0 0 0 0 0 0
0.335409022949 0.342958542889 0.0 0.0 0.375404602719 0.859686675315 0.0 0.390386610489 0.0 0.0 0.0 0.0 0.0 0.0 0.354118852114 0.238052077581 0.61038172054 0.214432884112 0.0 0.0 0.0 0.0 0.0 0.0 0.0 0.0 0.0 0.0 0.0
a2zhr3rebfem5a
If we can not care for our heroes, then
if we can not care for our heroes then
1 1 0 0 1 1 0 1 0 0 0 0 0 0 1 1 1 1 0 0 0 0 0 0 0 0 0 0 0
0.335409022949 0.342958542889 0.0 0.0 0.375404602719 0.859686675315 0.0 0.390386610489 0.0 0.0 0.0 0.0 0.0 0.0 0.354118852114 0.238052077581 0.61038172054 0.214432884112 0.0 0.0 0.0 0.0 0.0 0.0 0.0 0.0 0.0 0.0 0.0
a262d9pq8d093q
if we can not care for our heroes, then
if we can not care for our heroes then
1 1 0 0 1 1 0 1 0 0 0 0 0 0 1 1 1 1 0 0 0 0 0 0 0 0 0 0 0
0.335409022949 0.342958542889 0.0 0.0 0.375404602719 0.859686675315 0.0 0.390386610489 0.0 0.0 0.0 0.0 0.0 0.0 0.354118852114 0.238052077581 0.61038172054 0.214432884112 0.0 0.0 0.0 0.0 0.0 0.0 0.0 0.0 0.0 0.0 0.0
a1x7hirspt5tie
If only we could pay respect to our heroes.
if only we could pay respect to our heroes
1 1 0 0 1 1 0 0 0 0 1 0 0 0 0 0 0 0 1 1 0 0 1 0 0 1 0 0 0
0.335409022949 0.342958542889 0.0 0.0 0.375404602719 0.859686675315 0.0 0.0 0.0 0.0 0.581619316772 0.0 0.0 0.0 0.0 0.0 0.0 0.0 0.480199784576 0.771361133663 0.0 0.0 0.119156299154 0.0 0.0 0.372299899201 0.0 0.0 0.0
a9x4g4wpj27d6
We should pay due respect to our heroes.
we should pay due respect to our heroes
0 1 0 0 1 1 0 0 0 0 1 0 0 0 0 0 0 0 0 1 0 1 1 0 0 0 1 0 0
0.0 0.38582836075 0.0 0.0 0.422330178058 0.967147509729 0.0 0.0 0.0 0.0 0.654321731368 0.0 0.0 0.0 0.0 0.0 0.0 0.0 0.0 0.867781275371 0.0 0.541700571721 0.134050836548 0.0 0.0 0.0 0.37630307128 0.0 0.0
a3kzqwp0byzppp
If we could pay the respect that is due to our heroes..
if we could pay the respect that is due to our heroes
1 1 0 0 1 1 0 0 0 0 1 0 0 0 0 0 0 0 1 1 1 1 1 0 0 0 0 1 1
0.251556767212 0.257218907167 0.0 0.0 0.281553452039 0.644765006486 0.0 0.0 0.0 0.0 0.436214487579 0.0 0.0 0.0 0.0 0.0 0.0 0.0 0.360149838432 0.578520850247 0.0359513326184 0.361133714481 0.0893672243655 0.0 0.0 0.0 0.0 0.101572996689 0.110534830192
amd40d0gc1l4r
But if we can't appreciate our heroes, then....
but if we cant appreciate our heroes then
1 1 0 0 1 1 0 1 0 1 0 0 0 0 0 0 0 0 0 0 0 0 0 1 1 0 0 0 0
0.377335150817 0.38582836075 0.0 0.0 0.422330178058 0.967147509729 0.0 0.4391849368 0.0 0.702830902043 0.0 0.0 0.0 0.0 0.0 0.0 0.0 0.0 0.0 0.0 0.0 0.0 0.0 0.330702917673 1.12374288079 0.0 0.0 0.0 0.0
