voa_urd_20090125.0005__3
on sunday sardar hussain babak the north west frontier provinces minister of education went to say that government will never let such attempts succeed nwfp further said allow these efforts husain babar babr not encourage a move at all border district has added saying obligations sarhad state prime province babur more made possible morning told this type tries be successful districts threats prevail in stated make is going revolts
On Sunday, Sardar Hussain Babak, the North West Frontier Province's Minister of Education, went on to say that the government will never let such attempts succeed.
on sunday sardar hussain babak the north west frontier provinces minister of education went on to say that the government will never let such attempts succeed
2 1 1 1 1 2 1 1 1 1 1 1 1 1 1 1 1 1 1 1 1 1 1 1 0 0 0 0 0 0 0 0 0 0 0 0 0 0 0 0 0 0 0 0 0 0 0 0 0 0 0 0 0 0 0 0 0 0 0 0 0 0 0 0 0 0 0 0 0
0.143729898066 0.21527361209 0.24711514188 0.204370860555 0.372426547188 0.0331858454939 0.183762132633 0.233545089009 0.250193707559 0.287917909598 0.13810191394 0.0325660113832 0.17771135361 0.215598183961 0.0412464112456 0.152100582294 0.0468798446256 0.116005132095 0.0856620592076 0.18305639653 0.188132325922 0.152986248958 0.290116310131 0.248623630847 0.0 0.0 0.0 0.0 0.0 0.0 0.0 0.0 0.0 0.0 0.0 0.0 0.0 0.0 0.0 0.0 0.0 0.0 0.0 0.0 0.0 0.0 0.0 0.0 0.0 0.0 0.0 0.0 0.0 0.0 0.0 0.0 0.0 0.0 0.0 0.0 0.0 0.0 0.0 0.0 0.0 0.0 0.0 0.0 0.0
On Sunday, the education minister of NWFP, Sardar Hussain Babak, further said that the government will never allow these efforts to succeed.
on sunday the education minister of nwfp sardar hussain babak further said that the government will never allow these efforts to succeed
1 1 1 1 1 2 0 0 0 0 1 1 1 0 1 0 1 1 1 1 0 0 0 1 1 1 1 1 1 1 0 0 0 0 0 0 0 0 0 0 0 0 0 0 0 0 0 0 0 0 0 0 0 0 0 0 0 0 0 0 0 0 0 0 0 0 0 0 0
0.0849313034028 0.254414268834 0.292045167676 0.241529198837 0.440140464859 0.0392196355837 0.0 0.0 0.0 0.0 0.163211352838 0.0384871043619 0.210022508812 0.0 0.0487457587448 0.0 0.0554034527393 0.137096974294 0.101236979064 0.216339377717 0.0 0.0 0.0 0.293827927365 0.306302329442 0.25557487347 0.100701522113 0.273035888863 0.138986266313 0.216174388261 0.0 0.0 0.0 0.0 0.0 0.0 0.0 0.0 0.0 0.0 0.0 0.0 0.0 0.0 0.0 0.0 0.0 0.0 0.0 0.0 0.0 0.0 0.0 0.0 0.0 0.0 0.0 0.0 0.0 0.0 0.0 0.0 0.0 0.0 0.0 0.0 0.0 0.0 0.0
On Sunday, the NWFP Education Minister Sardar Husain Babar said that government will never allow such attempts to succeed.
on sunday the nwfp education minister sardar husain babar said that government will never allow such attempts to succeed
1 1 1 0 0 1 0 0 0 0 1 0 1 0 1 0 1 1 1 1 0 1 1 1 1 0 1 1 0 0 1 1 0 0 0 0 0 0 0 0 0 0 0 0 0 0 0 0 0 0 0 0 0 0 0 0 0 0 0 0 0 0 0 0 0 0 0 0 0
0.0983415092032 0.29458494286 0.338157562572 0.0 0.0 0.0227061048116 0.0 0.0 0.0 0.0 0.188981566444 0.0 0.243183957572 0.0 0.056442457494 0.0 0.0641513663297 0.158743864972 0.117221765231 0.250498226831 0.0 0.209349603838 0.397001266494 0.340221810633 0.354665855143 0.0 0.116601762447 0.316146818683 0.0 0.0 0.340221810633 0.289528425487 0.0 0.0 0.0 0.0 0.0 0.0 0.0 0.0 0.0 0.0 0.0 0.0 0.0 0.0 0.0 0.0 0.0 0.0 0.0 0.0 0.0 0.0 0.0 0.0 0.0 0.0 0.0 0.0 0.0 0.0 0.0 0.0 0.0 0.0 0.0 0.0 0.0
NWFP Education Minister Sardar Hussain Babr said on Sunday that the government will not encourage such a move at all.
nwfp education minister sardar hussain babr said on sunday that the government will not encourage such a move at all
1 1 1 1 0 1 0 0 0 0 1 0 1 0 0 0 1 1 1 0 0 1 0 0 1 0 1 0 0 0 0 0 1 1 1 1 1 1 1 0 0 0 0 0 0 0 0 0 0 0 0 0 0 0 0 0 0 0 0 0 0 0 0 0 0 0 0 0 0
0.0934244337431 0.279855695717 0.321249684443 0.265682118721 0.0 0.021570799571 0.0 0.0 0.0 0.0 0.179532488122 0.0 0.231024759693 0.0 0.0 0.0 0.0609437980132 0.150806671723 0.11136067697 0.0 0.0 0.198882123646 0.0 0.0 0.336932562386 0.0 0.110771674325 0.0 0.0 0.0 0.0 0.0 0.429223896911 0.107123434912 0.414839793289 0.0714801099272 0.324220855467 0.154880423256 0.158270947699 0.0 0.0 0.0 0.0 0.0 0.0 0.0 0.0 0.0 0.0 0.0 0.0 0.0 0.0 0.0 0.0 0.0 0.0 0.0 0.0 0.0 0.0 0.0 0.0 0.0 0.0 0.0 0.0 0.0 0.0
a3bz8b0jpubzqq
On Sunday the education minister of the border district, Sardar Hussain Babar has added saying that the government will never allow these obligations to succeed.
on sunday the education minister of the border district sardar hussain babar has added saying that the government will never allow these obligations to succeed
1 1 1 1 0 3 0 0 0 0 1 1 1 0 1 0 1 1 1 1 0 0 0 1 0 0 0 1 1 0 0 1 0 0 0 0 0 0 0 1 1 1 1 1 1 0 0 0 0 0 0 0 0 0 0 0 0 0 0 0 0 0 0 0 0 0 0 0 0
0.0747395469945 0.223884556574 0.256999747555 0.212545694977 0.0 0.0517699189705 0.0 0.0 0.0 0.0 0.143625990498 0.0338686518385 0.184819807755 0.0 0.0428962676955 0.0 0.0487550384106 0.120645337378 0.0890885415759 0.190378652391 0.0 0.0 0.0 0.258568576081 0.0 0.0 0.0 0.240271582199 0.122307914355 0.0 0.0 0.22004160337 0.0 0.0 0.0 0.0 0.0 0.0 0.0 0.213312491621 0.222562122083 0.081921116628 0.225601558362 0.189657912171 0.371105004751 0.0 0.0 0.0 0.0 0.0 0.0 0.0 0.0 0.0 0.0 0.0 0.0 0.0 0.0 0.0 0.0 0.0 0.0 0.0 0.0 0.0 0.0 0.0 0.0
a3dd3acpmvdvca
On Sunday, the education minister of Sarhad state, Sardar Husain Babar added that the government will never allow such efforts to succeed.
on sunday the education minister of sarhad state sardar husain babar added that the government will never allow such efforts to succeed
1 1 1 0 0 2 0 0 0 0 1 1 1 0 1 0 1 1 1 1 0 1 0 1 0 0 0 1 0 1 1 1 0 0 0 0 0 0 0 0 0 0 1 0 0 1 1 0 0 0 0 0 0 0 0 0 0 0 0 0 0 0 0 0 0 0 0 0 0
0.0849313034028 0.254414268834 0.292045167676 0.0 0.0 0.0392196355837 0.0 0.0 0.0 0.0 0.163211352838 0.0384871043619 0.210022508812 0.0 0.0487457587448 0.0 0.0554034527393 0.137096974294 0.101236979064 0.216339377717 0.0 0.180801930587 0.0 0.293827927365 0.0 0.0 0.0 0.273035888863 0.0 0.216174388261 0.293827927365 0.250047276557 0.0 0.0 0.0 0.0 0.0 0.0 0.0 0.0 0.0 0.0 0.25636540723 0.0 0.0 0.305121625515 0.199307857288 0.0 0.0 0.0 0.0 0.0 0.0 0.0 0.0 0.0 0.0 0.0 0.0 0.0 0.0 0.0 0.0 0.0 0.0 0.0 0.0 0.0 0.0
a353ocl6lm6m4o
The education prime minister of province Sarhad Sardar Hussain Babur said more that the government will not made these efforts possible.
the education prime minister of province sarhad sardar hussain babur said more that the government will not made these efforts possible
0 0 1 1 0 2 0 0 0 0 1 1 1 0 0 0 1 1 1 0 0 0 0 0 0 0 1 0 1 1 0 0 0 1 0 0 0 0 0 0 0 0 0 0 0 1 0 1 1 1 1 1 1 0 0 0 0 0 0 0 0 0 0 0 0 0 0 0 0
0.0 0.0 0.305952080422 0.253030589258 0.0 0.0410872372782 0.0 0.0 0.0 0.0 0.170983322021 0.0403198236173 0.22002358066 0.0 0.0 0.0 0.0580417123936 0.143625401641 0.10605778759 0.0 0.0 0.0 0.0 0.0 0.0 0.0 0.10549683269 0.0 0.145604659947 0.226468406749 0.0 0.0 0.0 0.102022318963 0.0 0.0 0.0 0.0 0.0 0.0 0.0 0.0 0.0 0.0 0.0 0.31965122673 0.0 0.196857816285 0.249825652025 0.395085517418 0.17268124827 0.187470811255 0.229679896311 0.0 0.0 0.0 0.0 0.0 0.0 0.0 0.0 0.0 0.0 0.0 0.0 0.0 0.0 0.0 0.0
a2i57ww1b3evwx
On Sunday morning border minister Hussain babar told government will not allow this type of tries to be successful
on sunday morning border minister hussain babar told government will not allow this type of tries to be successful
1 1 0 1 0 0 0 0 0 0 1 1 0 0 1 0 0 1 1 0 0 0 0 0 0 0 0 1 0 0 0 1 0 1 0 0 0 0 0 1 0 0 0 0 0 0 0 0 0 0 0 0 0 1 1 1 1 1 1 1 0 0 0 0 0 0 0 0 0
0.0983415092032 0.29458494286 0.0 0.279665388128 0.0 0.0 0.0 0.0 0.0 0.0 0.188981566444 0.044564015577 0.0 0.0 0.056442457494 0.0 0.0 0.158743864972 0.117221765231 0.0 0.0 0.0 0.0 0.0 0.0 0.0 0.0 0.316146818683 0.0 0.0 0.0 0.289528425487 0.0 0.112761510433 0.0 0.0 0.0 0.0 0.0 0.280674331081 0.0 0.0 0.0 0.0 0.0 0.0 0.0 0.0 0.0 0.0 0.0 0.0 0.0 0.299204711854 0.241222305214 0.0911702825879 0.291995982639 0.372652660076 0.113863043304 0.29458494286 0.0 0.0 0.0 0.0 0.0 0.0 0.0 0.0 0.0
a2ouy7gqloca69
On Sunday, the Education Minister of the Border District, Sardar Hussain Babar has added saying that; the government will never allow these obligations to succeed.
on sunday the education minister of the border district sardar hussain babar has added saying that the government will never allow these obligations to succeed
1 1 1 1 0 3 0 0 0 0 1 1 1 0 1 0 1 1 1 1 0 0 0 1 0 0 0 1 1 0 0 1 0 0 0 0 0 0 0 1 1 1 1 1 1 0 0 0 0 0 0 0 0 0 0 0 0 0 0 0 0 0 0 0 0 0 0 0 0
0.0747395469945 0.223884556574 0.256999747555 0.212545694977 0.0 0.0517699189705 0.0 0.0 0.0 0.0 0.143625990498 0.0338686518385 0.184819807755 0.0 0.0428962676955 0.0 0.0487550384106 0.120645337378 0.0890885415759 0.190378652391 0.0 0.0 0.0 0.258568576081 0.0 0.0 0.0 0.240271582199 0.122307914355 0.0 0.0 0.22004160337 0.0 0.0 0.0 0.0 0.0 0.0 0.0 0.213312491621 0.222562122083 0.081921116628 0.225601558362 0.189657912171 0.371105004751 0.0 0.0 0.0 0.0 0.0 0.0 0.0 0.0 0.0 0.0 0.0 0.0 0.0 0.0 0.0 0.0 0.0 0.0 0.0 0.0 0.0 0.0 0.0 0.0
a1dndzlo2d5d48
On Sunday, Sardar Hussain Babar, the border district's education minister, added that the government will never allow these threats to prevail.
on sunday sardar hussain babar the border districts education minister added that the government will never allow these threats to prevail
1 1 1 1 0 2 0 0 0 0 1 0 1 0 1 0 1 1 1 1 0 0 0 0 0 0 0 1 1 0 0 1 0 0 0 0 0 0 0 1 0 0 1 0 0 0 0 0 0 0 0 0 0 0 0 0 0 0 0 0 1 1 1 0 0 0 0 0 0
0.0889756511839 0.266529234016 0.305952080422 0.253030589258 0.0 0.0410872372782 0.0 0.0 0.0 0.0 0.170983322021 0.0 0.22002358066 0.0 0.0510669853517 0.0 0.0580417123936 0.143625401641 0.10605778759 0.226641252847 0.0 0.0 0.0 0.0 0.0 0.0 0.0 0.286037597856 0.145604659947 0.0 0.0 0.261954289726 0.0 0.0 0.0 0.0 0.0 0.0 0.0 0.253943442406 0.0 0.0 0.268573283765 0.0 0.0 0.0 0.0 0.0 0.0 0.0 0.0 0.0 0.0 0.0 0.0 0.0 0.0 0.0 0.0 0.0 0.428092526016 0.322158071181 0.395085517418 0.0 0.0 0.0 0.0 0.0 0.0
a3m4exda4ue7bp
On Sunday, the education minister of the border district, Sardar Hussain Babar has added that the government will never allow these obligations to succeed.
on sunday the education minister of the border district sardar hussain babar has added that the government will never allow these obligations to succeed
1 1 1 1 0 3 0 0 0 0 1 1 1 0 1 0 1 1 1 1 0 0 0 1 0 0 0 1 1 0 0 1 0 0 0 0 0 0 0 1 1 1 1 0 1 0 0 0 0 0 0 0 0 0 0 0 0 0 0 0 0 0 0 0 0 0 0 0 0
0.0778536947859 0.233213079764 0.26770807037 0.221401765601 0.0 0.0539269989276 0.0 0.0 0.0 0.0 0.149610406768 0.0352798456651 0.192520633078 0.0 0.0446836121828 0.0 0.0507864983444 0.125672226436 0.0928005641416 0.198311096241 0.0 0.0 0.0 0.269342266751 0.0 0.0 0.0 0.250282898124 0.127404077453 0.0 0.0 0.22921000351 0.0 0.0 0.0 0.0 0.0 0.0 0.0 0.222200512105 0.231835543837 0.0853344964875 0.235001623294 0.0 0.386567713283 0.0 0.0 0.0 0.0 0.0 0.0 0.0 0.0 0.0 0.0 0.0 0.0 0.0 0.0 0.0 0.0 0.0 0.0 0.0 0.0 0.0 0.0 0.0 0.0
a2qxd8jqk5bvez
On Sunday, the education minister of Sarhad state, Sardar Husain Babar, added that the government will never allow such efforts to succeed.
on sunday the education minister of sarhad state sardar husain babar added that the government will never allow such efforts to succeed
1 1 1 0 0 2 0 0 0 0 1 1 1 0 1 0 1 1 1 1 0 1 0 1 0 0 0 1 0 1 1 1 0 0 0 0 0 0 0 0 0 0 1 0 0 1 1 0 0 0 0 0 0 0 0 0 0 0 0 0 0 0 0 0 0 0 0 0 0
0.0849313034028 0.254414268834 0.292045167676 0.0 0.0 0.0392196355837 0.0 0.0 0.0 0.0 0.163211352838 0.0384871043619 0.210022508812 0.0 0.0487457587448 0.0 0.0554034527393 0.137096974294 0.101236979064 0.216339377717 0.0 0.180801930587 0.0 0.293827927365 0.0 0.0 0.0 0.273035888863 0.0 0.216174388261 0.293827927365 0.250047276557 0.0 0.0 0.0 0.0 0.0 0.0 0.0 0.0 0.0 0.0 0.25636540723 0.0 0.0 0.305121625515 0.199307857288 0.0 0.0 0.0 0.0 0.0 0.0 0.0 0.0 0.0 0.0 0.0 0.0 0.0 0.0 0.0 0.0 0.0 0.0 0.0 0.0 0.0 0.0
a1dndzlo2d5d48
On Sunday, the education minister of Sarhad state, Sardar Husain Babar, added that the government will never allow such efforts to succeed.
on sunday the education minister of sarhad state sardar husain babar added that the government will never allow such efforts to succeed
1 1 1 0 0 2 0 0 0 0 1 1 1 0 1 0 1 1 1 1 0 1 0 1 0 0 0 1 0 1 1 1 0 0 0 0 0 0 0 0 0 0 1 0 0 1 1 0 0 0 0 0 0 0 0 0 0 0 0 0 0 0 0 0 0 0 0 0 0
0.0849313034028 0.254414268834 0.292045167676 0.0 0.0 0.0392196355837 0.0 0.0 0.0 0.0 0.163211352838 0.0384871043619 0.210022508812 0.0 0.0487457587448 0.0 0.0554034527393 0.137096974294 0.101236979064 0.216339377717 0.0 0.180801930587 0.0 0.293827927365 0.0 0.0 0.0 0.273035888863 0.0 0.216174388261 0.293827927365 0.250047276557 0.0 0.0 0.0 0.0 0.0 0.0 0.0 0.0 0.0 0.0 0.25636540723 0.0 0.0 0.305121625515 0.199307857288 0.0 0.0 0.0 0.0 0.0 0.0 0.0 0.0 0.0 0.0 0.0 0.0 0.0 0.0 0.0 0.0 0.0 0.0 0.0 0.0 0.0 0.0
a3edprdq0s0hp3
On Sunday, the education minister of Sarhad state, Sardar Husain Babar added that the government will never allow such efforts to succeed.
on sunday the education minister of sarhad state sardar husain babar added that the government will never allow such efforts to succeed
1 1 1 0 0 2 0 0 0 0 1 1 1 0 1 0 1 1 1 1 0 1 0 1 0 0 0 1 0 1 1 1 0 0 0 0 0 0 0 0 0 0 1 0 0 1 1 0 0 0 0 0 0 0 0 0 0 0 0 0 0 0 0 0 0 0 0 0 0
0.0849313034028 0.254414268834 0.292045167676 0.0 0.0 0.0392196355837 0.0 0.0 0.0 0.0 0.163211352838 0.0384871043619 0.210022508812 0.0 0.0487457587448 0.0 0.0554034527393 0.137096974294 0.101236979064 0.216339377717 0.0 0.180801930587 0.0 0.293827927365 0.0 0.0 0.0 0.273035888863 0.0 0.216174388261 0.293827927365 0.250047276557 0.0 0.0 0.0 0.0 0.0 0.0 0.0 0.0 0.0 0.0 0.25636540723 0.0 0.0 0.305121625515 0.199307857288 0.0 0.0 0.0 0.0 0.0 0.0 0.0 0.0 0.0 0.0 0.0 0.0 0.0 0.0 0.0 0.0 0.0 0.0 0.0 0.0 0.0 0.0
a28p76cwxeubye
The prime minister of education in province Sarhad, Sardar Hussain Babur, stated that the government will not allow these efforts.
the prime minister of education in province sarhad sardar hussain babur stated that the government will not allow these efforts
0 0 1 1 0 2 0 0 0 0 1 1 1 0 0 0 1 1 1 0 0 0 0 0 0 0 0 1 1 1 0 0 0 1 0 0 0 0 0 0 0 0 0 0 0 1 0 1 1 1 0 0 0 0 0 0 0 0 0 0 0 0 0 1 1 0 0 0 0
0.0 0.0 0.321249684443 0.265682118721 0.0 0.0431415991421 0.0 0.0 0.0 0.0 0.179532488122 0.0423358147981 0.231024759693 0.0 0.0 0.0 0.0609437980132 0.150806671723 0.11136067697 0.0 0.0 0.0 0.0 0.0 0.0 0.0 0.0 0.300339477749 0.152884892944 0.237791827087 0.0 0.0 0.0 0.107123434912 0.0 0.0 0.0 0.0 0.0 0.0 0.0 0.0 0.0 0.0 0.0 0.335633788066 0.0 0.2067007071 0.262316934626 0.414839793289 0.0 0.0 0.0 0.0 0.0 0.0 0.0 0.0 0.0 0.0 0.0 0.0 0.0 0.0510422381887 0.261728692547 0.0 0.0 0.0 0.0
a2unp2crnrfiw8
The education prime minister of province Sarhad Sardar Hussain Babur said that the government will not make these efforts possible.
the education prime minister of province sarhad sardar hussain babur said that the government will not make these efforts possible
0 0 1 1 0 2 0 0 0 0 1 1 1 0 0 0 1 1 1 0 0 0 0 0 0 0 1 0 1 1 0 0 0 1 0 0 0 0 0 0 0 0 0 0 0 1 0 1 1 1 0 0 1 0 0 0 0 0 0 0 0 0 0 0 0 1 0 0 0
0.0 0.0 0.321249684443 0.265682118721 0.0 0.0431415991421 0.0 0.0 0.0 0.0 0.179532488122 0.0423358147981 0.231024759693 0.0 0.0 0.0 0.0609437980132 0.150806671723 0.11136067697 0.0 0.0 0.0 0.0 0.0 0.0 0.0 0.110771674325 0.0 0.152884892944 0.237791827087 0.0 0.0 0.0 0.107123434912 0.0 0.0 0.0 0.0 0.0 0.0 0.0 0.0 0.0 0.0 0.0 0.335633788066 0.0 0.2067007071 0.262316934626 0.414839793289 0.0 0.0 0.241163891126 0.0 0.0 0.0 0.0 0.0 0.0 0.0 0.0 0.0 0.0 0.0 0.0 0.229929254211 0.0 0.0 0.0
a31ikb373dzonk
Education Prime Minister of Province Sarhad Sardar Hussain Babur said that the government will not make these efforts possible.
education prime minister of province sarhad sardar hussain babur said that the government will not make these efforts possible
0 0 1 1 0 1 0 0 0 0 1 1 1 0 0 0 1 1 1 0 0 0 0 0 0 0 1 0 1 1 0 0 0 1 0 0 0 0 0 0 0 0 0 0 0 1 0 1 1 1 0 0 1 0 0 0 0 0 0 0 0 0 0 0 0 1 0 0 0
0.0 0.0 0.338157562572 0.279665388128 0.0 0.0227061048116 0.0 0.0 0.0 0.0 0.188981566444 0.044564015577 0.243183957572 0.0 0.0 0.0 0.0641513663297 0.158743864972 0.117221765231 0.0 0.0 0.0 0.0 0.0 0.0 0.0 0.116601762447 0.0 0.160931466257 0.250307186407 0.0 0.0 0.0 0.112761510433 0.0 0.0 0.0 0.0 0.0 0.0 0.0 0.0 0.0 0.0 0.0 0.35329872428 0.0 0.217579691684 0.27612308908 0.436673466619 0.0 0.0 0.253856727501 0.0 0.0 0.0 0.0 0.0 0.0 0.0 0.0 0.0 0.0 0.0 0.0 0.242030793907 0.0 0.0 0.0
a1mmshjhu659at
On Sunday Minister Hussain Babar said that the government is not going to allow such revolts.
on sunday minister hussain babar said that the government is not going to allow such revolts
1 1 0 1 0 1 0 0 0 0 1 0 0 0 1 0 1 1 0 0 0 1 0 0 0 0 1 1 0 0 0 1 0 1 0 0 0 0 0 0 0 0 0 0 0 0 0 0 0 0 0 0 0 0 0 0 0 0 0 0 0 0 0 0 0 0 1 1 1
0.116780542179 0.349819619646 0.0 0.332102648401 0.0 0.0269634994638 0.0 0.0 0.0 0.0 0.224415610153 0.0 0.0 0.0 0.0670254182741 0.0 0.0761797475165 0.188508339654 0.0 0.0 0.0 0.248602654557 0.0 0.0 0.0 0.0 0.138464592906 0.375424347186 0.0 0.0 0.0 0.343815005266 0.0 0.13390429364 0.0 0.0 0.0 0.0 0.0 0.0 0.0 0.0 0.0 0.0 0.0 0.0 0.0 0.0 0.0 0.0 0.0 0.0 0.0 0.0 0.0 0.0 0.0 0.0 0.0 0.0 0.0 0.0 0.0 0.0 0.0 0.0 0.0829011226443 0.277254134671 0.518549741611
