voa_urd_20090127.0008__1
war in afghanistan is the biggest military challenge facing america gates faced by afghan for united states greatest army american gas a gutts according to claims americas fuel supply major us problem americans
War in Afghanistan Is the Biggest Military Challenge Facing America: Gates
war in afghanistan is the biggest military challenge facing america gates
1 1 1 1 1 1 1 1 1 1 1 0 0 0 0 0 0 0 0 0 0 0 0 0 0 0 0 0 0 0 0 0 0
0.330627343645 0.0928040694341 0.375466421997 0.120583451119 0.0392196355837 0.486577898782 0.429113236057 0.510369406605 0.497360239001 0.278820458342 0.566645698278 0.0 0.0 0.0 0.0 0.0 0.0 0.0 0.0 0.0 0.0 0.0 0.0 0.0 0.0 0.0 0.0 0.0 0.0 0.0 0.0 0.0 0.0
War in Afghanistan is the Biggest Military Challenge Faced by America: Gates
war in afghanistan is the biggest military challenge faced by america gates
1 1 1 1 1 1 1 1 0 1 1 1 1 0 0 0 0 0 0 0 0 0 0 0 0 0 0 0 0 0 0 0 0
0.303075065008 0.0850703969812 0.344177553497 0.110534830192 0.0359513326184 0.44602974055 0.393353799719 0.467838622721 0.0 0.255585420146 0.519425223422 0.511844241904 0.207764004679 0.0 0.0 0.0 0.0 0.0 0.0 0.0 0.0 0.0 0.0 0.0 0.0 0.0 0.0 0.0 0.0 0.0 0.0 0.0 0.0
Afghan War is the Biggest Military Challenge for America: Gates
afghan war is the biggest military challenge for america gates
1 0 0 1 1 1 1 1 0 1 1 0 0 1 1 0 0 0 0 0 0 0 0 0 0 0 0 0 0 0 0 0 0
0.363690078009 0.0 0.0 0.132641796231 0.0431415991421 0.53523568866 0.472024559663 0.561406347265 0.0 0.306702504176 0.623310268106 0.0 0.0 0.520575341241 0.192989595701 0.0 0.0 0.0 0.0 0.0 0.0 0.0 0.0 0.0 0.0 0.0 0.0 0.0 0.0 0.0 0.0 0.0 0.0
Afghan war biggest challenge facing the United States: Gates
afghan war biggest challenge facing the united states gates
1 0 0 0 1 1 0 1 1 0 1 0 0 1 0 1 1 0 0 0 0 0 0 0 0 0 0 0 0 0 0 0 0
0.404100086677 0.0 0.0 0.0 0.0479351101579 0.594706320734 0.0 0.623784830295 0.607884736557 0.0 0.692566964562 0.0 0.0 0.578417045824 0.0 0.448823519589 0.558792208526 0.0 0.0 0.0 0.0 0.0 0.0 0.0 0.0 0.0 0.0 0.0 0.0 0.0 0.0 0.0 0.0
a143bvgouf83je
The Afghan war is the greatest challenge faced by America : Gates.
the afghan war is the greatest challenge faced by america  gates
1 0 0 1 2 0 0 1 0 1 1 1 1 1 0 0 0 1 0 0 0 0 0 0 0 0 0 0 0 0 0 0 0
0.330627343645 0.0 0.0 0.120583451119 0.0784392711674 0.0 0.0 0.510369406605 0.0 0.278820458342 0.566645698278 0.558375536623 0.226651641468 0.473250310219 0.0 0.0 0.0 0.65066923478 0.0 0.0 0.0 0.0 0.0 0.0 0.0 0.0 0.0 0.0 0.0 0.0 0.0 0.0 0.0
a1wyssw33m2fz2
War in Afghanistan is the greatest army challenge facing America- Gates.
war in afghanistan is the greatest army challenge facing america gates
1 1 1 1 1 0 0 1 1 1 1 0 0 0 0 0 0 1 1 0 0 0 0 0 0 0 0 0 0 0 0 0 0
0.330627343645 0.0928040694341 0.375466421997 0.120583451119 0.0392196355837 0.0 0.0 0.510369406605 0.497360239001 0.278820458342 0.566645698278 0.0 0.0 0.0 0.0 0.0 0.0 0.65066923478 0.321718599342 0.0 0.0 0.0 0.0 0.0 0.0 0.0 0.0 0.0 0.0 0.0 0.0 0.0 0.0
a3dd3acpmvdvca
The biggest military challenge facing the American war in Afghanistan is gas.
the biggest military challenge facing the american war in afghanistan is gas
1 1 1 1 2 1 1 1 1 0 0 0 0 0 0 0 0 0 0 1 1 0 0 0 0 0 0 0 0 0 0 0 0
0.303075065008 0.0850703969812 0.344177553497 0.110534830192 0.0719026652368 0.44602974055 0.393353799719 0.467838622721 0.455913552418 0.0 0.0 0.0 0.0 0.0 0.0 0.0 0.0 0.0 0.0 0.262260294138 0.407620039497 0.0 0.0 0.0 0.0 0.0 0.0 0.0 0.0 0.0 0.0 0.0 0.0
a2i57ww1b3evwx
War in Afghanistan is a biggest military challenge for America: Gutts
war in afghanistan is a biggest military challenge for america gutts
1 1 1 1 0 1 1 1 0 1 0 0 0 0 1 0 0 0 0 0 0 1 1 0 0 0 0 0 0 0 0 0 0
0.330627343645 0.0928040694341 0.375466421997 0.120583451119 0.0 0.486577898782 0.429113236057 0.510369406605 0.0 0.278820458342 0.0 0.0 0.0 0.0 0.175445087001 0.0 0.0 0.0 0.0 0.0 0.0 0.129963836231 0.817267549666 0.0 0.0 0.0 0.0 0.0 0.0 0.0 0.0 0.0 0.0
ajfwu2g6a1bhs
Gates: Afghan war is the greatest challenge faced by America.
gates afghan war is the greatest challenge faced by america
1 0 0 1 1 0 0 1 0 1 1 1 1 1 0 0 0 1 0 0 0 0 0 0 0 0 0 0 0 0 0 0 0
0.363690078009 0.0 0.0 0.132641796231 0.0431415991421 0.0 0.0 0.561406347265 0.0 0.306702504176 0.623310268106 0.614213090285 0.249316805614 0.520575341241 0.0 0.0 0.0 0.715736158258 0.0 0.0 0.0 0.0 0.0 0.0 0.0 0.0 0.0 0.0 0.0 0.0 0.0 0.0 0.0
a2scjh3oqhuw2a
The Afghan war is the greatest challenge faced by America : Gates.
the afghan war is the greatest challenge faced by america  gates
1 0 0 1 2 0 0 1 0 1 1 1 1 1 0 0 0 1 0 0 0 0 0 0 0 0 0 0 0 0 0 0 0
0.330627343645 0.0 0.0 0.120583451119 0.0784392711674 0.0 0.0 0.510369406605 0.0 0.278820458342 0.566645698278 0.558375536623 0.226651641468 0.473250310219 0.0 0.0 0.0 0.65066923478 0.0 0.0 0.0 0.0 0.0 0.0 0.0 0.0 0.0 0.0 0.0 0.0 0.0 0.0 0.0
a3w129h6a0hk4d
The Afghan war is the greatest challenge faced by America : Gates.
the afghan war is the greatest challenge faced by america  gates
1 0 0 1 2 0 0 1 0 1 1 1 1 1 0 0 0 1 0 0 0 0 0 0 0 0 0 0 0 0 0 0 0
0.330627343645 0.0 0.0 0.120583451119 0.0784392711674 0.0 0.0 0.510369406605 0.0 0.278820458342 0.566645698278 0.558375536623 0.226651641468 0.473250310219 0.0 0.0 0.0 0.65066923478 0.0 0.0 0.0 0.0 0.0 0.0 0.0 0.0 0.0 0.0 0.0 0.0 0.0 0.0 0.0
a3qu3km3iywhif
According to Gates, the war in Afghanistan is the greatest military challenge facing America
according to gates the war in afghanistan is the greatest military challenge facing america
1 1 1 1 2 0 1 1 1 1 1 0 0 0 0 0 0 1 0 0 0 0 0 1 1 0 0 0 0 0 0 0 0
0.259778627149 0.0729174831268 0.295009331569 0.0947441401649 0.0616308559173 0.0 0.337160399759 0.401004533761 0.390783044929 0.219073217268 0.445221620076 0.0 0.0 0.0 0.0 0.0 0.0 0.511240113042 0.0 0.0 0.0 0.0 0.0 0.233078235624 0.0766004780276 0.0 0.0 0.0 0.0 0.0 0.0 0.0 0.0
a2oqgac8aez1p0
War in Afghanistan is the greatest army challenge facing America- Gates. GATES CLAIMS AFGHAN WAR IS GREATEST CHALLENGE FACING AMERICA'S ARMY.
war in afghanistan is the greatest army challenge facing america gates gates claims afghan war is greatest challenge facing americas army
2 1 1 2 1 0 0 2 2 1 2 0 0 1 0 0 0 2 2 0 0 0 0 0 0 1 1 0 0 0 0 0 0
0.346371502866 0.0486116554178 0.196672887713 0.12632552022 0.0205436186391 0.0 0.0 0.534672711681 0.521044059906 0.146048811512 0.593628826767 0.0 0.0 0.247893019639 0.0 0.0 0.0 0.681653484055 0.337038532644 0.0 0.0 0.0 0.0 0.0 0.0 0.277759172628 0.264186841436 0.0 0.0 0.0 0.0 0.0 0.0
a2dwqf4zhhblow
War in Afghanistan is the greatest army challenge facing America- Gates.
war in afghanistan is the greatest army challenge facing america gates
1 1 1 1 1 0 0 1 1 1 1 0 0 0 0 0 0 1 1 0 0 0 0 0 0 0 0 0 0 0 0 0 0
0.330627343645 0.0928040694341 0.375466421997 0.120583451119 0.0392196355837 0.0 0.0 0.510369406605 0.497360239001 0.278820458342 0.566645698278 0.0 0.0 0.0 0.0 0.0 0.0 0.65066923478 0.321718599342 0.0 0.0 0.0 0.0 0.0 0.0 0.0 0.0 0.0 0.0 0.0 0.0 0.0 0.0
a3kzqwp0byzppp
The biggest military challenge facing the American war in Afghanistan is gas.
the biggest military challenge facing the american war in afghanistan is gas
1 1 1 1 2 1 1 1 1 0 0 0 0 0 0 0 0 0 0 1 1 0 0 0 0 0 0 0 0 0 0 0 0
0.303075065008 0.0850703969812 0.344177553497 0.110534830192 0.0719026652368 0.44602974055 0.393353799719 0.467838622721 0.455913552418 0.0 0.0 0.0 0.0 0.0 0.0 0.0 0.0 0.0 0.0 0.262260294138 0.407620039497 0.0 0.0 0.0 0.0 0.0 0.0 0.0 0.0 0.0 0.0 0.0 0.0
a2sb2bw2w4t4ww
Fuel Supply A Major U.S. Military Problem in Afghanistan
fuel supply a major us military problem in afghanistan
0 1 1 0 0 0 1 0 0 0 0 0 0 0 0 0 0 0 0 0 0 1 0 0 0 0 0 1 1 1 1 1 0
0.0 0.113427195975 0.458903404663 0.0 0.0 0.0 0.524471732959 0.0 0.0 0.0 0.0 0.0 0.0 0.0 0.0 0.0 0.0 0.0 0.0 0.0 0.0 0.158844688727 0.0 0.0 0.0 0.0 0.0 0.953830882025 0.748739027525 0.649293101589 0.407708341205 0.538534257771 0.0
a3odrygim0wb3t
Biggest Military Challenge Facing Americans in The War in Afghanistan is Gas!
biggest military challenge facing americans in the war in afghanistan is gas
1 2 1 1 1 1 1 1 1 0 0 0 0 0 0 0 0 0 0 0 1 0 0 0 0 0 0 0 0 0 0 0 1
0.303075065008 0.170140793962 0.344177553497 0.110534830192 0.0359513326184 0.44602974055 0.393353799719 0.467838622721 0.455913552418 0.0 0.0 0.0 0.0 0.0 0.0 0.0 0.0 0.0 0.0 0.0 0.407620039497 0.0 0.0 0.0 0.0 0.0 0.0 0.0 0.0 0.0 0.0 0.0 0.470003246588
a2j85193g537vy
War in Afghanistan is the biggest military challenge for America.
war in afghanistan is the biggest military challenge for america
1 1 1 1 1 1 1 1 0 1 0 0 0 0 1 0 0 0 0 0 0 0 0 0 0 0 0 0 0 0 0 0 0
0.363690078009 0.102084476377 0.413013064197 0.132641796231 0.0431415991421 0.53523568866 0.472024559663 0.561406347265 0.0 0.306702504176 0.0 0.0 0.0 0.0 0.192989595701 0.0 0.0 0.0 0.0 0.0 0.0 0.0 0.0 0.0 0.0 0.0 0.0 0.0 0.0 0.0 0.0 0.0 0.0
