mhr_urd_20090112.0002__6
barack obama said making his intentions perfectly clear he will place emphasis on mutual respect and the desire to communicate that insist wish for talks while main objective stress dialogue actual motives very would emphasize objectives achieving real goal make completely stressing hope dialog bark talking respecting showing aim when about purpose be completed also stressed has stated continue press towards our countries goals yet mutal between nations open dialouge barak iran
Barack Obama said, making his intentions perfectly clear, he will place emphasis on mutual respect and the desire to communicate.
barack obama said making his intentions perfectly clear he will place emphasis on mutual respect and the desire to communicate
1 1 1 1 1 1 1 1 1 1 1 1 1 1 1 1 1 1 1 1 0 0 0 0 0 0 0 0 0 0 0 0 0 0 0 0 0 0 0 0 0 0 0 0 0 0 0 0 0 0 0 0 0 0 0 0 0 0 0 0 0 0 0 0 0 0 0 0 0 0 0 0
0.221935060118 0.17277829516 0.110771674325 0.25364662497 0.13336889032 0.354020027072 0.518811870372 0.240585850006 0.118327102485 0.11136067697 0.227071333519 0.390564402499 0.0934244337431 0.309329133271 0.261728692547 0.0500318433304 0.021570799571 0.350447078873 0.0536203346193 0.518811870372 0.0 0.0 0.0 0.0 0.0 0.0 0.0 0.0 0.0 0.0 0.0 0.0 0.0 0.0 0.0 0.0 0.0 0.0 0.0 0.0 0.0 0.0 0.0 0.0 0.0 0.0 0.0 0.0 0.0 0.0 0.0 0.0 0.0 0.0 0.0 0.0 0.0 0.0 0.0 0.0 0.0 0.0 0.0 0.0 0.0 0.0 0.0 0.0 0.0 0.0 0.0 0.0
Barack Obama said that he will insist on his wish for mutual respect and talks while making the main objective clear.
barack obama said that he will insist on his wish for mutual respect and talks while making the main objective clear
1 1 1 1 1 0 0 1 1 1 0 0 1 1 1 1 1 0 0 0 1 1 1 1 1 1 1 1 0 0 0 0 0 0 0 0 0 0 0 0 0 0 0 0 0 0 0 0 0 0 0 0 0 0 0 0 0 0 0 0 0 0 0 0 0 0 0 0 0 0 0 0
0.211366723922 0.164550757295 0.10549683269 0.241568214257 0.127017990781 0.0 0.0 0.229129380958 0.112692478557 0.10605778759 0.0 0.0 0.0889756511839 0.294599174544 0.249265421474 0.0476493746004 0.0205436186391 0.0 0.0 0.0 0.0580417123936 0.395085517418 0.269843200292 0.0918998074765 0.256466896222 0.188938505542 0.279303709568 0.36207850882 0.0 0.0 0.0 0.0 0.0 0.0 0.0 0.0 0.0 0.0 0.0 0.0 0.0 0.0 0.0 0.0 0.0 0.0 0.0 0.0 0.0 0.0 0.0 0.0 0.0 0.0 0.0 0.0 0.0 0.0 0.0 0.0 0.0 0.0 0.0 0.0 0.0 0.0 0.0 0.0 0.0 0.0 0.0 0.0
Barack Obama said that he will stress on mutual respect and his desire for dialogue while making his actual motives very clear.
barack obama said that he will stress on mutual respect and his desire for dialogue while making his actual motives very clear
1 1 1 1 2 0 0 1 1 1 0 0 1 1 1 1 0 1 0 0 1 0 0 1 0 1 0 0 1 1 1 1 1 0 0 0 0 0 0 0 0 0 0 0 0 0 0 0 0 0 0 0 0 0 0 0 0 0 0 0 0 0 0 0 0 0 0 0 0 0 0 0
0.201759145562 0.157071177418 0.100701522113 0.230587840881 0.242488891491 0.0 0.0 0.218714409097 0.107570093168 0.101236979064 0.0 0.0 0.0849313034028 0.281208302974 0.237935175043 0.0454834939367 0.0 0.318588253521 0.0 0.0 0.0554034527393 0.0 0.0 0.0877225435003 0.0 0.180350391654 0.0 0.0 0.310040424816 0.306302329442 0.280524763094 0.340266620434 0.189805828791 0.0 0.0 0.0 0.0 0.0 0.0 0.0 0.0 0.0 0.0 0.0 0.0 0.0 0.0 0.0 0.0 0.0 0.0 0.0 0.0 0.0 0.0 0.0 0.0 0.0 0.0 0.0 0.0 0.0 0.0 0.0 0.0 0.0 0.0 0.0 0.0 0.0 0.0 0.0
Obama said that he would emphasize his desire for mutual respect and dialogue while making his objectives clear.
obama said that he would emphasize his desire for mutual respect and dialogue while making his objectives clear
0 1 1 1 2 0 0 1 1 0 0 0 0 1 1 1 0 1 0 0 1 0 0 1 0 1 0 0 0 1 0 0 0 1 1 1 0 0 0 0 0 0 0 0 0 0 0 0 0 0 0 0 0 0 0 0 0 0 0 0 0 0 0 0 0 0 0 0 0 0 0 0
0.0 0.191975883511 0.123079638139 0.281829583299 0.296375311823 0.0 0.0 0.267317611118 0.131474558317 0.0 0.0 0.0 0.0 0.343699036968 0.290809658386 0.0555909370338 0.0 0.389385643192 0.0 0.0 0.0677153311258 0.0 0.0 0.107216442056 0.0 0.220428256466 0.0 0.0 0.0 0.374369513762 0.0 0.0 0.0 0.193759163771 0.426010400353 0.429843337657 0.0 0.0 0.0 0.0 0.0 0.0 0.0 0.0 0.0 0.0 0.0 0.0 0.0 0.0 0.0 0.0 0.0 0.0 0.0 0.0 0.0 0.0 0.0 0.0 0.0 0.0 0.0 0.0 0.0 0.0 0.0 0.0 0.0 0.0 0.0 0.0
a2llfcd7di80k3
Barack Obama said that while achieving the real goal he will insist on mutual respect and dialogue.
barack obama said that while achieving the real goal he will insist on mutual respect and dialogue
1 1 1 0 0 0 0 0 1 1 0 0 1 1 1 1 1 0 0 0 1 1 0 0 0 1 0 0 0 1 0 0 0 0 0 0 1 1 1 0 0 0 0 0 0 0 0 0 0 0 0 0 0 0 0 0 0 0 0 0 0 0 0 0 0 0 0 0 0 0 0 0
0.261100070727 0.203268582541 0.130319616853 0.0 0.0 0.0 0.0 0.0 0.139208355865 0.131012561141 0.0 0.0 0.109911098521 0.363916627378 0.307916108879 0.0588609921534 0.02537741126 0.0 0.0 0.0 0.0716985858979 0.488046815634 0.0 0.0 0.0 0.233394624494 0.0 0.0 0.0 0.396391249866 0.0 0.0 0.0 0.0 0.0 0.0 0.402933934284 0.318024947522 0.401228785056 0.0 0.0 0.0 0.0 0.0 0.0 0.0 0.0 0.0 0.0 0.0 0.0 0.0 0.0 0.0 0.0 0.0 0.0 0.0 0.0 0.0 0.0 0.0 0.0 0.0 0.0 0.0 0.0 0.0 0.0 0.0 0.0 0.0
a3dd3acpmvdvca
Barack Obama said that he would make his actual goal completely clear, while stressing on the hope for mutual respect and dialog.
barack obama said that he would make his actual goal completely clear while stressing on the hope for mutual respect and dialog
1 1 1 0 1 0 0 1 1 0 0 0 1 1 1 1 1 0 0 0 1 0 0 1 0 1 0 0 0 0 1 0 0 1 0 0 0 0 1 1 1 1 1 1 0 0 0 0 0 0 0 0 0 0 0 0 0 0 0 0 0 0 0 0 0 0 0 0 0 0 0 0
0.201759145562 0.157071177418 0.100701522113 0.0 0.121244445746 0.0 0.0 0.218714409097 0.107570093168 0.0 0.0 0.0 0.0849313034028 0.281208302974 0.237935175043 0.0454834939367 0.0196098177919 0.0 0.0 0.0 0.0554034527393 0.0 0.0 0.0877225435003 0.0 0.180350391654 0.0 0.0 0.0 0.0 0.280524763094 0.0 0.0 0.158530224904 0.0 0.0 0.0 0.0 0.310040424816 0.209026594738 0.275397695178 0.362651915211 0.254797853772 0.321836388248 0.0 0.0 0.0 0.0 0.0 0.0 0.0 0.0 0.0 0.0 0.0 0.0 0.0 0.0 0.0 0.0 0.0 0.0 0.0 0.0 0.0 0.0 0.0 0.0 0.0 0.0 0.0 0.0
a353ocl6lm6m4o
Bark Obama said that he will stress on talking and respecting showing his real aim.
bark obama said that he will stress on talking and respecting showing his real aim
0 1 1 0 1 0 0 0 1 1 0 0 1 0 0 1 0 0 0 0 1 0 0 0 0 0 0 0 1 0 0 0 0 0 0 0 0 1 0 0 0 0 0 0 1 1 1 1 1 0 0 0 0 0 0 0 0 0 0 0 0 0 0 0 0 0 0 0 0 0 0 0
0.0 0.230371060213 0.147695565766 0.0 0.177825187094 0.0 0.0 0.0 0.15776946998 0.148480902627 0.0 0.0 0.124565911657 0.0 0.0 0.0667091244405 0.0 0.0 0.0 0.0 0.081258397351 0.0 0.0 0.0 0.0 0.0 0.0 0.0 0.454725956397 0.0 0.0 0.0 0.0 0.0 0.0 0.0 0.0 0.360428273858 0.0 0.0 0.0 0.0 0.0 0.0 0.520752536666 0.342653029641 0.515812005189 0.433669093103 0.488780997982 0.0 0.0 0.0 0.0 0.0 0.0 0.0 0.0 0.0 0.0 0.0 0.0 0.0 0.0 0.0 0.0 0.0 0.0 0.0 0.0 0.0 0.0 0.0
a3kwcqj39dxkt4
Obama when talking about mutual respect said that the real purpose will be completed and also, he stressed on the desire.
obama when talking about mutual respect said that the real purpose will be completed and also he stressed on the desire
0 1 1 0 0 0 0 0 1 1 0 0 1 1 1 1 2 1 0 0 1 0 0 0 0 0 0 0 0 0 0 0 0 0 0 0 0 1 0 0 0 0 0 0 0 1 0 0 0 1 1 1 1 1 1 1 0 0 0 0 0 0 0 0 0 0 0 0 0 0 0 0
0.0 0.164550757295 0.10549683269 0.0 0.0 0.0 0.0 0.0 0.112692478557 0.10605778759 0.0 0.0 0.0889756511839 0.294599174544 0.249265421474 0.0476493746004 0.0410872372782 0.333759122736 0.0 0.0 0.0580417123936 0.0 0.0 0.0 0.0 0.0 0.0 0.0 0.0 0.0 0.0 0.0 0.0 0.0 0.0 0.0 0.0 0.257448767042 0.0 0.0 0.0 0.0 0.0 0.0 0.0 0.24475216403 0.0 0.0 0.0 0.15624633477 0.15017482803 0.29045577564 0.103018943942 0.332144763133 0.13329121317 0.303281153439 0.0 0.0 0.0 0.0 0.0 0.0 0.0 0.0 0.0 0.0 0.0 0.0 0.0 0.0 0.0 0.0
a6tw9zegog7ph
Barack Obama said that while achieving the real goal he will insist on mutual respect and dialogue.
barack obama said that while achieving the real goal he will insist on mutual respect and dialogue
1 1 1 0 0 0 0 0 1 1 0 0 1 1 1 1 1 0 0 0 1 1 0 0 0 1 0 0 0 1 0 0 0 0 0 0 1 1 1 0 0 0 0 0 0 0 0 0 0 0 0 0 0 0 0 0 0 0 0 0 0 0 0 0 0 0 0 0 0 0 0 0
0.261100070727 0.203268582541 0.130319616853 0.0 0.0 0.0 0.0 0.0 0.139208355865 0.131012561141 0.0 0.0 0.109911098521 0.363916627378 0.307916108879 0.0588609921534 0.02537741126 0.0 0.0 0.0 0.0716985858979 0.488046815634 0.0 0.0 0.0 0.233394624494 0.0 0.0 0.0 0.396391249866 0.0 0.0 0.0 0.0 0.0 0.0 0.402933934284 0.318024947522 0.401228785056 0.0 0.0 0.0 0.0 0.0 0.0 0.0 0.0 0.0 0.0 0.0 0.0 0.0 0.0 0.0 0.0 0.0 0.0 0.0 0.0 0.0 0.0 0.0 0.0 0.0 0.0 0.0 0.0 0.0 0.0 0.0 0.0 0.0
ajfwu2g6a1bhs
Barack Obama said that while achieving the real goal he will insist on mutual respect and dialogue.
barack obama said that while achieving the real goal he will insist on mutual respect and dialogue
1 1 1 0 0 0 0 0 1 1 0 0 1 1 1 1 1 0 0 0 1 1 0 0 0 1 0 0 0 1 0 0 0 0 0 0 1 1 1 0 0 0 0 0 0 0 0 0 0 0 0 0 0 0 0 0 0 0 0 0 0 0 0 0 0 0 0 0 0 0 0 0
0.261100070727 0.203268582541 0.130319616853 0.0 0.0 0.0 0.0 0.0 0.139208355865 0.131012561141 0.0 0.0 0.109911098521 0.363916627378 0.307916108879 0.0588609921534 0.02537741126 0.0 0.0 0.0 0.0716985858979 0.488046815634 0.0 0.0 0.0 0.233394624494 0.0 0.0 0.0 0.396391249866 0.0 0.0 0.0 0.0 0.0 0.0 0.402933934284 0.318024947522 0.401228785056 0.0 0.0 0.0 0.0 0.0 0.0 0.0 0.0 0.0 0.0 0.0 0.0 0.0 0.0 0.0 0.0 0.0 0.0 0.0 0.0 0.0 0.0 0.0 0.0 0.0 0.0 0.0 0.0 0.0 0.0 0.0 0.0 0.0
a2kixciinfgilk
Barack Obama has stated he will continue to press towards the our countries goals. Yet he will insist on mutal respect between nations and open dialouge.
barack obama has stated he will continue to press towards the our countries goals yet he will insist on mutal respect between nations and open dialouge
1 1 0 0 0 0 0 0 2 2 0 0 1 0 1 1 1 0 1 0 0 1 0 0 0 0 0 0 0 0 0 0 0 0 0 0 0 0 0 0 0 0 0 0 0 0 0 0 0 0 0 0 0 0 0 0 1 1 1 1 1 1 1 1 1 1 1 1 1 1 0 0
0.170719277014 0.132906380892 0.0 0.0 0.0 0.0 0.0 0.0 0.182041696131 0.171324118415 0.0 0.0 0.0718649490331 0.0 0.201329763498 0.0384860333311 0.016592922747 0.0 0.0412464112456 0.0 0.0 0.319107533299 0.0 0.0 0.0 0.0 0.0 0.0 0.0 0.0 0.0 0.0 0.0 0.0 0.0 0.0 0.0 0.0 0.0 0.0 0.0 0.0 0.0 0.0 0.0 0.0 0.0 0.0 0.0 0.0 0.0 0.0 0.0 0.0 0.0 0.0 0.07877030445 0.201329763498 0.193063505107 0.191814064524 0.19588591072 0.129947747095 0.143008706215 0.262341897922 0.205607672541 0.399086054133 0.151789151131 0.172166925149 0.220827246893 0.399086054133 0.0 0.0
a28rvh40gat7un
Barack Obama said that he would make his actual goal completely clear, while stressing the hope for mutual respect and dialog.
barack obama said that he would make his actual goal completely clear while stressing the hope for mutual respect and dialog
1 1 1 0 1 0 0 1 1 0 0 0 0 1 1 1 1 0 0 0 1 0 0 1 0 1 0 0 0 0 1 0 0 1 0 0 0 0 1 1 1 1 1 1 0 0 0 0 0 0 0 0 0 0 0 0 0 0 0 0 0 0 0 0 0 0 0 0 0 0 0 0
0.211366723922 0.164550757295 0.10549683269 0.0 0.127017990781 0.0 0.0 0.229129380958 0.112692478557 0.0 0.0 0.0 0.0 0.294599174544 0.249265421474 0.0476493746004 0.0205436186391 0.0 0.0 0.0 0.0580417123936 0.0 0.0 0.0918998074765 0.0 0.188938505542 0.0 0.0 0.0 0.0 0.293883085146 0.0 0.0 0.166079283233 0.0 0.0 0.0 0.0 0.32480425457 0.218980242106 0.288511871139 0.379921054031 0.266931084904 0.337161930545 0.0 0.0 0.0 0.0 0.0 0.0 0.0 0.0 0.0 0.0 0.0 0.0 0.0 0.0 0.0 0.0 0.0 0.0 0.0 0.0 0.0 0.0 0.0 0.0 0.0 0.0 0.0 0.0
a6tw9zegog7ph
Barack Obama said that he would make his actual goal completely clear, while stressing the hope for mutual respect and dialogue.
barack obama said that he would make his actual goal completely clear while stressing the hope for mutual respect and dialogue
1 1 1 0 1 0 0 1 1 0 0 0 0 1 1 1 1 0 0 0 1 0 0 1 0 1 0 0 0 1 1 0 0 1 0 0 0 0 1 1 1 1 1 0 0 0 0 0 0 0 0 0 0 0 0 0 0 0 0 0 0 0 0 0 0 0 0 0 0 0 0 0
0.211366723922 0.164550757295 0.10549683269 0.0 0.127017990781 0.0 0.0 0.229129380958 0.112692478557 0.0 0.0 0.0 0.0 0.294599174544 0.249265421474 0.0476493746004 0.0205436186391 0.0 0.0 0.0 0.0580417123936 0.0 0.0 0.0918998074765 0.0 0.188938505542 0.0 0.0 0.0 0.320888154654 0.293883085146 0.0 0.0 0.166079283233 0.0 0.0 0.0 0.0 0.32480425457 0.218980242106 0.288511871139 0.379921054031 0.266931084904 0.0 0.0 0.0 0.0 0.0 0.0 0.0 0.0 0.0 0.0 0.0 0.0 0.0 0.0 0.0 0.0 0.0 0.0 0.0 0.0 0.0 0.0 0.0 0.0 0.0 0.0 0.0 0.0 0.0
ajfwu2g6a1bhs
Barack Obama said that he would make his actual goal completely clear, while stressing on the hope for mutual respect and dialog.
barack obama said that he would make his actual goal completely clear while stressing on the hope for mutual respect and dialog
1 1 1 0 1 0 0 1 1 0 0 0 1 1 1 1 1 0 0 0 1 0 0 1 0 1 0 0 0 0 1 0 0 1 0 0 0 0 1 1 1 1 1 1 0 0 0 0 0 0 0 0 0 0 0 0 0 0 0 0 0 0 0 0 0 0 0 0 0 0 0 0
0.201759145562 0.157071177418 0.100701522113 0.0 0.121244445746 0.0 0.0 0.218714409097 0.107570093168 0.0 0.0 0.0 0.0849313034028 0.281208302974 0.237935175043 0.0454834939367 0.0196098177919 0.0 0.0 0.0 0.0554034527393 0.0 0.0 0.0877225435003 0.0 0.180350391654 0.0 0.0 0.0 0.0 0.280524763094 0.0 0.0 0.158530224904 0.0 0.0 0.0 0.0 0.310040424816 0.209026594738 0.275397695178 0.362651915211 0.254797853772 0.321836388248 0.0 0.0 0.0 0.0 0.0 0.0 0.0 0.0 0.0 0.0 0.0 0.0 0.0 0.0 0.0 0.0 0.0 0.0 0.0 0.0 0.0 0.0 0.0 0.0 0.0 0.0 0.0 0.0
a2esj6gmukae8v
Bark Obama said that he will stress on talking and respecting showing his real aim.
bark obama said that he will stress on talking and respecting showing his real aim
0 1 1 0 1 0 0 0 1 1 0 0 1 0 0 1 0 0 0 0 1 0 0 0 0 0 0 0 1 0 0 0 0 0 0 0 0 1 0 0 0 0 0 0 1 1 1 1 1 0 0 0 0 0 0 0 0 0 0 0 0 0 0 0 0 0 0 0 0 0 0 0
0.0 0.230371060213 0.147695565766 0.0 0.177825187094 0.0 0.0 0.0 0.15776946998 0.148480902627 0.0 0.0 0.124565911657 0.0 0.0 0.0667091244405 0.0 0.0 0.0 0.0 0.081258397351 0.0 0.0 0.0 0.0 0.0 0.0 0.0 0.454725956397 0.0 0.0 0.0 0.0 0.0 0.0 0.0 0.0 0.360428273858 0.0 0.0 0.0 0.0 0.0 0.0 0.520752536666 0.342653029641 0.515812005189 0.433669093103 0.488780997982 0.0 0.0 0.0 0.0 0.0 0.0 0.0 0.0 0.0 0.0 0.0 0.0 0.0 0.0 0.0 0.0 0.0 0.0 0.0 0.0 0.0 0.0 0.0
a1g46au4nrpshg
Barak Obama said that he will stress on talking and respecting showing his real aim.
barak obama said that he will stress on talking and respecting showing his real aim
0 1 1 0 1 0 0 0 1 1 0 0 1 0 0 1 0 0 0 0 1 0 0 0 0 0 0 0 1 0 0 0 0 0 0 0 0 1 0 0 0 0 0 0 0 1 1 1 1 0 0 0 0 0 0 0 0 0 0 0 0 0 0 0 0 0 0 0 0 0 1 0
0.0 0.230371060213 0.147695565766 0.0 0.177825187094 0.0 0.0 0.0 0.15776946998 0.148480902627 0.0 0.0 0.124565911657 0.0 0.0 0.0667091244405 0.0 0.0 0.0 0.0 0.081258397351 0.0 0.0 0.0 0.0 0.0 0.0 0.0 0.454725956397 0.0 0.0 0.0 0.0 0.0 0.0 0.0 0.0 0.360428273858 0.0 0.0 0.0 0.0 0.0 0.0 0.0 0.342653029641 0.515812005189 0.433669093103 0.488780997982 0.0 0.0 0.0 0.0 0.0 0.0 0.0 0.0 0.0 0.0 0.0 0.0 0.0 0.0 0.0 0.0 0.0 0.0 0.0 0.0 0.0 0.40851614436 0.0
ayeowkx2r19vz
Barack Obama said that he will stress talking to and respecting Iran.
barack obama said that he will stress talking to and respecting iran
1 1 1 0 0 0 0 0 1 1 0 0 0 0 0 1 0 0 1 0 1 0 0 0 0 0 0 0 1 0 0 0 0 0 0 0 0 0 0 0 0 0 0 0 0 1 1 0 0 0 0 0 0 0 0 0 0 0 0 0 0 0 0 0 0 0 0 0 0 0 0 1
0.369891766864 0.287963825267 0.184619457208 0.0 0.0 0.0 0.0 0.0 0.197211837476 0.185601128283 0.0 0.0 0.0 0.0 0.0 0.0833864055507 0.0 0.0 0.0893672243655 0.0 0.101572996689 0.0 0.0 0.0 0.0 0.0 0.0 0.0 0.568407445497 0.0 0.0 0.0 0.0 0.0 0.0 0.0 0.0 0.0 0.0 0.0 0.0 0.0 0.0 0.0 0.0 0.428316287052 0.644765006486 0.0 0.0 0.0 0.0 0.0 0.0 0.0 0.0 0.0 0.0 0.0 0.0 0.0 0.0 0.0 0.0 0.0 0.0 0.0 0.0 0.0 0.0 0.0 0.0 0.396018325105
amd40d0gc1l4r
Obama when talking about mutual respect said that the real purpose will be completed and also, he stressed on the desire.
obama when talking about mutual respect said that the real purpose will be completed and also he stressed on the desire
0 1 1 0 0 0 0 0 1 1 0 0 1 1 1 1 2 1 0 0 1 0 0 0 0 0 0 0 0 0 0 0 0 0 0 0 0 1 0 0 0 0 0 0 0 1 0 0 0 1 1 1 1 1 1 1 0 0 0 0 0 0 0 0 0 0 0 0 0 0 0 0
0.0 0.164550757295 0.10549683269 0.0 0.0 0.0 0.0 0.0 0.112692478557 0.10605778759 0.0 0.0 0.0889756511839 0.294599174544 0.249265421474 0.0476493746004 0.0410872372782 0.333759122736 0.0 0.0 0.0580417123936 0.0 0.0 0.0 0.0 0.0 0.0 0.0 0.0 0.0 0.0 0.0 0.0 0.0 0.0 0.0 0.0 0.257448767042 0.0 0.0 0.0 0.0 0.0 0.0 0.0 0.24475216403 0.0 0.0 0.0 0.15624633477 0.15017482803 0.29045577564 0.103018943942 0.332144763133 0.13329121317 0.303281153439 0.0 0.0 0.0 0.0 0.0 0.0 0.0 0.0 0.0 0.0 0.0 0.0 0.0 0.0 0.0 0.0
