urd-ng-102-174502-11516165-post35__4
however if anyone is involved in oppressive activities pakistan should take an action against them only yes any one among found terrorist him true of a activity but someone destructive deal with tough manner are then actions act guilty being work can alone sabotage it makes sense that areinvolved the pakistani government has responsibility to try and punish necessary
However if anyone is involved in oppressive activities, Pakistan should take an action against them only.
however if anyone is involved in oppressive activities pakistan should take an action against them only
1 1 1 1 1 1 1 1 1 1 1 1 1 1 1 1 0 0 0 0 0 0 0 0 0 0 0 0 0 0 0 0 0 0 0 0 0 0 0 0 0 0 0 0 0 0 0 0 0 0 0 0 0 0 0 0 0 0 0
0.270998918511 0.188667575409 0.35588163627 0.0829011226443 0.317998148547 0.0638027977359 0.547924968438 0.329773186227 0.148576887138 0.18815153564 0.24199682712 0.183359042791 0.262263797112 0.199903436953 0.215358915094 0.209418693301 0.0 0.0 0.0 0.0 0.0 0.0 0.0 0.0 0.0 0.0 0.0 0.0 0.0 0.0 0.0 0.0 0.0 0.0 0.0 0.0 0.0 0.0 0.0 0.0 0.0 0.0 0.0 0.0 0.0 0.0 0.0 0.0 0.0 0.0 0.0 0.0 0.0 0.0 0.0 0.0 0.0 0.0 0.0
Yes, if any one among them is found involved in terrorist activities, only Pakistan should take action against him.
yes if any one among them is found involved in terrorist activities only pakistan should take action against him
0 1 0 1 1 1 0 1 1 1 1 0 1 1 1 1 1 1 1 1 1 1 1 0 0 0 0 0 0 0 0 0 0 0 0 0 0 0 0 0 0 0 0 0 0 0 0 0 0 0 0 0 0 0 0 0 0 0 0
0.0 0.158877958239 0.0 0.0698114717005 0.267787914566 0.0537286717776 0.0 0.27770373577 0.125117378642 0.158443398434 0.203786801785 0.0 0.220853723884 0.168339736382 0.181354875868 0.176352583832 0.374638993128 0.187399864072 0.153490665327 0.256577852469 0.242357699175 0.245568967899 0.196513189794 0.0 0.0 0.0 0.0 0.0 0.0 0.0 0.0 0.0 0.0 0.0 0.0 0.0 0.0 0.0 0.0 0.0 0.0 0.0 0.0 0.0 0.0 0.0 0.0 0.0 0.0 0.0 0.0 0.0 0.0 0.0 0.0 0.0 0.0 0.0 0.0
True, if anyone of them is found involved in a terrorist activity, only Pakistan should take action against him.
true if anyone of them is found involved in a terrorist activity only pakistan should take action against him
0 1 1 1 1 1 0 0 1 1 1 0 1 1 1 1 0 0 0 0 1 1 1 1 1 1 1 0 0 0 0 0 0 0 0 0 0 0 0 0 0 0 0 0 0 0 0 0 0 0 0 0 0 0 0 0 0 0 0
0.0 0.158877958239 0.299689798965 0.0698114717005 0.267787914566 0.0537286717776 0.0 0.0 0.125117378642 0.158443398434 0.203786801785 0.0 0.220853723884 0.168339736382 0.181354875868 0.176352583832 0.0 0.0 0.0 0.0 0.242357699175 0.245568967899 0.196513189794 0.260362725184 0.044564015577 0.075242220976 0.324038405383 0.0 0.0 0.0 0.0 0.0 0.0 0.0 0.0 0.0 0.0 0.0 0.0 0.0 0.0 0.0 0.0 0.0 0.0 0.0 0.0 0.0 0.0 0.0 0.0 0.0 0.0 0.0 0.0 0.0 0.0 0.0 0.0
But if someone is involved in destructive activities, Pakistan should deal with them in a tough manner.
but if someone is involved in destructive activities pakistan should deal with them in a tough manner
0 1 0 1 1 2 0 1 1 1 0 0 0 0 1 0 0 0 0 0 0 0 0 0 0 1 0 1 1 1 1 1 1 1 0 0 0 0 0 0 0 0 0 0 0 0 0 0 0 0 0 0 0 0 0 0 0 0 0
0.0 0.177569482738 0.0 0.0780245860182 0.299292375103 0.120099383973 0.0 0.310374763507 0.139837070247 0.177083798249 0.0 0.0 0.0 0.0 0.202690743618 0.0 0.0 0.0 0.0 0.0 0.0 0.0 0.0 0.0 0.0 0.0840942469732 0.0 0.155624902434 0.314844522741 0.40468999094 0.35114812707 0.138818794644 0.390503987598 0.362160570722 0.0 0.0 0.0 0.0 0.0 0.0 0.0 0.0 0.0 0.0 0.0 0.0 0.0 0.0 0.0 0.0 0.0 0.0 0.0 0.0 0.0 0.0 0.0 0.0 0.0
a1fij2sbw160xt
Yes if any of them are involved in terrorist activities then only Pakistan should take action against them.
yes if any of them are involved in terrorist activities then only pakistan should take action against them
0 1 0 0 1 1 0 1 1 1 1 0 1 1 2 1 1 1 0 0 0 1 0 0 1 0 0 0 0 0 0 0 0 0 1 1 0 0 0 0 0 0 0 0 0 0 0 0 0 0 0 0 0 0 0 0 0 0 0
0.0 0.167704511474 0.0 0.0 0.282665020931 0.0567135979875 0.0 0.29313172109 0.132068344123 0.167245809458 0.215108290773 0.0 0.233123375211 0.177691943959 0.3828602935 0.186149949601 0.395452270524 0.197810967632 0.0 0.0 0.0 0.259211688338 0.0 0.0 0.0470397942201 0.0 0.0 0.0 0.0 0.0 0.0 0.0 0.0 0.0 0.117541363938 0.195193305244 0.0 0.0 0.0 0.0 0.0 0.0 0.0 0.0 0.0 0.0 0.0 0.0 0.0 0.0 0.0 0.0 0.0 0.0 0.0 0.0 0.0 0.0 0.0
a33mu4sfa9v8ei
Yes, if anyone of them is involved in any destructive actions then Pakistan should act against them.
yes if anyone of them is involved in any destructive actions then pakistan should act against them
0 1 1 1 1 1 0 0 1 1 0 0 0 1 2 0 1 1 0 0 0 0 0 0 1 0 0 0 0 1 0 0 0 0 0 1 1 1 0 0 0 0 0 0 0 0 0 0 0 0 0 0 0 0 0 0 0 0 0
0.0 0.177569482738 0.334947422372 0.0780245860182 0.299292375103 0.0600496919867 0.0 0.0 0.139837070247 0.177083798249 0.0 0.0 0.0 0.18814441125 0.405381487235 0.0 0.41871416879 0.209446906904 0.0 0.0 0.0 0.0 0.0 0.0 0.049806840939 0.0 0.0 0.0 0.0 0.40468999094 0.0 0.0 0.0 0.0 0.0 0.206675264376 0.298115865297 0.318024947522 0.0 0.0 0.0 0.0 0.0 0.0 0.0 0.0 0.0 0.0 0.0 0.0 0.0 0.0 0.0 0.0 0.0 0.0 0.0 0.0 0.0
a3dd3acpmvdvca
Yes, if any of them are guilty of being involved in any destructive work, Pakistan can take action against them alone.
yes if any of them are guilty of being involved in any destructive work pakistan can take action against them alone
0 1 0 0 1 1 0 0 1 0 1 0 1 1 2 0 1 2 0 0 0 0 0 0 2 0 0 0 0 1 0 0 0 0 1 0 0 0 1 1 1 1 1 0 0 0 0 0 0 0 0 0 0 0 0 0 0 0 0
0.0 0.143746724121 0.0 0.0 0.242284303655 0.0486116554178 0.0 0.0 0.113201437819 0.0 0.184378534948 0.0 0.199820035895 0.152307380536 0.328165965857 0.0 0.33895908902 0.339104515941 0.0 0.0 0.0 0.0 0.0 0.0 0.0806396472345 0.0 0.0 0.0 0.0 0.327606183142 0.0 0.0 0.0 0.0 0.100749740518 0.0 0.0 0.0 0.318445616826 0.175200150466 0.198459399112 0.151765222335 0.299137754535 0.0 0.0 0.0 0.0 0.0 0.0 0.0 0.0 0.0 0.0 0.0 0.0 0.0 0.0 0.0 0.0
a8v7wa74iohz9
Yes, if any of them is involved in sabotage activities then only Pakistan should take action against him.
yes if any of them is involved in sabotage activities then only pakistan should take action against him
0 1 0 1 1 1 0 1 1 1 1 0 1 1 1 1 1 1 0 0 0 0 1 0 1 0 0 0 0 0 0 0 0 0 0 1 0 0 0 0 0 0 0 1 0 0 0 0 0 0 0 0 0 0 0 0 0 0 0
0.0 0.167704511474 0.0 0.0736898867949 0.282665020931 0.0567135979875 0.0 0.29313172109 0.132068344123 0.167245809458 0.215108290773 0.0 0.233123375211 0.177691943959 0.19143014675 0.186149949601 0.395452270524 0.197810967632 0.0 0.0 0.0 0.0 0.207430589227 0.0 0.0470397942201 0.0 0.0 0.0 0.0 0.0 0.0 0.0 0.0 0.0 0.0 0.195193305244 0.0 0.0 0.0 0.0 0.0 0.0 0.0 0.537949457049 0.0 0.0 0.0 0.0 0.0 0.0 0.0 0.0 0.0 0.0 0.0 0.0 0.0 0.0 0.0
a17ezclrdz3xmg
Yes, if any of them are involved in terrorist activities, then only Pakistan should take action against them.
yes if any of them are involved in terrorist activities then only pakistan should take action against them
0 1 0 0 1 1 0 1 1 1 1 0 1 1 2 1 1 1 0 0 0 1 0 0 1 0 0 0 0 0 0 0 0 0 1 1 0 0 0 0 0 0 0 0 0 0 0 0 0 0 0 0 0 0 0 0 0 0 0
0.0 0.167704511474 0.0 0.0 0.282665020931 0.0567135979875 0.0 0.29313172109 0.132068344123 0.167245809458 0.215108290773 0.0 0.233123375211 0.177691943959 0.3828602935 0.186149949601 0.395452270524 0.197810967632 0.0 0.0 0.0 0.259211688338 0.0 0.0 0.0470397942201 0.0 0.0 0.0 0.0 0.0 0.0 0.0 0.0 0.0 0.117541363938 0.195193305244 0.0 0.0 0.0 0.0 0.0 0.0 0.0 0.0 0.0 0.0 0.0 0.0 0.0 0.0 0.0 0.0 0.0 0.0 0.0 0.0 0.0 0.0 0.0
aq83oqxl7tj8n
Yes, if any of them are involved in terrorist activities, then only Pakistan should take action against them.
yes if any of them are involved in terrorist activities then only pakistan should take action against them
0 1 0 0 1 1 0 1 1 1 1 0 1 1 2 1 1 1 0 0 0 1 0 0 1 0 0 0 0 0 0 0 0 0 1 1 0 0 0 0 0 0 0 0 0 0 0 0 0 0 0 0 0 0 0 0 0 0 0
0.0 0.167704511474 0.0 0.0 0.282665020931 0.0567135979875 0.0 0.29313172109 0.132068344123 0.167245809458 0.215108290773 0.0 0.233123375211 0.177691943959 0.3828602935 0.186149949601 0.395452270524 0.197810967632 0.0 0.0 0.0 0.259211688338 0.0 0.0 0.0470397942201 0.0 0.0 0.0 0.0 0.0 0.0 0.0 0.0 0.0 0.117541363938 0.195193305244 0.0 0.0 0.0 0.0 0.0 0.0 0.0 0.0 0.0 0.0 0.0 0.0 0.0 0.0 0.0 0.0 0.0 0.0 0.0 0.0 0.0 0.0 0.0
a3andctf0w1pqd
If any of them are involved in terrorist activities, only Pakistan should take action against them.
if any of them are involved in terrorist activities only pakistan should take action against them
0 1 0 0 1 1 0 1 1 1 1 0 1 1 2 1 0 1 0 0 0 1 0 0 1 0 0 0 0 0 0 0 0 0 1 0 0 0 0 0 0 0 0 0 0 0 0 0 0 0 0 0 0 0 0 0 0 0 0
0.0 0.188667575409 0.0 0.0 0.317998148547 0.0638027977359 0.0 0.329773186227 0.148576887138 0.18815153564 0.24199682712 0.0 0.262263797112 0.199903436953 0.430717830187 0.209418693301 0.0 0.222537338586 0.0 0.0 0.0 0.29161314938 0.0 0.0 0.0529197684977 0.0 0.0 0.0 0.0 0.0 0.0 0.0 0.0 0.0 0.13223403443 0.0 0.0 0.0 0.0 0.0 0.0 0.0 0.0 0.0 0.0 0.0 0.0 0.0 0.0 0.0 0.0 0.0 0.0 0.0 0.0 0.0 0.0 0.0 0.0
a3edprdq0s0hp3
Yes, if anyone of them is involved in any destructive actions then Pakistan should act against them.
yes if anyone of them is involved in any destructive actions then pakistan should act against them
0 1 1 1 1 1 0 0 1 1 0 0 0 1 2 0 1 1 0 0 0 0 0 0 1 0 0 0 0 1 0 0 0 0 0 1 1 1 0 0 0 0 0 0 0 0 0 0 0 0 0 0 0 0 0 0 0 0 0
0.0 0.177569482738 0.334947422372 0.0780245860182 0.299292375103 0.0600496919867 0.0 0.0 0.139837070247 0.177083798249 0.0 0.0 0.0 0.18814441125 0.405381487235 0.0 0.41871416879 0.209446906904 0.0 0.0 0.0 0.0 0.0 0.0 0.049806840939 0.0 0.0 0.0 0.0 0.40468999094 0.0 0.0 0.0 0.0 0.0 0.206675264376 0.298115865297 0.318024947522 0.0 0.0 0.0 0.0 0.0 0.0 0.0 0.0 0.0 0.0 0.0 0.0 0.0 0.0 0.0 0.0 0.0 0.0 0.0 0.0 0.0
ajfwu2g6a1bhs
Yes, if anyone of them is involved in any destructive actions then Pakistan should act against them.
yes if anyone of them is involved in any destructive actions then pakistan should act against them
0 1 1 1 1 1 0 0 1 1 0 0 0 1 2 0 1 1 0 0 0 0 0 0 1 0 0 0 0 1 0 0 0 0 0 1 1 1 0 0 0 0 0 0 0 0 0 0 0 0 0 0 0 0 0 0 0 0 0
0.0 0.177569482738 0.334947422372 0.0780245860182 0.299292375103 0.0600496919867 0.0 0.0 0.139837070247 0.177083798249 0.0 0.0 0.0 0.18814441125 0.405381487235 0.0 0.41871416879 0.209446906904 0.0 0.0 0.0 0.0 0.0 0.0 0.049806840939 0.0 0.0 0.0 0.0 0.40468999094 0.0 0.0 0.0 0.0 0.0 0.206675264376 0.298115865297 0.318024947522 0.0 0.0 0.0 0.0 0.0 0.0 0.0 0.0 0.0 0.0 0.0 0.0 0.0 0.0 0.0 0.0 0.0 0.0 0.0 0.0 0.0
a2owo5cfm8khwy
It makes sense that if anyone of them is involved in any destructive actions then Pakistan should act against them.
it makes sense that if anyone of them is involved in any destructive actions then pakistan should act against them
0 1 1 1 1 1 0 0 1 1 0 0 0 1 2 0 0 1 0 0 0 0 0 0 1 0 0 0 0 1 0 0 0 0 0 1 1 1 0 0 0 0 0 0 1 1 1 1 0 0 0 0 0 0 0 0 0 0 0
0.0 0.150934060327 0.284705309016 0.0663208981154 0.254398518838 0.0510422381887 0.0 0.0 0.11886150971 0.150521228512 0.0 0.0 0.0 0.159922749563 0.34457426415 0.0 0.0 0.178029870869 0.0 0.0 0.0 0.0 0.0 0.0 0.0423358147981 0.0 0.0 0.0 0.0 0.343986492299 0.0 0.0 0.0 0.0 0.0 0.17567397472 0.253398485502 0.270321205394 0.0 0.0 0.0 0.0 0.0 0.0 0.101944442148 0.331928389458 0.341044467298 0.0609437980132 0.0 0.0 0.0 0.0 0.0 0.0 0.0 0.0 0.0 0.0 0.0
ajfwu2g6a1bhs
If any of them are guilty of being involved in any destructive work, Pakistan can take action against them alone.
if any of them are guilty of being involved in any destructive work pakistan can take action against them alone
0 1 0 0 1 1 0 0 1 0 1 0 1 1 2 0 0 2 0 0 0 0 0 0 2 0 0 0 0 1 0 0 0 0 1 0 0 0 1 1 1 1 1 0 0 0 0 0 0 0 0 0 0 0 0 0 0 0 0
0.0 0.150934060327 0.0 0.0 0.254398518838 0.0510422381887 0.0 0.0 0.11886150971 0.0 0.193597461696 0.0 0.20981103769 0.159922749563 0.34457426415 0.0 0.0 0.356059741738 0.0 0.0 0.0 0.0 0.0 0.0 0.0846716295963 0.0 0.0 0.0 0.0 0.343986492299 0.0 0.0 0.0 0.0 0.105787227544 0.0 0.0 0.0 0.334367897667 0.183960157989 0.208382369068 0.159353483451 0.314094642261 0.0 0.0 0.0 0.0 0.0 0.0 0.0 0.0 0.0 0.0 0.0 0.0 0.0 0.0 0.0 0.0
a2dwqf4zhhblow
If any of them are guilty of being involved in any destructive work, Pakistan can take action against them alone.
if any of them are guilty of being involved in any destructive work pakistan can take action against them alone
0 1 0 0 1 1 0 0 1 0 1 0 1 1 2 0 0 2 0 0 0 0 0 0 2 0 0 0 0 1 0 0 0 0 1 0 0 0 1 1 1 1 1 0 0 0 0 0 0 0 0 0 0 0 0 0 0 0 0
0.0 0.150934060327 0.0 0.0 0.254398518838 0.0510422381887 0.0 0.0 0.11886150971 0.0 0.193597461696 0.0 0.20981103769 0.159922749563 0.34457426415 0.0 0.0 0.356059741738 0.0 0.0 0.0 0.0 0.0 0.0 0.0846716295963 0.0 0.0 0.0 0.0 0.343986492299 0.0 0.0 0.0 0.0 0.105787227544 0.0 0.0 0.0 0.334367897667 0.183960157989 0.208382369068 0.159353483451 0.314094642261 0.0 0.0 0.0 0.0 0.0 0.0 0.0 0.0 0.0 0.0 0.0 0.0 0.0 0.0 0.0 0.0
a1nee8mf6oybf8
Yes, if any of them are guilty of being involved in any destructive work, Pakistan can take action against them alone.
yes if any of them are guilty of being involved in any destructive work pakistan can take action against them alone
0 1 0 0 1 1 0 0 1 0 1 0 1 1 2 0 1 2 0 0 0 0 0 0 2 0 0 0 0 1 0 0 0 0 1 0 0 0 1 1 1 1 1 0 0 0 0 0 0 0 0 0 0 0 0 0 0 0 0
0.0 0.143746724121 0.0 0.0 0.242284303655 0.0486116554178 0.0 0.0 0.113201437819 0.0 0.184378534948 0.0 0.199820035895 0.152307380536 0.328165965857 0.0 0.33895908902 0.339104515941 0.0 0.0 0.0 0.0 0.0 0.0 0.0806396472345 0.0 0.0 0.0 0.0 0.327606183142 0.0 0.0 0.0 0.0 0.100749740518 0.0 0.0 0.0 0.318445616826 0.175200150466 0.198459399112 0.151765222335 0.299137754535 0.0 0.0 0.0 0.0 0.0 0.0 0.0 0.0 0.0 0.0 0.0 0.0 0.0 0.0 0.0 0.0
a3ohqrf1mdq99b
Yes, if any of them areinvolved in sabotage activities, then the Pakistani government has the responsibility to try him and punish him, if necessary.
yes if any of them areinvolved in sabotage activities then the pakistani government has the responsibility to try him and punish him if necessary
0 2 0 0 0 1 0 1 0 0 0 0 0 0 1 0 1 1 0 0 0 0 2 0 1 0 0 0 0 0 0 0 0 0 0 1 0 0 0 0 0 0 0 1 0 0 0 0 1 2 1 1 1 1 1 1 1 1 1
0.0 0.251556767212 0.0 0.0 0.0 0.0425351984906 0.0 0.219848790818 0.0 0.0 0.0 0.0 0.0 0.0 0.143572610062 0.0 0.296589202893 0.148358225724 0.0 0.0 0.0 0.0 0.31114588384 0.0 0.0352798456651 0.0 0.0 0.0 0.0 0.0 0.0 0.0 0.0 0.0 0.0 0.146394978933 0.0 0.0 0.0 0.0 0.0 0.0 0.0 0.403462092787 0.0 0.0 0.0 0.0 0.43234322531 0.0359513326184 0.151389865486 0.125672226436 0.0853344964875 0.22010363361 0.0446836121828 0.227649271738 0.0416932027753 0.340792201255 0.272816500457
