urd-ng-102-174502-11516125-post71__4
god acts on his own timetable and when he does to end this lawlessness with allah there is a delay but no injustice brutality will then gods mill grinds slow sure darkness of disappointment response may come late not in the dark that too comes pass it be delayed surely do justice dominance falsehood never house only shed has light ends abandon all troubles eventually ever gone
God acts on his own timetable, and when he does, to end this lawlessness-
god acts on his own timetable and when he does to end this lawlessness
1 1 1 1 1 1 1 1 1 1 1 1 1 1 0 0 0 0 0 0 0 0 0 0 0 0 0 0 0 0 0 0 0 0 0 0 0 0 0 0 0 0 0 0 0 0 0 0 0 0 0 0 0 0 0 0 0 0 0 0 0 0 0 0 0 0 0
0.341803601924 0.434698426164 0.133463476776 0.190526986172 0.305904831243 0.662687508484 0.0714740619006 0.234369502154 0.169038717836 0.301527093817 0.0766004780276 0.33996187927 0.123731097798 0.691649301921 0.0 0.0 0.0 0.0 0.0 0.0 0.0 0.0 0.0 0.0 0.0 0.0 0.0 0.0 0.0 0.0 0.0 0.0 0.0 0.0 0.0 0.0 0.0 0.0 0.0 0.0 0.0 0.0 0.0 0.0 0.0 0.0 0.0 0.0 0.0 0.0 0.0 0.0 0.0 0.0 0.0 0.0 0.0 0.0 0.0 0.0 0.0 0.0 0.0 0.0 0.0 0.0 0.0
With Allah, there is a delay but no injustice, and when this brutality will end, then--
with allah there is a delay but no injustice and when this brutality will end then
0 0 0 0 0 0 1 1 0 0 0 1 1 0 1 1 1 1 1 1 1 1 1 1 1 1 0 0 0 0 0 0 0 0 0 0 0 0 0 0 0 0 0 0 0 0 0 0 0 0 0 0 0 0 0 0 0 0 0 0 0 0 0 0 0 0 0
0.0 0.0 0.0 0.0 0.0 0.0 0.062539804163 0.205073314385 0.0 0.0 0.0 0.297466644361 0.108264710573 0.0 0.147494969309 0.282932039219 0.180147720042 0.0829011226443 0.089350137409 0.421165702983 0.165351458837 0.209585582585 0.413439830735 0.45254644947 0.139200846212 0.2195924684 0.0 0.0 0.0 0.0 0.0 0.0 0.0 0.0 0.0 0.0 0.0 0.0 0.0 0.0 0.0 0.0 0.0 0.0 0.0 0.0 0.0 0.0 0.0 0.0 0.0 0.0 0.0 0.0 0.0 0.0 0.0 0.0 0.0 0.0 0.0 0.0 0.0 0.0 0.0 0.0 0.0
God's Mill grinds slow but sure -, and when this darkness of disappointment will end then..
gods mill grinds slow but sure  and when this darkness of disappointment will end then
0 0 0 0 0 0 1 1 0 0 0 1 1 0 0 0 0 0 0 0 1 0 0 0 1 1 1 1 1 1 1 1 1 1 0 0 0 0 0 0 0 0 0 0 0 0 0 0 0 0 0 0 0 0 0 0 0 0 0 0 0 0 0 0 0 0 0
0.0 0.0 0.0 0.0 0.0 0.0 0.0667091244405 0.218744868678 0.0 0.0 0.0 0.317297753986 0.115482357945 0.0 0.0 0.0 0.0 0.0 0.0 0.0 0.176374889426 0.0 0.0 0.0 0.148480902627 0.234231966293 0.394021952586 0.691749160497 0.691749160497 0.520752536666 0.410448646818 0.511212480423 0.0564477530642 0.495453228552 0.0 0.0 0.0 0.0 0.0 0.0 0.0 0.0 0.0 0.0 0.0 0.0 0.0 0.0 0.0 0.0 0.0 0.0 0.0 0.0 0.0 0.0 0.0 0.0 0.0 0.0 0.0 0.0 0.0 0.0 0.0 0.0 0.0
God's response may come late, but He is not in the dark.
gods response may come late but he is not in the dark
0 0 0 0 0 0 0 0 1 0 0 0 0 0 0 0 0 1 0 0 1 0 0 0 0 0 1 0 0 0 0 0 0 0 1 1 1 1 1 1 1 1 0 0 0 0 0 0 0 0 0 0 0 0 0 0 0 0 0 0 0 0 0 0 0 0 0
0.0 0.0 0.0 0.0 0.0 0.0 0.0 0.0 0.197211837476 0.0 0.0 0.0 0.0 0.0 0.0 0.0 0.0 0.110534830192 0.0 0.0 0.220468611782 0.0 0.0 0.0 0.0 0.0 0.492527440733 0.0 0.0 0.0 0.0 0.0 0.0 0.0 0.486969826191 0.374177781333 0.364362528362 0.623822137463 0.178539058186 0.0850703969812 0.0359513326184 0.581253335482 0.0 0.0 0.0 0.0 0.0 0.0 0.0 0.0 0.0 0.0 0.0 0.0 0.0 0.0 0.0 0.0 0.0 0.0 0.0 0.0 0.0 0.0 0.0 0.0 0.0
a3dd3acpmvdvca
There is delay, but no darkness, with God. That too, when this darkness comes to pass.
there is delay but no darkness with god that too when this darkness comes to pass
1 0 0 0 0 0 0 1 0 0 1 0 1 0 1 0 1 1 0 1 1 1 0 0 0 0 0 0 0 0 0 2 0 0 0 0 0 0 0 0 0 0 1 1 1 1 0 0 0 0 0 0 0 0 0 0 0 0 0 0 0 0 0 0 0 0 0
0.299078151684 0.0 0.0 0.0 0.0 0.0 0.0 0.205073314385 0.0 0.0 0.0670254182741 0.0 0.108264710573 0.0 0.147494969309 0.0 0.180147720042 0.0829011226443 0.0 0.421165702983 0.165351458837 0.209585582585 0.0 0.0 0.0 0.0 0.0 0.0 0.0 0.0 0.0 0.958523400793 0.0 0.0 0.0 0.0 0.0 0.0 0.0 0.0 0.0 0.0 0.0761797475165 0.314918707984 0.346745229384 0.461281570868 0.0 0.0 0.0 0.0 0.0 0.0 0.0 0.0 0.0 0.0 0.0 0.0 0.0 0.0 0.0 0.0 0.0 0.0 0.0 0.0 0.0
a2de039cxxjuga
It may be delayed but God will surely do the justice to end the dominance of falsehood.
it may be delayed but god will surely do the justice to end the dominance of falsehood
1 0 0 0 0 0 0 0 0 0 1 1 0 0 0 0 0 0 0 0 1 0 0 0 1 0 0 0 0 0 0 0 1 0 0 1 0 0 0 0 2 0 0 0 0 0 1 1 1 1 1 1 1 1 0 0 0 0 0 0 0 0 0 0 0 0 0
0.281485319232 0.0 0.0 0.0 0.0 0.0 0.0 0.0 0.0 0.0 0.063082746611 0.279968606458 0.0 0.0 0.0 0.0 0.0 0.0 0.0 0.0 0.155624902434 0.0 0.0 0.0 0.131012561141 0.0 0.0 0.0 0.0 0.0 0.0 0.0 0.049806840939 0.0 0.0 0.264125492706 0.0 0.0 0.0 0.0 0.0507548225201 0.0 0.0 0.0 0.0 0.0 0.119934637821 0.127258695457 0.451069835668 0.423422563359 0.190808226811 0.336604532782 0.528820179196 0.481118401771 0.0 0.0 0.0 0.0 0.0 0.0 0.0 0.0 0.0 0.0 0.0 0.0 0.0
a1wyssw33m2fz2
There is delay but not NEVER in the house of God and only then will this darkness shed. Then
there is delay but not never in the house of god and only then will this darkness shed then
1 0 0 0 0 0 1 0 0 0 0 0 1 0 0 0 1 1 0 1 1 0 0 0 1 2 0 0 0 0 0 1 1 0 0 0 0 0 1 1 1 0 0 0 0 0 0 0 0 0 0 0 0 0 1 1 1 1 0 0 0 0 0 0 0 0 0
0.251855285628 0.0 0.0 0.0 0.0 0.0 0.0526650982425 0.0 0.0 0.0 0.0 0.0 0.0911702825879 0.0 0.0 0.0 0.151703343193 0.0698114717005 0.0 0.354665855143 0.139243333757 0.0 0.0 0.0 0.117221765231 0.369839946779 0.0 0.0 0.0 0.0 0.0 0.403588800334 0.044564015577 0.0 0.0 0.0 0.0 0.0 0.112761510433 0.0537286717776 0.0227061048116 0.0 0.0 0.0 0.0 0.0 0.0 0.0 0.0 0.0 0.0 0.0 0.0 0.0 0.250498226831 0.243686011416 0.176352583832 0.360519835939 0.0 0.0 0.0 0.0 0.0 0.0 0.0 0.0 0.0
a2i57ww1b3evwx
God has light not darkness and when this darkness ends then.
god has light not darkness and when this darkness ends then
1 0 0 0 0 0 1 1 0 0 0 0 1 0 0 0 0 0 0 0 0 0 0 0 0 1 0 0 0 0 0 2 0 0 0 0 0 0 1 0 0 0 0 0 0 0 0 0 0 0 0 0 0 0 0 0 0 0 1 1 1 0 0 0 0 0 0
0.435022766085 0.0 0.0 0.0 0.0 0.0 0.0909669878735 0.298288457288 0.0 0.0 0.0 0.0 0.157475942652 0.0 0.0 0.0 0.0 0.0 0.0 0.0 0.0 0.0 0.0 0.0 0.0 0.319407226763 0.0 0.0 0.0 0.0 0.0 1.3942158557 0.0 0.0 0.0 0.0 0.0 0.0 0.194769881658 0.0 0.0 0.0 0.0 0.0 0.0 0.0 0.0 0.0 0.0 0.0 0.0 0.0 0.0 0.0 0.0 0.0 0.0 0.0 0.186184355973 0.569578503934 0.717393705242 0.0 0.0 0.0 0.0 0.0 0.0
a3w129h6a0hk4d
There is delay, but no darkness, with God. That too, when this darkness comes to pass.
there is delay but no darkness with god that too when this darkness comes to pass
1 0 0 0 0 0 0 1 0 0 1 0 1 0 1 0 1 1 0 1 1 1 0 0 0 0 0 0 0 0 0 2 0 0 0 0 0 0 0 0 0 0 1 1 1 1 0 0 0 0 0 0 0 0 0 0 0 0 0 0 0 0 0 0 0 0 0
0.299078151684 0.0 0.0 0.0 0.0 0.0 0.0 0.205073314385 0.0 0.0 0.0670254182741 0.0 0.108264710573 0.0 0.147494969309 0.0 0.180147720042 0.0829011226443 0.0 0.421165702983 0.165351458837 0.209585582585 0.0 0.0 0.0 0.0 0.0 0.0 0.0 0.0 0.0 0.958523400793 0.0 0.0 0.0 0.0 0.0 0.0 0.0 0.0 0.0 0.0 0.0761797475165 0.314918707984 0.346745229384 0.461281570868 0.0 0.0 0.0 0.0 0.0 0.0 0.0 0.0 0.0 0.0 0.0 0.0 0.0 0.0 0.0 0.0 0.0 0.0 0.0 0.0 0.0
a2t3mp92la6x7s
God may delay, but He will not abandon. All troubles will eventually pass.
god may delay but he will not abandon all troubles will eventually pass
1 0 0 0 0 0 0 0 1 0 0 0 0 0 0 0 0 0 0 1 1 0 0 0 2 0 0 0 0 0 0 0 0 0 0 1 0 0 1 0 0 0 0 0 0 1 0 0 0 0 0 0 0 0 0 0 0 0 0 0 0 1 1 1 1 0 0
0.368096186688 0.0 0.0 0.0 0.0 0.0 0.0 0.0 0.182041696131 0.0 0.0 0.0 0.0 0.0 0.0 0.0 0.0 0.0 0.0 0.518357788286 0.203509487799 0.0 0.0 0.0 0.34264823683 0.0 0.0 0.0 0.0 0.0 0.0 0.0 0.0 0.0 0.0 0.345394875077 0.0 0.0 0.164805284479 0.0 0.0 0.0 0.0 0.0 0.0 0.567731164146 0.0 0.0 0.0 0.0 0.0 0.0 0.0 0.0 0.0 0.0 0.0 0.0 0.0 0.0 0.0 0.648486712184 0.243493765691 0.660344456786 0.600868311538 0.0 0.0
ajfwu2g6a1bhs
There is delay, but no darkness, with God. That too, when this darkness comes to pass.
there is delay but no darkness with god that too when this darkness comes to pass
1 0 0 0 0 0 0 1 0 0 1 0 1 0 1 0 1 1 0 1 1 1 0 0 0 0 0 0 0 0 0 2 0 0 0 0 0 0 0 0 0 0 1 1 1 1 0 0 0 0 0 0 0 0 0 0 0 0 0 0 0 0 0 0 0 0 0
0.299078151684 0.0 0.0 0.0 0.0 0.0 0.0 0.205073314385 0.0 0.0 0.0670254182741 0.0 0.108264710573 0.0 0.147494969309 0.0 0.180147720042 0.0829011226443 0.0 0.421165702983 0.165351458837 0.209585582585 0.0 0.0 0.0 0.0 0.0 0.0 0.0 0.0 0.0 0.958523400793 0.0 0.0 0.0 0.0 0.0 0.0 0.0 0.0 0.0 0.0 0.0761797475165 0.314918707984 0.346745229384 0.461281570868 0.0 0.0 0.0 0.0 0.0 0.0 0.0 0.0 0.0 0.0 0.0 0.0 0.0 0.0 0.0 0.0 0.0 0.0 0.0 0.0 0.0
a230hf2okthmdz
It may be delayed but God will surely do the justice to end the dominance of falsehood.
it may be delayed but god will surely do the justice to end the dominance of falsehood
1 0 0 0 0 0 0 0 0 0 1 1 0 0 0 0 0 0 0 0 1 0 0 0 1 0 0 0 0 0 0 0 1 0 0 1 0 0 0 0 2 0 0 0 0 0 1 1 1 1 1 1 1 1 0 0 0 0 0 0 0 0 0 0 0 0 0
0.281485319232 0.0 0.0 0.0 0.0 0.0 0.0 0.0 0.0 0.0 0.063082746611 0.279968606458 0.0 0.0 0.0 0.0 0.0 0.0 0.0 0.0 0.155624902434 0.0 0.0 0.0 0.131012561141 0.0 0.0 0.0 0.0 0.0 0.0 0.0 0.049806840939 0.0 0.0 0.264125492706 0.0 0.0 0.0 0.0 0.0507548225201 0.0 0.0 0.0 0.0 0.0 0.119934637821 0.127258695457 0.451069835668 0.423422563359 0.190808226811 0.336604532782 0.528820179196 0.481118401771 0.0 0.0 0.0 0.0 0.0 0.0 0.0 0.0 0.0 0.0 0.0 0.0 0.0
ak460483q91ei
It may be delayed but God will surely do the justice to end the dominance of falsehood.
it may be delayed but god will surely do the justice to end the dominance of falsehood
1 0 0 0 0 0 0 0 0 0 1 1 0 0 0 0 0 0 0 0 1 0 0 0 1 0 0 0 0 0 0 0 1 0 0 1 0 0 0 0 2 0 0 0 0 0 1 1 1 1 1 1 1 1 0 0 0 0 0 0 0 0 0 0 0 0 0
0.281485319232 0.0 0.0 0.0 0.0 0.0 0.0 0.0 0.0 0.0 0.063082746611 0.279968606458 0.0 0.0 0.0 0.0 0.0 0.0 0.0 0.0 0.155624902434 0.0 0.0 0.0 0.131012561141 0.0 0.0 0.0 0.0 0.0 0.0 0.0 0.049806840939 0.0 0.0 0.264125492706 0.0 0.0 0.0 0.0 0.0507548225201 0.0 0.0 0.0 0.0 0.0 0.119934637821 0.127258695457 0.451069835668 0.423422563359 0.190808226811 0.336604532782 0.528820179196 0.481118401771 0.0 0.0 0.0 0.0 0.0 0.0 0.0 0.0 0.0 0.0 0.0 0.0 0.0
a1jojaavq8lay
It may be delayed, but God will surely do the justice to end the dominance of falsehood.
it may be delayed but god will surely do the justice to end the dominance of falsehood
1 0 0 0 0 0 0 0 0 0 1 1 0 0 0 0 0 0 0 0 1 0 0 0 1 0 0 0 0 0 0 0 1 0 0 1 0 0 0 0 2 0 0 0 0 0 1 1 1 1 1 1 1 1 0 0 0 0 0 0 0 0 0 0 0 0 0
0.281485319232 0.0 0.0 0.0 0.0 0.0 0.0 0.0 0.0 0.0 0.063082746611 0.279968606458 0.0 0.0 0.0 0.0 0.0 0.0 0.0 0.0 0.155624902434 0.0 0.0 0.0 0.131012561141 0.0 0.0 0.0 0.0 0.0 0.0 0.0 0.049806840939 0.0 0.0 0.264125492706 0.0 0.0 0.0 0.0 0.0507548225201 0.0 0.0 0.0 0.0 0.0 0.119934637821 0.127258695457 0.451069835668 0.423422563359 0.190808226811 0.336604532782 0.528820179196 0.481118401771 0.0 0.0 0.0 0.0 0.0 0.0 0.0 0.0 0.0 0.0 0.0 0.0 0.0
a291u81kgj6l9n
There is delay but not ever in the house of God. Only then will this darkness shed.
there is delay but not ever in the house of god only then will this darkness shed
1 0 0 0 0 0 0 0 0 0 0 0 1 0 0 0 1 1 0 1 1 0 0 0 1 1 0 0 0 0 0 1 1 0 0 0 0 0 1 1 1 0 0 0 0 0 0 0 0 0 0 0 0 0 0 1 1 1 0 0 0 0 0 0 0 1 0
0.281485319232 0.0 0.0 0.0 0.0 0.0 0.0 0.0 0.0 0.0 0.0 0.0 0.101896198186 0.0 0.0 0.0 0.169550795333 0.0780245860182 0.0 0.396391249866 0.155624902434 0.0 0.0 0.0 0.131012561141 0.206675264376 0.0 0.0 0.0 0.0 0.0 0.451069835668 0.049806840939 0.0 0.0 0.0 0.0 0.0 0.126027570484 0.0600496919867 0.02537741126 0.0 0.0 0.0 0.0 0.0 0.0 0.0 0.0 0.0 0.0 0.0 0.0 0.0 0.0 0.272354953936 0.197099946636 0.402933934284 0.0 0.0 0.0 0.0 0.0 0.0 0.0 0.323143263816 0.0
a3qu3km3iywhif
There is delay but NEVER in the house of God and only then will this darkness be shed. Then
there is delay but never in the house of god and only then will this darkness be shed then
1 0 0 0 0 0 1 0 0 0 0 0 1 0 0 0 1 1 0 1 1 0 0 0 1 2 0 0 0 0 0 1 1 0 0 0 0 0 0 1 1 0 0 0 0 0 0 1 0 0 0 0 0 0 1 1 1 1 0 0 0 0 0 0 0 0 0
0.251855285628 0.0 0.0 0.0 0.0 0.0 0.0526650982425 0.0 0.0 0.0 0.0 0.0 0.0911702825879 0.0 0.0 0.0 0.151703343193 0.0698114717005 0.0 0.354665855143 0.139243333757 0.0 0.0 0.0 0.117221765231 0.369839946779 0.0 0.0 0.0 0.0 0.0 0.403588800334 0.044564015577 0.0 0.0 0.0 0.0 0.0 0.0 0.0537286717776 0.0227061048116 0.0 0.0 0.0 0.0 0.0 0.0 0.113863043304 0.0 0.0 0.0 0.0 0.0 0.0 0.250498226831 0.243686011416 0.176352583832 0.360519835939 0.0 0.0 0.0 0.0 0.0 0.0 0.0 0.0 0.0
a9x4g4wpj27d6
There is delay but not EVER in the house of God and only then will this darkness be gone.
there is delay but not ever in the house of god and only then will this darkness be gone
1 0 0 0 0 0 1 0 0 0 0 0 1 0 0 0 1 1 0 1 1 0 0 0 1 1 0 0 0 0 0 1 1 0 0 0 0 0 1 1 1 0 0 0 0 0 0 1 0 0 0 0 0 0 0 1 1 0 0 0 0 0 0 0 0 1 1
0.251855285628 0.0 0.0 0.0 0.0 0.0 0.0526650982425 0.0 0.0 0.0 0.0 0.0 0.0911702825879 0.0 0.0 0.0 0.151703343193 0.0698114717005 0.0 0.354665855143 0.139243333757 0.0 0.0 0.0 0.117221765231 0.184919973389 0.0 0.0 0.0 0.0 0.0 0.403588800334 0.044564015577 0.0 0.0 0.0 0.0 0.0 0.112761510433 0.0537286717776 0.0227061048116 0.0 0.0 0.0 0.0 0.0 0.0 0.113863043304 0.0 0.0 0.0 0.0 0.0 0.0 0.0 0.243686011416 0.176352583832 0.0 0.0 0.0 0.0 0.0 0.0 0.0 0.0 0.289128183414 0.319588016539
a2j85193g537vy
God has light, not darkness. And when this darkness ends ...
god has light not darkness and when this darkness ends 
1 0 0 0 0 0 1 1 0 0 0 0 1 0 0 0 0 0 0 0 0 0 0 0 0 0 0 0 0 0 0 2 0 0 0 0 0 0 1 0 0 0 0 0 0 0 0 0 0 0 0 0 0 0 0 0 0 0 1 1 1 0 0 0 0 0 0
0.478525042694 0.0 0.0 0.0 0.0 0.0 0.100063686661 0.328117303016 0.0 0.0 0.0 0.0 0.173223536917 0.0 0.0 0.0 0.0 0.0 0.0 0.0 0.0 0.0 0.0 0.0 0.0 0.0 0.0 0.0 0.0 0.0 0.0 1.53363744127 0.0 0.0 0.0 0.0 0.0 0.0 0.214246869823 0.0 0.0 0.0 0.0 0.0 0.0 0.0 0.0 0.0 0.0 0.0 0.0 0.0 0.0 0.0 0.0 0.0 0.0 0.0 0.20480279157 0.626536354328 0.789133075766 0.0 0.0 0.0 0.0 0.0 0.0
