urd-ng-102-174502-11516120-post214__3
otherwise how is terrorism on such a large scale possible without the backing of some bigwig and everyone knows who people pulling these strings are can largescale terrorist activities be carried out big leader behind this game it to do acts at powerful lord holds magnitude everybody stands would for take place support controlling feudal controller carryout activity massive assistance chiefs every one their or else will able great level from important presence controllers not those carry knowing chiefswhen terrorists continue higher what does refer
Otherwise, how is terrorism on such a large scale possible without the backing of some bigwig? And everyone knows who the people pulling these strings are.
otherwise how is terrorism on such a large scale possible without the backing of some bigwig and everyone knows who the people pulling these strings are
1 1 1 1 1 1 1 1 1 1 1 2 1 1 1 1 1 1 1 1 1 1 1 1 1 0 0 0 0 0 0 0 0 0 0 0 0 0 0 0 0 0 0 0 0 0 0 0 0 0 0 0 0 0 0 0 0 0 0 0 0 0 0 0 0 0 0 0 0 0 0 0 0 0 0 0 0 0 0 0 0 0 0 0 0
0.226446193758 0.151480221451 0.0510160754734 0.154955699915 0.0718649490331 0.152986248958 0.054984699944 0.209576297011 0.262341897922 0.185510685482 0.182916790067 0.0331858454939 0.275283137792 0.0325660113832 0.151789151131 0.399086054133 0.0384860333311 0.225591457728 0.206626580827 0.11384072801 0.105161269407 0.330172228393 0.117603763803 0.283865582073 0.0813747904183 0.0 0.0 0.0 0.0 0.0 0.0 0.0 0.0 0.0 0.0 0.0 0.0 0.0 0.0 0.0 0.0 0.0 0.0 0.0 0.0 0.0 0.0 0.0 0.0 0.0 0.0 0.0 0.0 0.0 0.0 0.0 0.0 0.0 0.0 0.0 0.0 0.0 0.0 0.0 0.0 0.0 0.0 0.0 0.0 0.0 0.0 0.0 0.0 0.0 0.0 0.0 0.0 0.0 0.0 0.0 0.0 0.0 0.0 0.0 0.0
How can such large-scale terrorist activities be carried out without the backing of a big leader and everyone knows how the people behind this game.
how can such largescale terrorist activities be carried out without the backing of a big leader and everyone knows how the people behind this game
0 2 0 0 0 1 1 0 0 0 1 2 1 1 0 0 1 1 1 0 1 0 0 0 0 1 1 1 1 1 1 1 1 1 1 1 1 0 0 0 0 0 0 0 0 0 0 0 0 0 0 0 0 0 0 0 0 0 0 0 0 0 0 0 0 0 0 0 0 0 0 0 0 0 0 0 0 0 0 0 0 0 0 0 0
0.0 0.315078860617 0.0 0.0 0.0 0.159105698917 0.0571840879418 0.0 0.0 0.0 0.190233461669 0.0345132793137 0.286294463303 0.0338686518385 0.0 0.0 0.0400254746643 0.234615116037 0.21489164406 0.0 0.109367720183 0.0 0.0 0.0 0.0 0.127482786761 0.415049496298 0.186632415603 0.211054839185 0.0865359129109 0.222888654509 0.160185022409 0.217099100683 0.177865930562 0.208458057341 0.0692894147668 0.227030281666 0.0 0.0 0.0 0.0 0.0 0.0 0.0 0.0 0.0 0.0 0.0 0.0 0.0 0.0 0.0 0.0 0.0 0.0 0.0 0.0 0.0 0.0 0.0 0.0 0.0 0.0 0.0 0.0 0.0 0.0 0.0 0.0 0.0 0.0 0.0 0.0 0.0 0.0 0.0 0.0 0.0 0.0 0.0 0.0 0.0 0.0 0.0 0.0
Otherwise, is it possible to do acts of terrorism at such a large scale without the backing of some powerful lord? And everyone knows who holds the strings.
otherwise is it possible to do acts of terrorism at such a large scale without the backing of some powerful lord and everyone knows who holds the strings
1 0 1 1 0 1 1 1 1 1 1 2 1 2 1 0 1 1 1 1 0 0 0 1 0 0 0 0 0 0 0 0 0 0 0 0 0 1 1 1 1 1 1 1 1 0 0 0 0 0 0 0 0 0 0 0 0 0 0 0 0 0 0 0 0 0 0 0 0 0 0 0 0 0 0 0 0 0 0 0 0 0 0 0 0
0.210271465633 0.0 0.0473720700825 0.143887435635 0.0 0.142058659747 0.0510572213766 0.19460656151 0.243603190927 0.172259922233 0.169851305062 0.0308154279586 0.255620056521 0.0604797354259 0.140947068908 0.0 0.0357370309503 0.209477782176 0.191867539339 0.105709247438 0.0 0.0 0.0 0.263589469068 0.0 0.0 0.0 0.0 0.0 0.0 0.0 0.0 0.0 0.0 0.0 0.0 0.0 0.0728174586769 0.0383002390138 0.115847851992 0.217349213082 0.110628873755 0.225564085604 0.246803625166 0.276327859923 0.0 0.0 0.0 0.0 0.0 0.0 0.0 0.0 0.0 0.0 0.0 0.0 0.0 0.0 0.0 0.0 0.0 0.0 0.0 0.0 0.0 0.0 0.0 0.0 0.0 0.0 0.0 0.0 0.0 0.0 0.0 0.0 0.0 0.0 0.0 0.0 0.0 0.0 0.0 0.0
Otherwise, is terrorism of such a magnitude possible without the backing of some big leader? Everybody knows who stands behind it (terrorism).
otherwise is terrorism of such a magnitude possible without the backing of some big leader everybody knows who stands behind it terrorism
1 0 1 2 0 1 1 0 0 1 1 1 1 2 1 0 0 0 1 1 0 0 0 0 0 0 0 0 0 0 0 0 1 1 1 0 0 1 0 0 0 0 0 0 0 1 1 1 0 0 0 0 0 0 0 0 0 0 0 0 0 0 0 0 0 0 0 0 0 0 0 0 0 0 0 0 0 0 0 0 0 0 0 0 0
0.267618228987 0.0 0.0602917255595 0.366258927072 0.0 0.180801930587 0.0649819181156 0.0 0.0 0.219239901024 0.216174388261 0.0196098177919 0.32533461739 0.0769742087239 0.17938717861 0.0 0.0 0.0 0.244195050068 0.134539042193 0.0 0.0 0.0 0.0 0.0 0.0 0.0 0.0 0.0 0.0 0.0 0.0 0.246703523503 0.202120375639 0.236884156069 0.0 0.0 0.0926767655888 0.0 0.0 0.0 0.0 0.0 0.0 0.0 0.440140464859 0.318588253521 0.342864730154 0.0 0.0 0.0 0.0 0.0 0.0 0.0 0.0 0.0 0.0 0.0 0.0 0.0 0.0 0.0 0.0 0.0 0.0 0.0 0.0 0.0 0.0 0.0 0.0 0.0 0.0 0.0 0.0 0.0 0.0 0.0 0.0 0.0 0.0 0.0 0.0 0.0
a3dd3acpmvdvca
Otherwise, would it be possible for terrorism to take place at such a large scale without the support of some big leader? And everyone knows who is controlling the strings.
otherwise would it be possible for terrorism to take place at such a large scale without the support of some big leader and everyone knows who is controlling the strings
1 0 1 1 0 1 1 1 1 1 1 2 0 1 1 0 1 1 1 1 0 0 0 1 0 0 0 0 0 1 0 0 1 1 0 0 0 1 1 0 0 1 0 0 0 0 0 0 1 1 1 1 1 1 0 0 0 0 0 0 0 0 0 0 0 0 0 0 0 0 0 0 0 0 0 0 0 0 0 0 0 0 0 0 0
0.196253367924 0.0 0.044213932077 0.134294939926 0.0 0.13258808243 0.0476534066181 0.181632790743 0.227362978199 0.160775927418 0.158527884724 0.0287610660947 0.0 0.0282238765321 0.131550597647 0.0 0.0333545622203 0.195512596698 0.17907637005 0.0986619642752 0.0 0.0 0.0 0.246016837797 0.0 0.0 0.0 0.0 0.0 0.0721132607591 0.0 0.0 0.180915917236 0.148221608802 0.0 0.0 0.0 0.0679629614318 0.0357468897462 0.0 0.0 0.103253615504 0.0 0.0 0.0 0.0 0.0 0.0 0.116255498263 0.0643298652335 0.129064974464 0.151380889013 0.158167520854 0.241358106384 0.0 0.0 0.0 0.0 0.0 0.0 0.0 0.0 0.0 0.0 0.0 0.0 0.0 0.0 0.0 0.0 0.0 0.0 0.0 0.0 0.0 0.0 0.0 0.0 0.0 0.0 0.0 0.0 0.0 0.0 0.0
a143bvgouf83je
otherwise, is this large scale terrorism possible without the support of some big feudal and everyone knows who these controller are.
otherwise is this large scale terrorism possible without the support of some big feudal and everyone knows who these controller are
1 0 1 1 0 0 0 1 1 1 1 1 0 1 1 0 1 1 1 1 0 0 1 0 1 0 0 0 0 0 0 0 1 0 0 1 0 0 0 0 0 0 0 0 0 0 0 0 0 0 0 0 1 0 1 1 0 0 0 0 0 0 0 0 0 0 0 0 0 0 0 0 0 0 0 0 0 0 0 0 0 0 0 0 0
0.280361954177 0.0 0.0631627601099 0.191849914181 0.0 0.0 0.0 0.259475415347 0.32480425457 0.229679896311 0.226468406749 0.0205436186391 0.0 0.0403198236173 0.18792942521 0.0 0.0476493746004 0.279303709568 0.255823385786 0.14094566325 0.0 0.0 0.145604659947 0.0 0.100749740518 0.0 0.0 0.0 0.0 0.0 0.0 0.0 0.258451310337 0.0 0.0 0.0824873985319 0.0 0.0 0.0 0.0 0.0 0.0 0.0 0.0 0.0 0.0 0.0 0.0 0.0 0.0 0.0 0.0 0.22595360122 0.0 0.351452625424 0.461099534614 0.0 0.0 0.0 0.0 0.0 0.0 0.0 0.0 0.0 0.0 0.0 0.0 0.0 0.0 0.0 0.0 0.0 0.0 0.0 0.0 0.0 0.0 0.0 0.0 0.0 0.0 0.0 0.0 0.0
a3sw1e5d0b9v9a
Otherwise, is it possible to carryout terrorist activity on such a massive scale without the assistance of Chiefs and every one knows who are pulling their strings.
otherwise is it possible to carryout terrorist activity on such a massive scale without the assistance of chiefs and every one knows who are pulling their strings
1 0 1 0 1 1 1 0 1 1 1 1 0 1 0 0 1 0 1 1 0 1 0 1 1 0 0 1 0 0 0 0 0 0 0 0 0 1 1 0 0 0 0 0 0 0 0 0 0 0 0 0 0 0 0 0 1 1 1 1 1 1 1 1 0 0 0 0 0 0 0 0 0 0 0 0 0 0 0 0 0 0 0 0 0
0.218059297693 0.0 0.0491265911966 0.0 0.0692032842541 0.147320091589 0.0529482295757 0.0 0.252625531332 0.178639919353 0.176142094138 0.0159783700526 0.0 0.0313598628134 0.0 0.0 0.0370606246892 0.0 0.1989737445 0.10962440475 0.0 0.317943627342 0.0 0.273352041996 0.0783609092917 0.0 0.0 0.172807792225 0.0 0.0 0.0 0.0 0.0 0.0 0.0 0.0 0.0 0.0755144015908 0.0397187663847 0.0 0.0 0.0 0.0 0.0 0.0 0.0 0.0 0.0 0.0 0.0 0.0 0.0 0.0 0.0 0.0 0.0 0.332960853568 0.22802702601 0.307288735769 0.255944500172 0.324696277593 0.157954446961 0.108011949674 0.11077801794 0.0 0.0 0.0 0.0 0.0 0.0 0.0 0.0 0.0 0.0 0.0 0.0 0.0 0.0 0.0 0.0 0.0 0.0 0.0 0.0 0.0
a2i57ww1b3evwx
Or else will terrorist be able to do on such a great level of terrorism and who is behind this everyone knows.
or else will terrorist be able to do on such a great level of terrorism and who is behind this everyone knows
0 0 1 1 1 1 1 0 0 0 0 0 0 1 0 0 1 1 1 1 0 0 0 0 0 0 0 1 0 1 0 0 0 0 1 1 0 0 1 1 0 0 0 0 0 0 0 0 0 0 0 0 0 0 0 0 0 0 0 0 0 0 0 0 1 1 1 1 1 1 0 0 0 0 0 0 0 0 0 0 0 0 0 0 0
0.0 0.0 0.0602917255595 0.183129463536 0.0849313034028 0.180801930587 0.0649819181156 0.0 0.0 0.0 0.0 0.0 0.0 0.0384871043619 0.0 0.0 0.0454834939367 0.266608086406 0.244195050068 0.134539042193 0.0 0.0 0.0 0.0 0.0 0.0 0.0 0.212082290458 0.0 0.0983362646715 0.0 0.0 0.0 0.0 0.236884156069 0.0787379713259 0.0 0.0 0.0487457587448 0.147442720718 0.0 0.0 0.0 0.0 0.0 0.0 0.0 0.0 0.0 0.0 0.0 0.0 0.0 0.0 0.0 0.0 0.0 0.0 0.0 0.0 0.0 0.0 0.0 0.0 0.146048409846 0.26465275072 0.101236979064 0.240674229203 0.216174388261 0.283322849139 0.0 0.0 0.0 0.0 0.0 0.0 0.0 0.0 0.0 0.0 0.0 0.0 0.0 0.0 0.0
ajfwu2g6a1bhs
Otherwise, would it be possible for terrorism to take place on such a large scale without the support of some big leader? And everyone knows who is controlling the strings.
otherwise would it be possible for terrorism to take place on such a large scale without the support of some big leader and everyone knows who is controlling the strings
1 0 1 1 1 1 1 1 1 1 1 2 0 1 1 0 1 1 1 1 0 0 0 1 0 0 0 0 0 1 0 0 1 1 0 0 0 1 1 0 0 0 0 0 0 0 0 0 1 1 1 1 1 1 0 0 0 0 0 0 0 0 0 0 0 0 0 0 0 0 0 0 0 0 0 0 0 0 0 0 0 0 0 0 0
0.196253367924 0.0 0.044213932077 0.134294939926 0.0622829558287 0.13258808243 0.0476534066181 0.181632790743 0.227362978199 0.160775927418 0.158527884724 0.0287610660947 0.0 0.0282238765321 0.131550597647 0.0 0.0333545622203 0.195512596698 0.17907637005 0.0986619642752 0.0 0.0 0.0 0.246016837797 0.0 0.0 0.0 0.0 0.0 0.0721132607591 0.0 0.0 0.180915917236 0.148221608802 0.0 0.0 0.0 0.0679629614318 0.0357468897462 0.0 0.0 0.0 0.0 0.0 0.0 0.0 0.0 0.0 0.116255498263 0.0643298652335 0.129064974464 0.151380889013 0.158167520854 0.241358106384 0.0 0.0 0.0 0.0 0.0 0.0 0.0 0.0 0.0 0.0 0.0 0.0 0.0 0.0 0.0 0.0 0.0 0.0 0.0 0.0 0.0 0.0 0.0 0.0 0.0 0.0 0.0 0.0 0.0 0.0 0.0
a9x4g4wpj27d6
Otherwise, would it be possible for terrorism to take place at such a large scale without the support from some important leader? Everyone knows who is pulling the strings.
otherwise would it be possible for terrorism to take place at such a large scale without the support from some important leader everyone knows who is pulling the strings
1 0 1 1 0 1 1 1 1 1 1 2 0 0 1 0 0 1 1 1 0 1 0 1 0 0 0 0 0 1 0 0 0 1 0 0 0 1 1 0 0 1 0 0 0 0 0 0 1 1 1 1 1 0 0 0 0 0 0 0 0 0 0 0 0 0 0 0 0 0 1 1 0 0 0 0 0 0 0 0 0 0 0 0 0
0.203020725439 0.0 0.0457385504244 0.138925799924 0.0 0.137160085273 0.049296627536 0.187895990424 0.235203080895 0.166319924915 0.163994363508 0.0297528269945 0.0 0.0 0.136086825152 0.0 0.0 0.202254410377 0.185251417293 0.102064100974 0.0 0.296016480628 0.0 0.254500177031 0.0 0.0 0.0 0.0 0.0 0.0745999249232 0.0 0.0 0.0 0.153332698761 0.0 0.0 0.0 0.070306511826 0.0369795411168 0.0 0.0 0.106814085004 0.0 0.0 0.0 0.0 0.0 0.0 0.120264308548 0.0665481364485 0.133515490825 0.156600919669 0.163621573298 0.0 0.0 0.0 0.0 0.0 0.0 0.0 0.0 0.0 0.0 0.0 0.0 0.0 0.0 0.0 0.0 0.0 0.0818809458397 0.161581998384 0.0 0.0 0.0 0.0 0.0 0.0 0.0 0.0 0.0 0.0 0.0 0.0 0.0
a34erkopmv5x3c
Otherwise, would it be possible for terrorism to take place at such a large scale without the support of some big leader? And everyone knows who is controlling the strings.
otherwise would it be possible for terrorism to take place at such a large scale without the support of some big leader and everyone knows who is controlling the strings
1 0 1 1 0 1 1 1 1 1 1 2 0 1 1 0 1 1 1 1 0 0 0 1 0 0 0 0 0 1 0 0 1 1 0 0 0 1 1 0 0 1 0 0 0 0 0 0 1 1 1 1 1 1 0 0 0 0 0 0 0 0 0 0 0 0 0 0 0 0 0 0 0 0 0 0 0 0 0 0 0 0 0 0 0
0.196253367924 0.0 0.044213932077 0.134294939926 0.0 0.13258808243 0.0476534066181 0.181632790743 0.227362978199 0.160775927418 0.158527884724 0.0287610660947 0.0 0.0282238765321 0.131550597647 0.0 0.0333545622203 0.195512596698 0.17907637005 0.0986619642752 0.0 0.0 0.0 0.246016837797 0.0 0.0 0.0 0.0 0.0 0.0721132607591 0.0 0.0 0.180915917236 0.148221608802 0.0 0.0 0.0 0.0679629614318 0.0357468897462 0.0 0.0 0.103253615504 0.0 0.0 0.0 0.0 0.0 0.0 0.116255498263 0.0643298652335 0.129064974464 0.151380889013 0.158167520854 0.241358106384 0.0 0.0 0.0 0.0 0.0 0.0 0.0 0.0 0.0 0.0 0.0 0.0 0.0 0.0 0.0 0.0 0.0 0.0 0.0 0.0 0.0 0.0 0.0 0.0 0.0 0.0 0.0 0.0 0.0 0.0 0.0
a2qxd8jqk5bvez
Otherwise, is this large scale terrorism possible without the support of some big feudal and everyone knows who these controller are.
otherwise is this large scale terrorism possible without the support of some big feudal and everyone knows who these controller are
1 0 1 1 0 0 0 1 1 1 1 1 0 1 1 0 1 1 1 1 0 0 1 0 1 0 0 0 0 0 0 0 1 0 0 1 0 0 0 0 0 0 0 0 0 0 0 0 0 0 0 0 1 0 1 1 0 0 0 0 0 0 0 0 0 0 0 0 0 0 0 0 0 0 0 0 0 0 0 0 0 0 0 0 0
0.280361954177 0.0 0.0631627601099 0.191849914181 0.0 0.0 0.0 0.259475415347 0.32480425457 0.229679896311 0.226468406749 0.0205436186391 0.0 0.0403198236173 0.18792942521 0.0 0.0476493746004 0.279303709568 0.255823385786 0.14094566325 0.0 0.0 0.145604659947 0.0 0.100749740518 0.0 0.0 0.0 0.0 0.0 0.0 0.0 0.258451310337 0.0 0.0 0.0824873985319 0.0 0.0 0.0 0.0 0.0 0.0 0.0 0.0 0.0 0.0 0.0 0.0 0.0 0.0 0.0 0.0 0.22595360122 0.0 0.351452625424 0.461099534614 0.0 0.0 0.0 0.0 0.0 0.0 0.0 0.0 0.0 0.0 0.0 0.0 0.0 0.0 0.0 0.0 0.0 0.0 0.0 0.0 0.0 0.0 0.0 0.0 0.0 0.0 0.0 0.0 0.0
air4uqnpimfcj
Otherwise, is this large scale terrorism possible without the support of some big feudal presence? And everyone knows who these controllers are.
otherwise is this large scale terrorism possible without the support of some big feudal presence and everyone knows who these controllers are
1 0 1 1 0 0 0 1 1 1 1 1 0 1 1 0 1 1 1 1 0 0 1 0 1 0 0 0 0 0 0 0 1 0 0 1 0 0 0 0 0 0 0 0 0 0 0 0 0 0 0 0 1 0 1 0 0 0 0 0 0 0 0 0 0 0 0 0 0 0 0 0 1 1 0 0 0 0 0 0 0 0 0 0 0
0.267618228987 0.0 0.0602917255595 0.183129463536 0.0 0.0 0.0 0.247681078286 0.310040424816 0.219239901024 0.216174388261 0.0196098177919 0.0 0.0384871043619 0.17938717861 0.0 0.0454834939367 0.266608086406 0.244195050068 0.134539042193 0.0 0.0 0.138986266313 0.0 0.096170206858 0.0 0.0 0.0 0.0 0.0 0.0 0.0 0.246703523503 0.0 0.0 0.0787379713259 0.0 0.0 0.0 0.0 0.0 0.0 0.0 0.0 0.0 0.0 0.0 0.0 0.0 0.0 0.0 0.0 0.215682982983 0.0 0.335477506086 0.0 0.0 0.0 0.0 0.0 0.0 0.0 0.0 0.0 0.0 0.0 0.0 0.0 0.0 0.0 0.0 0.0 0.265619905195 0.440140464859 0.0 0.0 0.0 0.0 0.0 0.0 0.0 0.0 0.0 0.0 0.0
a291u81kgj6l9n
This large scale terrorism would not be possible without the support of some big feudal and everyone knows who those controllers are.
this large scale terrorism would not be possible without the support of some big feudal and everyone knows who those controllers are
0 0 0 1 0 0 0 1 1 1 1 1 0 1 1 0 1 1 1 1 0 0 0 0 1 0 0 0 0 1 0 0 1 0 0 1 0 0 0 0 0 0 0 0 0 0 0 0 1 0 0 0 1 0 1 0 0 0 0 0 0 0 0 0 0 0 0 0 0 0 0 0 0 1 1 1 0 0 0 0 0 0 0 0 0
0.0 0.0 0.0 0.183129463536 0.0 0.0 0.0 0.247681078286 0.310040424816 0.219239901024 0.216174388261 0.0196098177919 0.0 0.0384871043619 0.17938717861 0.0 0.0454834939367 0.266608086406 0.244195050068 0.134539042193 0.0 0.0 0.0 0.0 0.096170206858 0.0 0.0 0.0 0.0 0.0983362646715 0.0 0.0 0.246703523503 0.0 0.0 0.0787379713259 0.0 0.0 0.0 0.0 0.0 0.0 0.0 0.0 0.0 0.0 0.0 0.0 0.158530224904 0.0 0.0 0.0 0.215682982983 0.0 0.335477506086 0.0 0.0 0.0 0.0 0.0 0.0 0.0 0.0 0.0 0.0 0.0 0.0 0.0 0.0 0.0 0.0 0.0 0.0 0.440140464859 0.0973849408288 0.181487762389 0.0 0.0 0.0 0.0 0.0 0.0 0.0 0.0 0.0
ah7pogjaytu4f
Otherwise, is it possible to carry out terrorist activity on such a massive scale without the assistance of chiefs and without every one knowing who is pulling their strings.
otherwise is it possible to carry out terrorist activity on such a massive scale without the assistance of chiefs and without every one knowing who is pulling their strings
1 0 2 0 1 1 1 0 1 1 2 1 0 1 0 0 1 0 0 1 0 1 0 1 0 0 0 1 0 0 0 1 0 0 0 0 0 1 1 0 0 0 0 0 0 0 0 0 0 0 0 0 0 0 0 0 0 1 1 1 1 1 1 1 0 0 0 0 0 0 0 0 0 0 0 0 1 1 0 0 0 0 0 0 0
0.203020725439 0.0 0.0914771008489 0.0 0.0644306439607 0.137160085273 0.049296627536 0.0 0.235203080895 0.166319924915 0.327988727016 0.0148764134973 0.0 0.0291971136539 0.0 0.0 0.0345047195382 0.0 0.0 0.102064100974 0.0 0.296016480628 0.0 0.254500177031 0.0 0.0 0.0 0.160890013451 0.0 0.0 0.0 0.138090536559 0.0 0.0 0.0 0.0 0.0 0.070306511826 0.0369795411168 0.0 0.0 0.0 0.0 0.0 0.0 0.0 0.0 0.0 0.0 0.0 0.0 0.0 0.0 0.0 0.0 0.0 0.0 0.212301024216 0.286096409164 0.238293155333 0.302303430863 0.147061036826 0.100562849697 0.103138154634 0.0 0.0 0.0 0.0 0.0 0.0 0.0 0.0 0.0 0.0 0.0 0.0 0.223600589977 0.272114853712 0.0 0.0 0.0 0.0 0.0 0.0 0.0
a3o6ftaqnh7f62
Otherwise, is it possible to carryout terrorist activity on such a massive scale without the assistance of Chiefs and every one knows who are pulling their strings.
otherwise is it possible to carryout terrorist activity on such a massive scale without the assistance of chiefs and every one knows who are pulling their strings
1 0 1 0 1 1 1 0 1 1 1 1 0 1 0 0 1 0 1 1 0 1 0 1 1 0 0 1 0 0 0 0 0 0 0 0 0 1 1 0 0 0 0 0 0 0 0 0 0 0 0 0 0 0 0 0 1 1 1 1 1 1 1 1 0 0 0 0 0 0 0 0 0 0 0 0 0 0 0 0 0 0 0 0 0
0.218059297693 0.0 0.0491265911966 0.0 0.0692032842541 0.147320091589 0.0529482295757 0.0 0.252625531332 0.178639919353 0.176142094138 0.0159783700526 0.0 0.0313598628134 0.0 0.0 0.0370606246892 0.0 0.1989737445 0.10962440475 0.0 0.317943627342 0.0 0.273352041996 0.0783609092917 0.0 0.0 0.172807792225 0.0 0.0 0.0 0.0 0.0 0.0 0.0 0.0 0.0 0.0755144015908 0.0397187663847 0.0 0.0 0.0 0.0 0.0 0.0 0.0 0.0 0.0 0.0 0.0 0.0 0.0 0.0 0.0 0.0 0.0 0.332960853568 0.22802702601 0.307288735769 0.255944500172 0.324696277593 0.157954446961 0.108011949674 0.11077801794 0.0 0.0 0.0 0.0 0.0 0.0 0.0 0.0 0.0 0.0 0.0 0.0 0.0 0.0 0.0 0.0 0.0 0.0 0.0 0.0 0.0
a219vcqzadq45w
Otherwise, is it possible to carry out terrorist activity on such a massive scale without the assistance of Chiefs,when everyone knows who are pulling their strings.
otherwise is it possible to carry out terrorist activity on such a massive scale without the assistance of chiefswhen everyone knows who are pulling their strings
1 0 1 0 1 1 1 0 1 1 1 1 0 1 0 0 0 1 1 1 0 1 0 1 1 0 0 1 0 0 0 1 0 0 0 0 0 1 1 0 0 0 0 0 0 0 0 0 0 0 0 0 0 0 0 0 0 1 1 1 0 0 0 1 0 0 0 0 0 0 0 0 0 0 0 0 1 0 1 0 0 0 0 0 0
0.226446193758 0.0 0.0510160754734 0.0 0.0718649490331 0.152986248958 0.054984699944 0.0 0.262341897922 0.185510685482 0.182916790067 0.016592922747 0.0 0.0325660113832 0.0 0.0 0.0 0.225591457728 0.206626580827 0.11384072801 0.0 0.330172228393 0.0 0.283865582073 0.0813747904183 0.0 0.0 0.179454245772 0.0 0.0 0.0 0.154024060008 0.0 0.0 0.0 0.0 0.0 0.078418801652 0.0412464112456 0.0 0.0 0.0 0.0 0.0 0.0 0.0 0.0 0.0 0.0 0.0 0.0 0.0 0.0 0.0 0.0 0.0 0.0 0.236797296241 0.319107533299 0.26578851941 0.0 0.0 0.0 0.115038710938 0.0 0.0 0.0 0.0 0.0 0.0 0.0 0.0 0.0 0.0 0.0 0.0 0.249400658052 0.0 0.399086054133 0.0 0.0 0.0 0.0 0.0 0.0
a290hg650rgy73
Otherwise, terrorists will be able to continue on to a higher level of terrorism, and everyone knows who is behind this. (this = ? What does "this" refer to?)
otherwise terrorists will be able to continue on to a higher level of terrorism and everyone knows who is behind this this   what does this refer to
1 0 1 1 1 0 1 0 0 0 0 0 0 1 0 0 1 1 1 1 0 0 0 0 0 0 0 0 0 1 0 0 0 0 1 3 0 0 3 0 0 0 0 0 0 0 0 0 0 0 0 0 0 0 0 0 0 0 0 0 0 0 0 0 0 0 1 1 0 1 0 0 0 0 0 0 0 0 0 1 1 1 1 1 1
0.218059297693 0.0 0.0491265911966 0.149216599918 0.0692032842541 0.0 0.0529482295757 0.0 0.0 0.0 0.0 0.0 0.0 0.0313598628134 0.0 0.0 0.0370606246892 0.217236218553 0.1989737445 0.10962440475 0.0 0.0 0.0 0.0 0.0 0.0 0.0 0.0 0.0 0.0801258452879 0.0 0.0 0.0 0.0 0.19301671976 0.192470596574 0.0 0.0 0.119156299154 0.0 0.0 0.0 0.0 0.0 0.0 0.0 0.0 0.0 0.0 0.0 0.0 0.0 0.0 0.0 0.0 0.0 0.0 0.0 0.0 0.0 0.0 0.0 0.0 0.0 0.0 0.0 0.0824893903481 0.196104927499 0.0 0.230855654854 0.0 0.0 0.0 0.0 0.0 0.0 0.0 0.0 0.0 0.171959115946 0.185913004918 0.231448260089 0.114218527084 0.156347381979 0.358632971366
