voa_urd_20090103.0018__3
this is the second important person to be killed in israeli attacks going on for one week now gaza strip death of a personality hamas who has been during weeklong attack that have continued killing an leader offensive it was main hammas resulted by israel line ghaza got long lands figure belt 2nd continual as result isreali highestranking official fatally struck
This is the second important person to be killed in the Israeli attacks going on for one week now in the Gaza Strip.
this is the second important person to be killed in the israeli attacks going on for one week now in the gaza strip
1 1 3 1 1 1 1 1 1 2 1 1 1 1 1 1 1 1 1 1 0 0 0 0 0 0 0 0 0 0 0 0 0 0 0 0 0 0 0 0 0 0 0 0 0 0 0 0 0 0 0 0 0 0 0 0 0 0 0 0 0
0.0753145812683 0.0576703461873 0.0562716510549 0.220779132213 0.203733824049 0.209707731414 0.0466263779298 0.0940607749032 0.158332423803 0.0887691098934 0.170823110648 0.139867195767 0.19287244151 0.0812386380375 0.0839085198698 0.126796636574 0.234761028914 0.149985233662 0.16211082756 0.267683900099 0.0 0.0 0.0 0.0 0.0 0.0 0.0 0.0 0.0 0.0 0.0 0.0 0.0 0.0 0.0 0.0 0.0 0.0 0.0 0.0 0.0 0.0 0.0 0.0 0.0 0.0 0.0 0.0 0.0 0.0 0.0 0.0 0.0 0.0 0.0 0.0 0.0 0.0 0.0 0.0 0.0
This is the death of a second important personality of Hamas who has been killed during a week-long Israeli attack in Gaza Strip.
this is the death of a second important personality of hamas who has been killed during a weeklong israeli attack in gaza strip
1 1 1 1 1 0 0 0 1 1 1 0 0 0 0 0 0 0 1 1 1 2 2 1 1 1 1 1 1 1 1 0 0 0 0 0 0 0 0 0 0 0 0 0 0 0 0 0 0 0 0 0 0 0 0 0 0 0 0 0 0
0.0753145812683 0.0576703461873 0.0187572170183 0.220779132213 0.203733824049 0.0 0.0 0.0 0.158332423803 0.0443845549467 0.170823110648 0.0 0.0 0.0 0.0 0.0 0.0 0.0 0.16211082756 0.267683900099 0.204176730367 0.0736275039967 0.124313234656 0.291855467883 0.179486718824 0.12868951862 0.089044691987 0.126323636228 0.166560336831 0.373238171227 0.162850174861 0.0 0.0 0.0 0.0 0.0 0.0 0.0 0.0 0.0 0.0 0.0 0.0 0.0 0.0 0.0 0.0 0.0 0.0 0.0 0.0 0.0 0.0 0.0 0.0 0.0 0.0 0.0 0.0 0.0 0.0
This is the second important Hamas personality killed Gaza Strip, in the Israeli attacks that have continued for a week.
this is the second important hamas personality killed gaza strip in the israeli attacks that have continued for a week
1 1 2 1 1 0 0 0 1 1 1 1 0 0 1 0 1 0 1 1 0 0 1 1 1 0 0 0 0 0 0 1 1 1 0 0 0 0 0 0 0 0 0 0 0 0 0 0 0 0 0 0 0 0 0 0 0 0 0 0 0
0.0866117684585 0.0663208981154 0.0431415991421 0.253896002045 0.234293897656 0.0 0.0 0.0 0.182082287374 0.0510422381887 0.196446577245 0.160847275133 0.0 0.0 0.0964947978503 0.0 0.269975183251 0.0 0.186427451694 0.307836485114 0.0 0.0 0.0714801099272 0.335633788066 0.206409726647 0.0 0.0 0.0 0.0 0.0 0.0 0.0609437980132 0.11441449264 0.274294413961 0.0 0.0 0.0 0.0 0.0 0.0 0.0 0.0 0.0 0.0 0.0 0.0 0.0 0.0 0.0 0.0 0.0 0.0 0.0 0.0 0.0 0.0 0.0 0.0 0.0 0.0 0.0
This is the second killing of an important Hamas leader in the week-long Israeli offensive in the Gaza Strip.
this is the second killing of an important hamas leader in the weeklong israeli offensive in the gaza strip
1 1 3 1 1 0 0 0 0 2 1 0 0 0 0 0 0 0 1 1 0 1 0 0 1 0 0 0 0 1 0 0 0 0 1 1 1 1 0 0 0 0 0 0 0 0 0 0 0 0 0 0 0 0 0 0 0 0 0 0 0
0.0911702825879 0.0698114717005 0.0681183144349 0.267258949521 0.246625155428 0.0 0.0 0.0 0.0 0.107457343555 0.206785870785 0.0 0.0 0.0 0.0 0.0 0.0 0.0 0.196239422836 0.324038405383 0.0 0.044564015577 0.0 0.0 0.217273396471 0.0 0.0 0.0 0.0 0.451814628327 0.0 0.0 0.0 0.0 0.26444101442 0.154407614982 0.234034119161 0.370738573541 0.0 0.0 0.0 0.0 0.0 0.0 0.0 0.0 0.0 0.0 0.0 0.0 0.0 0.0 0.0 0.0 0.0 0.0 0.0 0.0 0.0 0.0 0.0
a353ocl6lm6m4o
It was the second main person of Hammas resulted by the attacks of Israel in the Line of Ghaza.
it was the second main person of hammas resulted by the attacks of israel in the line of ghaza
0 0 3 1 0 1 0 0 0 1 0 1 0 0 0 0 0 0 0 0 0 3 0 0 0 0 0 0 0 0 0 0 0 0 0 0 0 0 1 1 1 1 1 1 1 1 1 0 0 0 0 0 0 0 0 0 0 0 0 0 0
0.0 0.0 0.0681183144349 0.267258949521 0.0 0.253856727501 0.0 0.0 0.0 0.0537286717776 0.0 0.169312921192 0.0 0.0 0.0 0.0 0.0 0.0 0.0 0.0 0.0 0.133692046731 0.0 0.0 0.0 0.0 0.0 0.0 0.0 0.0 0.0 0.0 0.0 0.0 0.0 0.0 0.0 0.0 0.107309939103 0.11479893245 0.308704100049 0.30644002715 0.358994176103 0.131219371376 0.175104345589 0.317496420295 0.32560961397 0.0 0.0 0.0 0.0 0.0 0.0 0.0 0.0 0.0 0.0 0.0 0.0 0.0 0.0
a3bz8b0jpubzqq
This was the second important personality of Hamas who got killed during the week long attacks of Israel on the lands of Ghaza.
this was the second important personality of hamas who got killed during the week long attacks of israel on the lands of ghaza
1 0 3 1 1 0 0 0 1 0 0 1 0 1 0 0 1 0 0 0 0 3 0 1 1 1 0 0 1 0 0 0 0 0 0 0 0 0 0 1 0 0 0 0 1 0 1 1 1 1 0 0 0 0 0 0 0 0 0 0 0
0.0753145812683 0.0 0.0562716510549 0.220779132213 0.203733824049 0.0 0.0 0.0 0.158332423803 0.0 0.0 0.139867195767 0.0 0.0812386380375 0.0 0.0 0.234761028914 0.0 0.0 0.0 0.0 0.110441255995 0.0 0.291855467883 0.179486718824 0.12868951862 0.0 0.0 0.166560336831 0.0 0.0 0.0 0.0 0.0 0.0 0.0 0.0 0.0 0.0 0.0948339007198 0.0 0.0 0.0 0.0 0.144651415921 0.0 0.268981855018 0.213582852279 0.210046085347 0.346884440637 0.0 0.0 0.0 0.0 0.0 0.0 0.0 0.0 0.0 0.0 0.0
a3dd3acpmvdvca
This is the second death of an important Hamas figure, in the week long Israeli attacks on the Gaza belt.
this is the second death of an important hamas figure in the week long israeli attacks on the gaza belt
1 1 3 1 1 0 0 0 0 1 1 1 0 1 0 0 1 0 1 0 1 1 0 0 1 0 0 0 0 0 0 0 0 0 0 1 0 0 0 0 0 0 0 0 0 0 0 0 1 0 1 1 0 0 0 0 0 0 0 0 0
0.0866117684585 0.0663208981154 0.0647123987131 0.253896002045 0.234293897656 0.0 0.0 0.0 0.0 0.0510422381887 0.196446577245 0.160847275133 0.0 0.0934244337431 0.0 0.0 0.269975183251 0.0 0.186427451694 0.0 0.234803239922 0.0423358147981 0.0 0.0 0.206409726647 0.0 0.0 0.0 0.0 0.0 0.0 0.0 0.0 0.0 0.0 0.146687234233 0.0 0.0 0.0 0.0 0.0 0.0 0.0 0.0 0.0 0.0 0.0 0.0 0.241552998149 0.0 0.345525075233 0.364259747705 0.0 0.0 0.0 0.0 0.0 0.0 0.0 0.0 0.0
a8v7wa74iohz9
It is the death of 2nd Hamas leader in Israel continual attack for a week in Gaza Strip.
it is the death of 2nd hamas leader in israel continual attack for a week in gaza strip
0 1 1 0 0 0 0 0 0 2 0 0 0 0 1 0 1 0 1 1 1 1 1 0 1 0 0 0 0 0 1 0 0 0 0 0 1 0 1 0 0 0 0 0 1 0 0 0 0 0 0 0 1 1 0 0 0 0 0 0 0
0.0 0.0736898867949 0.0239675550789 0.0 0.0 0.0 0.0 0.0 0.0 0.113427195975 0.0 0.0 0.0 0.0 0.107216442056 0.0 0.299972425835 0.0 0.207141612994 0.342040539015 0.260892488802 0.0470397942201 0.0794223443636 0.0 0.229344140719 0.0 0.0 0.0 0.0 0.0 0.208086334545 0.0 0.0 0.0 0.0 0.0 0.24703601467 0.0 0.113271602386 0.0 0.0 0.0 0.0 0.0 0.184832364789 0.0 0.0 0.0 0.0 0.0 0.0 0.0 0.438407264315 0.537949457049 0.0 0.0 0.0 0.0 0.0 0.0 0.0
a2zhr3rebfem5a
It was the second main person of Hamas killed as a result of Isreali attacks in the Gaza Strip.
it was the second main person of hamas killed as a result of isreali attacks in the gaza strip
0 0 2 1 0 1 0 0 1 1 0 1 0 0 0 0 0 0 1 1 0 2 1 0 1 0 0 0 0 0 0 0 0 0 0 0 0 0 1 1 1 0 0 0 0 0 0 0 0 0 0 0 0 0 1 1 1 0 0 0 0
0.0 0.0 0.0454122096232 0.267258949521 0.0 0.253856727501 0.0 0.0 0.191665565657 0.0537286717776 0.0 0.169312921192 0.0 0.0 0.0 0.0 0.0 0.0 0.196239422836 0.324038405383 0.0 0.089128031154 0.075242220976 0.0 0.217273396471 0.0 0.0 0.0 0.0 0.0 0.0 0.0 0.0 0.0 0.0 0.0 0.0 0.0 0.107309939103 0.11479893245 0.308704100049 0.0 0.0 0.0 0.0 0.0 0.0 0.0 0.0 0.0 0.0 0.0 0.0 0.0 0.139382203439 0.265703223087 0.546117758287 0.0 0.0 0.0 0.0
a2miig4vdudbb6
It was the second main person of Hammas resulted by the attacks of Israel in the Line of Ghaza.
it was the second main person of hammas resulted by the attacks of israel in the line of ghaza
0 0 3 1 0 1 0 0 0 1 0 1 0 0 0 0 0 0 0 0 0 3 0 0 0 0 0 0 0 0 0 0 0 0 0 0 0 0 1 1 1 1 1 1 1 1 1 0 0 0 0 0 0 0 0 0 0 0 0 0 0
0.0 0.0 0.0681183144349 0.267258949521 0.0 0.253856727501 0.0 0.0 0.0 0.0537286717776 0.0 0.169312921192 0.0 0.0 0.0 0.0 0.0 0.0 0.0 0.0 0.0 0.133692046731 0.0 0.0 0.0 0.0 0.0 0.0 0.0 0.0 0.0 0.0 0.0 0.0 0.0 0.0 0.0 0.0 0.107309939103 0.11479893245 0.308704100049 0.30644002715 0.358994176103 0.131219371376 0.175104345589 0.317496420295 0.32560961397 0.0 0.0 0.0 0.0 0.0 0.0 0.0 0.0 0.0 0.0 0.0 0.0 0.0 0.0
a2qxd8jqk5bvez
It was the second main person of Hammas resulted by the attacks of Israel in the Line of Ghaza.
it was the second main person of hammas resulted by the attacks of israel in the line of ghaza
0 0 3 1 0 1 0 0 0 1 0 1 0 0 0 0 0 0 0 0 0 3 0 0 0 0 0 0 0 0 0 0 0 0 0 0 0 0 1 1 1 1 1 1 1 1 1 0 0 0 0 0 0 0 0 0 0 0 0 0 0
0.0 0.0 0.0681183144349 0.267258949521 0.0 0.253856727501 0.0 0.0 0.0 0.0537286717776 0.0 0.169312921192 0.0 0.0 0.0 0.0 0.0 0.0 0.0 0.0 0.0 0.133692046731 0.0 0.0 0.0 0.0 0.0 0.0 0.0 0.0 0.0 0.0 0.0 0.0 0.0 0.0 0.0 0.0 0.107309939103 0.11479893245 0.308704100049 0.30644002715 0.358994176103 0.131219371376 0.175104345589 0.317496420295 0.32560961397 0.0 0.0 0.0 0.0 0.0 0.0 0.0 0.0 0.0 0.0 0.0 0.0 0.0 0.0
a1395pss402i1j
This was the second important personality of Hamas who was killed during the week long attacks of Israel on the lands of Ghaza.
this was the second important personality of hamas who was killed during the week long attacks of israel on the lands of ghaza
1 0 3 1 1 0 0 0 1 0 0 1 0 1 0 0 1 0 0 0 0 3 0 1 1 1 0 0 1 0 0 0 0 0 0 0 0 0 0 2 0 0 0 0 1 0 1 0 1 1 0 0 0 0 0 0 0 0 0 0 0
0.0753145812683 0.0 0.0562716510549 0.220779132213 0.203733824049 0.0 0.0 0.0 0.158332423803 0.0 0.0 0.139867195767 0.0 0.0812386380375 0.0 0.0 0.234761028914 0.0 0.0 0.0 0.0 0.110441255995 0.0 0.291855467883 0.179486718824 0.12868951862 0.0 0.0 0.166560336831 0.0 0.0 0.0 0.0 0.0 0.0 0.0 0.0 0.0 0.0 0.18966780144 0.0 0.0 0.0 0.0 0.144651415921 0.0 0.268981855018 0.0 0.210046085347 0.346884440637 0.0 0.0 0.0 0.0 0.0 0.0 0.0 0.0 0.0 0.0 0.0
a1g9f1kosfkijh
This was the second important personality of Hamas who was killed during the week long attacks of Israel on the lands of Ghaza.
this was the second important personality of hamas who was killed during the week long attacks of israel on the lands of ghaza
1 0 3 1 1 0 0 0 1 0 0 1 0 1 0 0 1 0 0 0 0 3 0 1 1 1 0 0 1 0 0 0 0 0 0 0 0 0 0 2 0 0 0 0 1 0 1 0 1 1 0 0 0 0 0 0 0 0 0 0 0
0.0753145812683 0.0 0.0562716510549 0.220779132213 0.203733824049 0.0 0.0 0.0 0.158332423803 0.0 0.0 0.139867195767 0.0 0.0812386380375 0.0 0.0 0.234761028914 0.0 0.0 0.0 0.0 0.110441255995 0.0 0.291855467883 0.179486718824 0.12868951862 0.0 0.0 0.166560336831 0.0 0.0 0.0 0.0 0.0 0.0 0.0 0.0 0.0 0.0 0.18966780144 0.0 0.0 0.0 0.0 0.144651415921 0.0 0.268981855018 0.0 0.210046085347 0.346884440637 0.0 0.0 0.0 0.0 0.0 0.0 0.0 0.0 0.0 0.0 0.0
a1gnof24z9gaez
The second highest-ranking official of Hamas was fatally struck during the week long attacks of Israel in Gaza.
the second highestranking official of hamas was fatally struck during the week long attacks of israel in gaza
0 0 2 1 0 0 0 0 0 1 0 1 0 0 0 0 1 0 1 0 0 2 0 0 1 0 0 0 1 0 0 0 0 0 0 0 0 0 0 1 0 0 0 0 1 0 0 0 1 0 0 0 0 0 0 0 0 1 1 1 1
0.0 0.0 0.0479351101579 0.282106668939 0.0 0.0 0.0 0.0 0.0 0.0567135979875 0.0 0.178719194592 0.0 0.0 0.0 0.0 0.299972425835 0.0 0.207141612994 0.0 0.0 0.0940795884403 0.0 0.0 0.229344140719 0.0 0.0 0.0 0.212827097062 0.0 0.0 0.0 0.0 0.0 0.0 0.0 0.0 0.0 0.0 0.12117665092 0.0 0.0 0.0 0.0 0.184832364789 0.0 0.0 0.0 0.268392220165 0.0 0.0 0.0 0.0 0.0 0.0 0.0 0.0 0.576457633747 0.311419599055 0.576457633747 0.41287769046
a230hf2okthmdz
Second death of an important Hamas figure, in the week long Israeli attacks on the Gaza belt.
second death of an important hamas figure in the week long israeli attacks on the gaza belt
0 0 2 1 1 0 0 0 0 1 1 1 0 1 0 0 1 0 1 0 1 1 0 0 1 0 0 0 0 0 0 0 0 0 0 1 0 0 0 0 0 0 0 0 0 0 0 0 1 0 1 1 0 0 0 0 0 0 0 0 0
0.0 0.0 0.0507548225201 0.298701178877 0.275639879596 0.0 0.0 0.0 0.0 0.0600496919867 0.231113620289 0.189232088391 0.0 0.109911098521 0.0 0.0 0.317617862649 0.0 0.219326413758 0.0 0.27623910579 0.049806840939 0.0 0.0 0.242834972526 0.0 0.0 0.0 0.0 0.0 0.0 0.0 0.0 0.0 0.0 0.172573216744 0.0 0.0 0.0 0.0 0.0 0.0 0.0 0.0 0.0 0.0 0.0 0.0 0.284179997822 0.0 0.406500088509 0.428540879652 0.0 0.0 0.0 0.0 0.0 0.0 0.0 0.0 0.0
a6tw9zegog7ph
This is the second death of an important Hamas figure, in the week-long Israeli attacks on the Gaza belt.
this is the second death of an important hamas figure in the weeklong israeli attacks on the gaza belt
1 1 3 1 1 0 0 0 0 1 1 1 0 1 0 0 0 0 1 0 1 1 0 0 1 0 0 0 0 1 0 0 0 0 0 1 0 0 0 0 0 0 0 0 0 0 0 0 0 0 1 1 0 0 0 0 0 0 0 0 0
0.0911702825879 0.0698114717005 0.0681183144349 0.267258949521 0.246625155428 0.0 0.0 0.0 0.0 0.0537286717776 0.206785870785 0.169312921192 0.0 0.0983415092032 0.0 0.0 0.0 0.0 0.196239422836 0.0 0.247161305181 0.044564015577 0.0 0.0 0.217273396471 0.0 0.0 0.0 0.0 0.451814628327 0.0 0.0 0.0 0.0 0.0 0.154407614982 0.0 0.0 0.0 0.0 0.0 0.0 0.0 0.0 0.0 0.0 0.0 0.0 0.0 0.0 0.363710605508 0.383431313373 0.0 0.0 0.0 0.0 0.0 0.0 0.0 0.0 0.0
a3pkikuziexv59
In the week long Israeli attacks on the Gaza belt; this is the second death of an important Hamas figure.
in the week long israeli attacks on the gaza belt this is the second death of an important hamas figure
1 1 3 1 1 0 0 0 0 1 1 1 0 1 0 0 1 0 1 0 1 1 0 0 1 0 0 0 0 0 0 0 0 0 0 1 0 0 0 0 0 0 0 0 0 0 0 0 1 0 1 1 0 0 0 0 0 0 0 0 0
0.0866117684585 0.0663208981154 0.0647123987131 0.253896002045 0.234293897656 0.0 0.0 0.0 0.0 0.0510422381887 0.196446577245 0.160847275133 0.0 0.0934244337431 0.0 0.0 0.269975183251 0.0 0.186427451694 0.0 0.234803239922 0.0423358147981 0.0 0.0 0.206409726647 0.0 0.0 0.0 0.0 0.0 0.0 0.0 0.0 0.0 0.0 0.146687234233 0.0 0.0 0.0 0.0 0.0 0.0 0.0 0.0 0.0 0.0 0.0 0.0 0.241552998149 0.0 0.345525075233 0.364259747705 0.0 0.0 0.0 0.0 0.0 0.0 0.0 0.0 0.0
a3ohqrf1mdq99b
It is the death of 2nd Hamas leader in Israel during the week-long continual attack in the Gaza Strip.
it is the death of 2nd hamas leader in israel during the weeklong continual attack in the gaza strip
0 1 3 0 0 0 0 0 0 2 0 0 0 0 0 0 0 0 1 1 1 1 0 0 1 0 0 0 1 1 1 0 0 0 0 0 1 0 1 0 0 0 0 0 1 0 0 0 0 0 0 0 1 1 0 0 0 0 0 0 0
0.0 0.0698114717005 0.0681183144349 0.0 0.0 0.0 0.0 0.0 0.0 0.107457343555 0.0 0.0 0.0 0.0 0.0 0.0 0.0 0.0 0.196239422836 0.324038405383 0.247161305181 0.044564015577 0.0 0.0 0.217273396471 0.0 0.0 0.0 0.201625670901 0.451814628327 0.1971344222 0.0 0.0 0.0 0.0 0.0 0.234034119161 0.0 0.107309939103 0.0 0.0 0.0 0.0 0.0 0.175104345589 0.0 0.0 0.0 0.0 0.0 0.0 0.0 0.415333197772 0.509636327731 0.0 0.0 0.0 0.0 0.0 0.0 0.0
