urd-wl-86-174276-11370264-post8__4
but later she completely changed on got totally bur after it than laterchanged at all afterwards afterward however now has then
but later she completely changed.
but later she completely changed
1 1 1 1 1 0 0 0 0 0 0 0 0 0 0 0 0 0 0 0 0
0.529124668277 1.06399832042 0.833127466085 1.21174985878 1.16658852504 0.0 0.0 0.0 0.0 0.0 0.0 0.0 0.0 0.0 0.0 0.0 0.0 0.0 0.0 0.0 0.0
but later on she got totally changed.
but later on she got totally changed
1 1 1 0 1 1 1 1 0 0 0 0 0 0 0 0 0 0 0 0 0
0.377946191627 0.7599988003 0.595091047204 0.0 0.833277517883 0.266926953552 0.701772228918 1.0343918845 0.0 0.0 0.0 0.0 0.0 0.0 0.0 0.0 0.0 0.0 0.0 0.0 0.0
But later, she completely changed.
but later she completely changed
1 1 1 1 1 0 0 0 0 0 0 0 0 0 0 0 0 0 0 0 0
0.529124668277 1.06399832042 0.833127466085 1.21174985878 1.16658852504 0.0 0.0 0.0 0.0 0.0 0.0 0.0 0.0 0.0 0.0 0.0 0.0 0.0 0.0 0.0 0.0
but later she completely changed.
but later she completely changed
1 1 1 1 1 0 0 0 0 0 0 0 0 0 0 0 0 0 0 0 0
0.529124668277 1.06399832042 0.833127466085 1.21174985878 1.16658852504 0.0 0.0 0.0 0.0 0.0 0.0 0.0 0.0 0.0 0.0 0.0 0.0 0.0 0.0 0.0 0.0
a353ocl6lm6m4o
Bur she changed after it totally.
bur she changed after it totally
0 0 1 0 1 0 0 1 1 1 1 0 0 0 0 0 0 0 0 0 0
0.0 0.0 0.694272888404 0.0 0.972157104197 0.0 0.0 1.20679053192 1.61384837115 0.495326381569 0.339814807159 0.0 0.0 0.0 0.0 0.0 0.0 0.0 0.0 0.0 0.0
a3dd3acpmvdvca
But later, she changed totally.
but later she changed totally
1 1 1 0 1 0 0 1 0 0 0 0 0 0 0 0 0 0 0 0 0
0.529124668277 1.06399832042 0.833127466085 0.0 1.16658852504 0.0 0.0 1.4481486383 0.0 0.0 0.0 0.0 0.0 0.0 0.0 0.0 0.0 0.0 0.0 0.0 0.0
a1sanjgoj47idf
But than she totally changed.
but than she totally changed
1 0 1 0 1 0 0 1 0 0 0 1 0 0 0 0 0 0 0 0 0
0.529124668277 0.0 0.833127466085 0.0 1.16658852504 0.0 0.0 1.4481486383 0.0 0.0 0.0 0.836774983595 0.0 0.0 0.0 0.0 0.0 0.0 0.0 0.0 0.0
a1u0z1mafqeh9y
But later,changed at all.
but laterchanged at all
1 0 0 0 0 0 0 0 0 0 0 0 1 1 1 0 0 0 0 0 0
0.661405835347 0.0 0.0 0.0 0.0 0.0 0.0 0.0 0.0 0.0 0.0 0.0 2.42077255672 0.774402116282 0.791354738494 0.0 0.0 0.0 0.0 0.0 0.0
a3rm9xsnd3mrj3
Bur she completely changed after it.
bur she completely changed after it
0 0 1 1 1 0 0 0 1 1 1 0 0 0 0 0 0 0 0 0 0
0.0 0.0 0.694272888404 1.00979154899 0.972157104197 0.0 0.0 0.0 1.61384837115 0.495326381569 0.339814807159 0.0 0.0 0.0 0.0 0.0 0.0 0.0 0.0 0.0 0.0
a2rcbwy8ulhnj0
But she changed afterwards.
but she changed afterwards
1 0 1 0 1 0 0 0 0 0 0 0 0 0 0 1 0 0 0 0 0
0.661405835347 0.0 1.04140933261 0.0 1.45823565629 0.0 0.0 0.0 0.0 0.0 0.0 0.0 0.0 0.0 0.0 1.75223539437 0.0 0.0 0.0 0.0 0.0
al2rcq9eyun61
But she changed completely afterward.
but she changed completely afterward
1 0 1 1 1 0 0 0 0 0 0 0 0 0 0 0 1 0 0 0 0
0.529124668277 0.0 0.833127466085 1.21174985878 1.16658852504 0.0 0.0 0.0 0.0 0.0 0.0 0.0 0.0 0.0 0.0 0.0 1.61473046289 0.0 0.0 0.0 0.0
a3qu3km3iywhif
However, she completely changed later.
however she completely changed later
0 1 1 1 1 0 0 0 0 0 0 0 0 0 0 0 0 1 0 0 0
0.0 1.06399832042 0.833127466085 1.21174985878 1.16658852504 0.0 0.0 0.0 0.0 0.0 0.0 0.0 0.0 0.0 0.0 0.0 0.0 0.867196539234 0.0 0.0 0.0
a3o4xm3igw1sr2
But, later she changed totally.
but later she changed totally
1 1 1 0 1 0 0 1 0 0 0 0 0 0 0 0 0 0 0 0 0
0.529124668277 1.06399832042 0.833127466085 0.0 1.16658852504 0.0 0.0 1.4481486383 0.0 0.0 0.0 0.0 0.0 0.0 0.0 0.0 0.0 0.0 0.0 0.0 0.0
ac00w60nppf9z
But later, she completely changed.
but later she completely changed
1 1 1 1 1 0 0 0 0 0 0 0 0 0 0 0 0 0 0 0 0
0.529124668277 1.06399832042 0.833127466085 1.21174985878 1.16658852504 0.0 0.0 0.0 0.0 0.0 0.0 0.0 0.0 0.0 0.0 0.0 0.0 0.0 0.0 0.0 0.0
aw4q48bn2x4nt
But than she totally changed.
but than she totally changed
1 0 1 0 1 0 0 1 0 0 0 1 0 0 0 0 0 0 0 0 0
0.529124668277 0.0 0.833127466085 0.0 1.16658852504 0.0 0.0 1.4481486383 0.0 0.0 0.0 0.836774983595 0.0 0.0 0.0 0.0 0.0 0.0 0.0 0.0 0.0
a2owo5cfm8khwy
Now, she has totally changed.
now she has totally changed
0 0 1 0 1 0 0 1 0 0 0 0 0 0 0 0 0 0 1 1 0
0.0 0.0 0.833127466085 0.0 1.16658852504 0.0 0.0 1.4481486383 0.0 0.0 0.0 0.0 0.0 0.0 0.0 0.0 0.0 0.0 0.689932074845 0.40960558314 0.0
a1395pss402i1j
But then she totally changed.
but then she totally changed
1 0 1 0 1 0 0 1 0 0 0 0 0 0 0 0 0 0 0 0 1
0.529124668277 0.0 0.833127466085 0.0 1.16658852504 0.0 0.0 1.4481486383 0.0 0.0 0.0 0.0 0.0 0.0 0.0 0.0 0.0 0.0 0.0 0.0 0.70269589888
amd40d0gc1l4r
But later,changed at all.
but laterchanged at all
1 0 0 0 0 0 0 0 0 0 0 0 1 1 1 0 0 0 0 0 0
0.661405835347 0.0 0.0 0.0 0.0 0.0 0.0 0.0 0.0 0.0 0.0 0.0 2.42077255672 0.774402116282 0.791354738494 0.0 0.0 0.0 0.0 0.0 0.0
