urd-ng-102-174502-11516146-post164__4
they are creatures of allah and so is our army both the these people allahs creation humans as kidnappers men human beings also god servants servant well civilians
They are creatures of Allah, and so is our army.
they are creatures of allah and so is our army
1 1 1 1 1 1 1 1 1 1 0 0 0 0 0 0 0 0 0 0 0 0 0 0 0 0 0 0
0.259343014461 0.211574455088 0.843032725839 0.0846716295963 0.45269126275 0.100063686661 0.355731334217 0.132641796231 0.337864142447 0.353890459276 0.0 0.0 0.0 0.0 0.0 0.0 0.0 0.0 0.0 0.0 0.0 0.0 0.0 0.0 0.0 0.0 0.0 0.0
Both the army and these people are Allah's creation.
both the army and these people are allahs creation
0 1 0 0 0 1 0 0 0 1 1 1 1 1 1 1 0 0 0 0 0 0 0 0 0 0 0 0
0.0 0.235082727875 0.0 0.0 0.0 0.111181874068 0.0 0.0 0.0 0.393211621418 0.501085483391 0.0479351101579 0.339744206542 0.303799222731 0.75170216609 0.799798175234 0.0 0.0 0.0 0.0 0.0 0.0 0.0 0.0 0.0 0.0 0.0 0.0
They are humans as is the army.
they are humans as is the army
1 1 0 0 0 0 0 1 0 1 0 1 0 0 0 0 1 1 0 0 0 0 0 0 0 0 0 0
0.370490020659 0.302249221554 0.0 0.0 0.0 0.0 0.0 0.18948828033 0.0 0.505557798966 0.0 0.0616308559173 0.0 0.0 0.0 0.0 0.966474213544 0.378323123621 0.0 0.0 0.0 0.0 0.0 0.0 0.0 0.0 0.0 0.0
Both kidnappers and army men are human beings.
both kidnappers and army men are human beings
0 1 0 0 0 1 0 0 0 1 1 0 0 0 0 0 0 0 1 1 1 1 0 0 0 0 0 0
0.0 0.26446806886 0.0 0.0 0.0 0.125079608326 0.0 0.0 0.0 0.442363074096 0.563721168815 0.0 0.0 0.0 0.0 0.0 0.0 0.0 0.922563141737 0.665797675025 0.556497701254 0.798406670111 0.0 0.0 0.0 0.0 0.0 0.0
a1wyssw33m2fz2
They are also men of God and so is our army.
they are also men of god and so is our army
1 1 0 1 0 1 1 1 1 1 0 0 0 0 0 0 0 0 0 1 0 0 1 1 0 0 0 0
0.235766376783 0.192340413716 0.0 0.0769742087239 0.0 0.0909669878735 0.323392122016 0.120583451119 0.307149220406 0.321718599342 0.0 0.0 0.0 0.0 0.0 0.0 0.0 0.0 0.0 0.484216490927 0.0 0.0 0.254465043325 0.435022766085 0.0 0.0 0.0 0.0
a3dd3acpmvdvca
They are also servants of Allah and so is the army.
they are also servants of allah and so is the army
1 1 0 1 1 1 1 1 0 1 0 1 0 0 0 0 0 0 0 0 0 0 1 0 1 0 0 0
0.235766376783 0.192340413716 0.0 0.0769742087239 0.411537511591 0.0909669878735 0.323392122016 0.120583451119 0.0 0.321718599342 0.0 0.0392196355837 0.0 0.0 0.0 0.0 0.0 0.0 0.0 0.0 0.0 0.0 0.254465043325 0.0 0.743546620919 0.0 0.0 0.0
a28z6a8uc4er3x
They are servant of Allah and so is Army.
they are servant of allah and so is army
1 1 0 1 1 1 1 1 0 1 0 0 0 0 0 0 0 0 0 0 0 0 0 0 0 1 0 0
0.288158904957 0.235082727875 0.0 0.0940795884403 0.502990291945 0.111181874068 0.395257038019 0.14737977359 0.0 0.393211621418 0.0 0.0 0.0 0.0 0.0 0.0 0.0 0.0 0.0 0.0 0.0 0.0 0.0 0.0 0.0 1.03084723542 0.0 0.0
alrghxunh1uv7
They are also the human beings and the army.
they are also the human beings and the army
1 1 0 0 0 1 0 0 0 1 0 2 0 0 0 0 0 0 0 0 1 1 1 0 0 0 0 0
0.288158904957 0.235082727875 0.0 0.0 0.0 0.111181874068 0.0 0.0 0.0 0.393211621418 0.0 0.0958702203157 0.0 0.0 0.0 0.0 0.0 0.0 0.0 0.0 0.494664623337 0.709694817876 0.31101283073 0.0 0.0 0.0 0.0 0.0
ah7pogjaytu4f
They are also men of God and so is our army.
they are also men of god and so is our army
1 1 0 1 0 1 1 1 1 1 0 0 0 0 0 0 0 0 0 1 0 0 1 1 0 0 0 0
0.235766376783 0.192340413716 0.0 0.0769742087239 0.0 0.0909669878735 0.323392122016 0.120583451119 0.307149220406 0.321718599342 0.0 0.0 0.0 0.0 0.0 0.0 0.0 0.0 0.0 0.484216490927 0.0 0.0 0.254465043325 0.435022766085 0.0 0.0 0.0 0.0
a2qxd8jqk5bvez
They are also men of God and so is our army.
they are also men of god and so is our army
1 1 0 1 0 1 1 1 1 1 0 0 0 0 0 0 0 0 0 1 0 0 1 1 0 0 0 0
0.235766376783 0.192340413716 0.0 0.0769742087239 0.0 0.0909669878735 0.323392122016 0.120583451119 0.307149220406 0.321718599342 0.0 0.0 0.0 0.0 0.0 0.0 0.0 0.0 0.0 0.484216490927 0.0 0.0 0.254465043325 0.435022766085 0.0 0.0 0.0 0.0
a6tw9zegog7ph
They are also men of God and so is our army.
they are also men of god and so is our army
1 1 0 1 0 1 1 1 1 1 0 0 0 0 0 0 0 0 0 1 0 0 1 1 0 0 0 0
0.235766376783 0.192340413716 0.0 0.0769742087239 0.0 0.0909669878735 0.323392122016 0.120583451119 0.307149220406 0.321718599342 0.0 0.0 0.0 0.0 0.0 0.0 0.0 0.0 0.0 0.484216490927 0.0 0.0 0.254465043325 0.435022766085 0.0 0.0 0.0 0.0
au2ar4vob7vlv
They are also servants of Allah and so is the army.
they are also servants of allah and so is the army
1 1 0 1 1 1 1 1 0 1 0 1 0 0 0 0 0 0 0 0 0 0 1 0 1 0 0 0
0.235766376783 0.192340413716 0.0 0.0769742087239 0.411537511591 0.0909669878735 0.323392122016 0.120583451119 0.0 0.321718599342 0.0 0.0392196355837 0.0 0.0 0.0 0.0 0.0 0.0 0.0 0.0 0.0 0.0 0.254465043325 0.0 0.743546620919 0.0 0.0 0.0
acjl95je4qgk4
They, as well as the army, are also servants of Allah.
they as well as the army are also servants of allah
1 1 0 1 1 0 0 0 0 1 0 1 0 0 0 0 0 2 0 0 0 0 1 0 1 0 1 0
0.235766376783 0.192340413716 0.0 0.0769742087239 0.411537511591 0.0 0.0 0.0 0.0 0.321718599342 0.0 0.0392196355837 0.0 0.0 0.0 0.0 0.0 0.481502157335 0.0 0.0 0.0 0.0 0.254465043325 0.0 0.743546620919 0.0 0.412062999129 0.0
a2bk4fasw056jr
They are servants of Allah and so is the army.
they are servants of allah and so is the army
1 1 0 1 1 1 1 1 0 1 0 1 0 0 0 0 0 0 0 0 0 0 0 0 1 0 0 0
0.259343014461 0.211574455088 0.0 0.0846716295963 0.45269126275 0.100063686661 0.355731334217 0.132641796231 0.0 0.353890459276 0.0 0.0431415991421 0.0 0.0 0.0 0.0 0.0 0.0 0.0 0.0 0.0 0.0 0.0 0.0 0.817901283011 0.0 0.0 0.0
a2rcbwy8ulhnj0
They are servants of Allah and so is our Army.
they are servants of allah and so is our army
1 1 0 1 1 1 1 1 1 1 0 0 0 0 0 0 0 0 0 0 0 0 0 0 1 0 0 0
0.259343014461 0.211574455088 0.0 0.0846716295963 0.45269126275 0.100063686661 0.355731334217 0.132641796231 0.337864142447 0.353890459276 0.0 0.0 0.0 0.0 0.0 0.0 0.0 0.0 0.0 0.0 0.0 0.0 0.0 0.0 0.817901283011 0.0 0.0 0.0
a3qu3km3iywhif
They are servants of Allah and so is the Army.
they are servants of allah and so is the army
1 1 0 1 1 1 1 1 0 1 0 1 0 0 0 0 0 0 0 0 0 0 0 0 1 0 0 0
0.259343014461 0.211574455088 0.0 0.0846716295963 0.45269126275 0.100063686661 0.355731334217 0.132641796231 0.0 0.353890459276 0.0 0.0431415991421 0.0 0.0 0.0 0.0 0.0 0.0 0.0 0.0 0.0 0.0 0.0 0.0 0.817901283011 0.0 0.0 0.0
au2ar4vob7vlv
They are servants of Allah and so is the Army.
they are servants of allah and so is the army
1 1 0 1 1 1 1 1 0 1 0 1 0 0 0 0 0 0 0 0 0 0 0 0 1 0 0 0
0.259343014461 0.211574455088 0.0 0.0846716295963 0.45269126275 0.100063686661 0.355731334217 0.132641796231 0.0 0.353890459276 0.0 0.0431415991421 0.0 0.0 0.0 0.0 0.0 0.0 0.0 0.0 0.0 0.0 0.0 0.0 0.817901283011 0.0 0.0 0.0
a1rhjj60p0jwi3
They are also the civilians and the army.
they are also the civilians and the army
1 1 0 0 0 1 0 0 0 1 0 2 0 0 0 0 0 0 0 0 0 0 1 0 0 0 0 1
0.324178768076 0.26446806886 0.0 0.0 0.0 0.125079608326 0.0 0.0 0.0 0.442363074096 0.0 0.107853997855 0.0 0.0 0.0 0.0 0.0 0.0 0.0 0.0 0.0 0.0 0.349889434572 0.0 0.0 0.0 0.0 0.725190803618
