voa_urd_20090126.0013__2
new research has found that drinking three cups of tea daily in a it been said according to day reveals is being told 3 everyday every shows study there are claims indicates may be an effective deterrent chest cancer
New research has found that drinking three cups of tea daily
new research has found that drinking three cups of tea daily
1 1 1 1 1 1 1 1 1 1 1 0 0 0 0 0 0 0 0 0 0 0 0 0 0 0 0 0 0 0 0 0 0 0 0 0 0 0 0
0.33369075569 0.46822643034 0.186184355973 0.418617844029 0.110806905479 0.622716080258 0.412856970035 0.557067469582 0.0769742087239 0.491493100716 0.493407047007 0.0 0.0 0.0 0.0 0.0 0.0 0.0 0.0 0.0 0.0 0.0 0.0 0.0 0.0 0.0 0.0 0.0 0.0 0.0 0.0 0.0 0.0 0.0 0.0 0.0 0.0 0.0 0.0
In a new research it has been said that three cups of tea
in a new research it has been said that three cups of tea
1 1 1 0 1 0 1 1 1 1 0 1 1 1 1 1 0 0 0 0 0 0 0 0 0 0 0 0 0 0 0 0 0 0 0 0 0 0 0
0.282353716353 0.396191594903 0.1575406089 0.0 0.0937596892511 0.0 0.349340513107 0.471364781954 0.0651320227664 0.415878777529 0.0 0.0785265202904 0.109969399888 0.156837603304 0.223495664097 0.1704179605 0.0 0.0 0.0 0.0 0.0 0.0 0.0 0.0 0.0 0.0 0.0 0.0 0.0 0.0 0.0 0.0 0.0 0.0 0.0 0.0 0.0 0.0 0.0
According to a new research drinking three cups of tea a day
according to a new research drinking three cups of tea a day
1 1 0 0 0 1 1 1 1 1 0 0 2 0 0 0 1 1 1 0 0 0 0 0 0 0 0 0 0 0 0 0 0 0 0 0 0 0 0
0.305883192716 0.429207561145 0.0 0.0 0.0 0.570823073569 0.378452222532 0.51064518045 0.0705596913302 0.450535342323 0.0 0.0 0.238267033091 0.0 0.0 0.0 0.271924608229 0.0893672243655 0.320689957486 0.0 0.0 0.0 0.0 0.0 0.0 0.0 0.0 0.0 0.0 0.0 0.0 0.0 0.0 0.0 0.0 0.0 0.0 0.0 0.0
New research reveals that drinking three cups of tea daily
new research reveals that drinking three cups of tea daily
1 1 0 0 1 1 1 1 1 1 1 0 0 0 0 0 0 0 0 1 0 0 0 0 0 0 0 0 0 0 0 0 0 0 0 0 0 0 0
0.367059831259 0.515049073374 0.0 0.0 0.121887596026 0.684987688283 0.454142667039 0.61277421654 0.0846716295963 0.540642410787 0.542747751707 0.0 0.0 0.0 0.0 0.0 0.0 0.0 0.0 0.927762511878 0.0 0.0 0.0 0.0 0.0 0.0 0.0 0.0 0.0 0.0 0.0 0.0 0.0 0.0 0.0 0.0 0.0 0.0 0.0
a3dd3acpmvdvca
According to a new research, three cups of tea a day,
according to a new research three cups of tea a day
1 1 0 0 0 0 1 1 1 1 0 0 2 0 0 0 1 1 1 0 0 0 0 0 0 0 0 0 0 0 0 0 0 0 0 0 0 0 0
0.33369075569 0.46822643034 0.0 0.0 0.0 0.0 0.412856970035 0.557067469582 0.0769742087239 0.491493100716 0.0 0.0 0.259927672463 0.0 0.0 0.0 0.296645027158 0.0974915174897 0.349843589984 0.0 0.0 0.0 0.0 0.0 0.0 0.0 0.0 0.0 0.0 0.0 0.0 0.0 0.0 0.0 0.0 0.0 0.0 0.0 0.0
a1wyssw33m2fz2
In a new research it is being told that drinking 3 cups of tea everyday
in a new research it is being told that drinking 3 cups of tea everyday
1 1 0 0 1 1 0 1 1 1 0 1 1 1 0 0 0 0 0 0 1 1 1 1 1 0 0 0 0 0 0 0 0 0 0 0 0 0 0
0.244706554173 0.343366048916 0.0 0.0 0.081258397351 0.456658458856 0.0 0.40851614436 0.0564477530642 0.360428273858 0.0 0.068056317585 0.0953068132363 0.135925922864 0.0 0.0 0.0 0.0 0.0 0.0 0.0884278641539 0.245280210652 0.305548253271 0.414490288273 0.485679663606 0.0 0.0 0.0 0.0 0.0 0.0 0.0 0.0 0.0 0.0 0.0 0.0 0.0 0.0
a2jtc8u7z5z9tf
According to a new research, drinking three cups of tea every day
according to a new research drinking three cups of tea every day
1 1 0 0 0 1 1 1 1 1 0 0 1 0 0 0 1 1 1 0 0 0 0 0 0 1 0 0 0 0 0 0 0 0 0 0 0 0 0
0.305883192716 0.429207561145 0.0 0.0 0.0 0.570823073569 0.378452222532 0.51064518045 0.0705596913302 0.450535342323 0.0 0.0 0.119133516545 0.0 0.0 0.0 0.271924608229 0.0893672243655 0.320689957486 0.0 0.0 0.0 0.0 0.0 0.0 0.355397505662 0.0 0.0 0.0 0.0 0.0 0.0 0.0 0.0 0.0 0.0 0.0 0.0 0.0
a3u16uhguaktzs
New research shows that drinking three cups of tea day
new research shows that drinking three cups of tea day
1 1 0 0 1 1 1 1 1 1 0 0 0 0 0 0 0 0 1 0 0 0 0 0 0 0 1 0 0 0 0 0 0 0 0 0 0 0 0
0.367059831259 0.515049073374 0.0 0.0 0.121887596026 0.684987688283 0.454142667039 0.61277421654 0.0846716295963 0.540642410787 0.0 0.0 0.0 0.0 0.0 0.0 0.0 0.0 0.384827948983 0.0 0.0 0.0 0.0 0.0 0.0 0.0 0.596951816019 0.0 0.0 0.0 0.0 0.0 0.0 0.0 0.0 0.0 0.0 0.0 0.0
a28sepseqw8vw
According to a new research, three cups of tea a day
according to a new research three cups of tea a day
1 1 0 0 0 0 1 1 1 1 0 0 2 0 0 0 1 1 1 0 0 0 0 0 0 0 0 0 0 0 0 0 0 0 0 0 0 0 0
0.33369075569 0.46822643034 0.0 0.0 0.0 0.0 0.412856970035 0.557067469582 0.0769742087239 0.491493100716 0.0 0.0 0.259927672463 0.0 0.0 0.0 0.296645027158 0.0974915174897 0.349843589984 0.0 0.0 0.0 0.0 0.0 0.0 0.0 0.0 0.0 0.0 0.0 0.0 0.0 0.0 0.0 0.0 0.0 0.0 0.0 0.0
ajfwu2g6a1bhs
According to new research, three cups of tea a day
according to new research three cups of tea a day
1 1 0 0 0 0 1 1 1 1 0 0 1 0 0 0 1 1 1 0 0 0 0 0 0 0 0 0 0 0 0 0 0 0 0 0 0 0 0
0.367059831259 0.515049073374 0.0 0.0 0.0 0.0 0.454142667039 0.61277421654 0.0846716295963 0.540642410787 0.0 0.0 0.142960219854 0.0 0.0 0.0 0.326309529874 0.107240669239 0.384827948983 0.0 0.0 0.0 0.0 0.0 0.0 0.0 0.0 0.0 0.0 0.0 0.0 0.0 0.0 0.0 0.0 0.0 0.0 0.0 0.0
a28p76cwxeubye
According to a new research, three cups of tea a day,
according to a new research three cups of tea a day
1 1 0 0 0 0 1 1 1 1 0 0 2 0 0 0 1 1 1 0 0 0 0 0 0 0 0 0 0 0 0 0 0 0 0 0 0 0 0
0.33369075569 0.46822643034 0.0 0.0 0.0 0.0 0.412856970035 0.557067469582 0.0769742087239 0.491493100716 0.0 0.0 0.259927672463 0.0 0.0 0.0 0.296645027158 0.0974915174897 0.349843589984 0.0 0.0 0.0 0.0 0.0 0.0 0.0 0.0 0.0 0.0 0.0 0.0 0.0 0.0 0.0 0.0 0.0 0.0 0.0 0.0
a1blsmsb38wd37
In a new research study there are claims that drinking 3 cups of tea everyday
in a new research study there are claims that drinking 3 cups of tea everyday
1 1 0 0 1 1 0 1 1 1 0 1 1 0 0 0 0 0 0 0 0 0 0 1 1 0 0 1 1 1 1 0 0 0 0 0 0 0 0
0.244706554173 0.343366048916 0.0 0.0 0.081258397351 0.456658458856 0.0 0.40851614436 0.0564477530642 0.360428273858 0.0 0.068056317585 0.0953068132363 0.0 0.0 0.0 0.0 0.0 0.0 0.0 0.0 0.0 0.0 0.414490288273 0.485679663606 0.0 0.0 0.409475393524 0.192157568044 0.141049636725 0.388862841679 0.0 0.0 0.0 0.0 0.0 0.0 0.0 0.0
a2ds10wvskdsh8
New Research Indicates Drinking 3 Cups Of Tea Daily May Be An Effective Deterrent Of Chest Cancer
new research indicates drinking 3 cups of tea daily may be an effective deterrent of chest cancer
1 1 0 0 0 1 0 1 2 1 1 0 0 0 0 0 0 0 0 0 0 0 0 1 0 0 0 0 0 0 0 1 1 1 1 1 1 1 1
0.215917547799 0.302970043161 0.0 0.0 0.0 0.402933934284 0.0 0.360455421494 0.0996136818779 0.318024947522 0.319263383357 0.0 0.0 0.0 0.0 0.0 0.0 0.0 0.0 0.0 0.0 0.0 0.0 0.365726724946 0.0 0.0 0.0 0.0 0.0 0.0 0.0 0.440345038209 0.264125492706 0.127258695457 0.172573216744 0.370511762561 0.569593542758 0.397959970283 0.27975509069
ajfwu2g6a1bhs
New research indicates that drinking 3 cups of tea everyday
new research indicates that drinking 3 cups of tea everyday
1 1 0 0 1 1 0 1 1 1 0 0 0 0 0 0 0 0 0 0 0 0 0 1 1 0 0 0 0 0 0 1 0 0 0 0 0 0 0
0.367059831259 0.515049073374 0.0 0.0 0.121887596026 0.684987688283 0.0 0.61277421654 0.0846716295963 0.540642410787 0.0 0.0 0.0 0.0 0.0 0.0 0.0 0.0 0.0 0.0 0.0 0.0 0.0 0.621735432409 0.728519495409 0.0 0.0 0.0 0.0 0.0 0.0 0.748586564955 0.0 0.0 0.0 0.0 0.0 0.0 0.0
a32er0cmyxljd0
According to new research, drinking three cups of tea every day
according to new research drinking three cups of tea every day
1 1 0 0 0 1 1 1 1 1 0 0 0 0 0 0 1 1 1 0 0 0 0 0 0 1 0 0 0 0 0 0 0 0 0 0 0 0 0
0.33369075569 0.46822643034 0.0 0.0 0.0 0.622716080258 0.412856970035 0.557067469582 0.0769742087239 0.491493100716 0.0 0.0 0.0 0.0 0.0 0.0 0.296645027158 0.0974915174897 0.349843589984 0.0 0.0 0.0 0.0 0.0 0.0 0.387706369813 0.0 0.0 0.0 0.0 0.0 0.0 0.0 0.0 0.0 0.0 0.0 0.0 0.0
a3qu3km3iywhif
According to new research, drinking three cups of tea every day
according to new research drinking three cups of tea every day
1 1 0 0 0 1 1 1 1 1 0 0 0 0 0 0 1 1 1 0 0 0 0 0 0 1 0 0 0 0 0 0 0 0 0 0 0 0 0
0.33369075569 0.46822643034 0.0 0.0 0.0 0.622716080258 0.412856970035 0.557067469582 0.0769742087239 0.491493100716 0.0 0.0 0.0 0.0 0.0 0.0 0.296645027158 0.0974915174897 0.349843589984 0.0 0.0 0.0 0.0 0.0 0.0 0.387706369813 0.0 0.0 0.0 0.0 0.0 0.0 0.0 0.0 0.0 0.0 0.0 0.0 0.0
auir11q6g170y
According to a new research, drinking three cups of tea every day
according to a new research drinking three cups of tea every day
1 1 0 0 0 1 1 1 1 1 0 0 1 0 0 0 1 1 1 0 0 0 0 0 0 1 0 0 0 0 0 0 0 0 0 0 0 0 0
0.305883192716 0.429207561145 0.0 0.0 0.0 0.570823073569 0.378452222532 0.51064518045 0.0705596913302 0.450535342323 0.0 0.0 0.119133516545 0.0 0.0 0.0 0.271924608229 0.0893672243655 0.320689957486 0.0 0.0 0.0 0.0 0.0 0.0 0.355397505662 0.0 0.0 0.0 0.0 0.0 0.0 0.0 0.0 0.0 0.0 0.0 0.0 0.0
amd40d0gc1l4r
New research shows that drinking three cups of tea day
new research shows that drinking three cups of tea day
1 1 0 0 1 1 1 1 1 1 0 0 0 0 0 0 0 0 1 0 0 0 0 0 0 0 1 0 0 0 0 0 0 0 0 0 0 0 0
0.367059831259 0.515049073374 0.0 0.0 0.121887596026 0.684987688283 0.454142667039 0.61277421654 0.0846716295963 0.540642410787 0.0 0.0 0.0 0.0 0.0 0.0 0.0 0.0 0.384827948983 0.0 0.0 0.0 0.0 0.0 0.0 0.0 0.596951816019 0.0 0.0 0.0 0.0 0.0 0.0 0.0 0.0 0.0 0.0 0.0 0.0
