urd-wl-86-174276-11370254-post12__3
because everyone knows the character of those whom people elected all are aware who have been by public is masses what kind officials every body real faces peoples representatives role selected about our own nation very well known everybody this in
because everyone knows the character of those whom the people elected.
because everyone knows the character of those whom the people elected
1 1 1 2 1 1 1 1 1 1 0 0 0 0 0 0 0 0 0 0 0 0 0 0 0 0 0 0 0 0 0 0 0 0 0 0 0 0 0 0 0
0.359068086363 0.533216172812 0.488390100137 0.0784392711674 0.637176507042 0.0769742087239 0.362975524779 0.59136694514 0.248563000416 0.44244082462 0.0 0.0 0.0 0.0 0.0 0.0 0.0 0.0 0.0 0.0 0.0 0.0 0.0 0.0 0.0 0.0 0.0 0.0 0.0 0.0 0.0 0.0 0.0 0.0 0.0 0.0 0.0 0.0 0.0 0.0 0.0
Because all are aware of the character of those who have been elected by the public.
because all are aware of the character of those who have been elected by the public
1 0 0 2 1 2 1 0 0 1 1 1 1 1 1 1 1 1 0 0 0 0 0 0 0 0 0 0 0 0 0 0 0 0 0 0 0 0 0 0 0
0.246859309375 0.0 0.0 0.0539269989276 0.438058848591 0.105839536995 0.249545673285 0.0 0.0 0.304178066926 0.197838684624 0.13223403443 0.360691701341 0.184991183016 0.1430181158 0.181590227078 0.155823003509 0.287218368229 0.0 0.0 0.0 0.0 0.0 0.0 0.0 0.0 0.0 0.0 0.0 0.0 0.0 0.0 0.0 0.0 0.0 0.0 0.0 0.0 0.0 0.0 0.0
Because everyone is aware of the character of those who have been elected by masses.
because everyone is aware of the character of those who have been elected by masses
1 1 0 1 1 2 1 0 0 1 0 0 1 1 1 1 1 0 1 1 0 0 0 0 0 0 0 0 0 0 0 0 0 0 0 0 0 0 0 0 0
0.263316596666 0.391025193396 0.0 0.0287610660947 0.467262771831 0.112895506128 0.266182051504 0.0 0.0 0.324456604721 0.0 0.0 0.384737814764 0.19732392855 0.152552656854 0.193696242217 0.166211203743 0.0 0.0884278641539 0.584453299668 0.0 0.0 0.0 0.0 0.0 0.0 0.0 0.0 0.0 0.0 0.0 0.0 0.0 0.0 0.0 0.0 0.0 0.0 0.0 0.0 0.0
Because everyone knows what kind of character the officials who are elected by the people have.
because everyone knows what kind of character the officials who are elected by the people have
1 1 1 2 1 1 0 0 1 1 0 1 0 1 1 0 1 0 0 0 1 1 1 0 0 0 0 0 0 0 0 0 0 0 0 0 0 0 0 0 0
0.246859309375 0.366586118808 0.335768193844 0.0539269989276 0.438058848591 0.0529197684977 0.0 0.0 0.170887062786 0.304178066926 0.0 0.13223403443 0.0 0.184991183016 0.1430181158 0.0 0.155823003509 0.0 0.0 0.0 0.192743764455 0.342399850469 0.281156351604 0.0 0.0 0.0 0.0 0.0 0.0 0.0 0.0 0.0 0.0 0.0 0.0 0.0 0.0 0.0 0.0 0.0 0.0
a2de039cxxjuga
Every body knows the real faces of people's elected representatives.
every body knows the real faces of peoples elected representatives
0 0 1 1 0 1 0 0 0 1 0 0 0 0 0 0 0 0 0 0 0 0 0 1 1 1 1 1 1 0 0 0 0 0 0 0 0 0 0 0 0
0.0 0.0 0.53722911015 0.0431415991421 0.0 0.0846716295963 0.0 0.0 0.0 0.486684907082 0.0 0.0 0.0 0.0 0.0 0.0 0.0 0.0 0.0 0.0 0.0 0.0 0.0 0.426477006795 0.539950366503 0.540642410787 0.663856778917 0.504836123866 0.594542060861 0.0 0.0 0.0 0.0 0.0 0.0 0.0 0.0 0.0 0.0 0.0 0.0
a3dd3acpmvdvca
Because everyone knows the role of those selected by the people.
because everyone knows the role of those selected by the people
1 1 1 2 0 1 1 0 1 0 0 0 0 0 0 0 1 0 0 0 0 0 0 0 0 0 0 0 0 1 1 0 0 0 0 0 0 0 0 0 0
0.359068086363 0.533216172812 0.488390100137 0.0784392711674 0.0 0.0769742087239 0.362975524779 0.0 0.248563000416 0.0 0.0 0.0 0.0 0.0 0.0 0.0 0.226651641468 0.0 0.0 0.0 0.0 0.0 0.0 0.0 0.0 0.0 0.0 0.0 0.0 0.425072166733 0.597234083425 0.0 0.0 0.0 0.0 0.0 0.0 0.0 0.0 0.0 0.0
a2aktvoca80377
Because everyone knows about the character of those who have been elected by our own nation.
because everyone knows about the character of those who have been elected by our own nation
1 1 1 1 1 1 1 0 0 1 0 0 0 1 1 1 1 0 0 0 0 0 0 0 0 0 0 0 0 0 0 1 1 1 1 0 0 0 0 0 0
0.246859309375 0.366586118808 0.335768193844 0.0269634994638 0.438058848591 0.0529197684977 0.249545673285 0.0 0.0 0.304178066926 0.0 0.0 0.0 0.184991183016 0.1430181158 0.181590227078 0.155823003509 0.0 0.0 0.0 0.0 0.0 0.0 0.0 0.0 0.0 0.0 0.0 0.0 0.0 0.0 0.197104461789 0.211165089029 0.267666727338 0.296340487768 0.0 0.0 0.0 0.0 0.0 0.0
a7o9tyb0xcikg
Because who are elected by public are very well known
because who are elected by public are very well known
1 0 0 0 0 0 0 0 0 1 0 2 0 1 0 0 1 1 0 0 0 0 0 0 0 0 0 0 0 0 0 0 0 0 0 1 1 1 0 0 0
0.394974894999 0.0 0.0 0.0 0.0 0.0 0.0 0.0 0.0 0.486684907082 0.0 0.423148910175 0.0 0.295985892826 0.0 0.0 0.249316805614 0.459549389166 0.0 0.0 0.0 0.0 0.0 0.0 0.0 0.0 0.0 0.0 0.0 0.0 0.0 0.0 0.0 0.0 0.0 0.417572823341 0.453269299042 0.515049073374 0.0 0.0 0.0
a1u0rzs5qypubm
Everyone knows the real faces of the people's elected representatives.
everyone knows the real faces of the peoples elected representatives
0 1 1 2 0 1 0 0 0 1 0 0 0 0 0 0 0 0 0 0 0 0 0 0 0 1 1 1 1 0 0 0 0 0 0 0 0 0 0 0 0
0.0 0.586537790093 0.53722911015 0.0862831982842 0.0 0.0846716295963 0.0 0.0 0.0 0.486684907082 0.0 0.0 0.0 0.0 0.0 0.0 0.0 0.0 0.0 0.0 0.0 0.0 0.0 0.0 0.0 0.540642410787 0.663856778917 0.504836123866 0.594542060861 0.0 0.0 0.0 0.0 0.0 0.0 0.0 0.0 0.0 0.0 0.0 0.0
a3m4exda4ue7bp
Everybody knows the real faces of the elected representatives of the people.
everybody knows the real faces of the elected representatives of the people
0 0 1 3 0 2 0 0 1 1 0 0 0 0 0 0 0 0 0 0 0 0 0 0 0 1 1 0 1 0 0 0 0 0 0 0 0 0 1 0 0
0.0 0.0 0.447690925125 0.107853997855 0.0 0.14111938266 0.0 0.0 0.227849417048 0.405570755902 0.0 0.0 0.0 0.0 0.0 0.0 0.0 0.0 0.0 0.0 0.0 0.0 0.0 0.0 0.0 0.450535342323 0.553213982431 0.0 0.495451717384 0.0 0.0 0.0 0.0 0.0 0.0 0.0 0.0 0.0 0.584078464789 0.0 0.0
a330jjzgjl7ig2
Everybody knows the real faces of the peoples' elected representatives.
everybody knows the real faces of the peoples elected representatives
0 0 1 2 0 1 0 0 0 1 0 0 0 0 0 0 0 0 0 0 0 0 0 0 0 1 1 1 1 0 0 0 0 0 0 0 0 0 1 0 0
0.0 0.0 0.53722911015 0.0862831982842 0.0 0.0846716295963 0.0 0.0 0.0 0.486684907082 0.0 0.0 0.0 0.0 0.0 0.0 0.0 0.0 0.0 0.0 0.0 0.0 0.0 0.0 0.0 0.540642410787 0.663856778917 0.504836123866 0.594542060861 0.0 0.0 0.0 0.0 0.0 0.0 0.0 0.0 0.0 0.700894157746 0.0 0.0
air4uqnpimfcj
Because everyone knows the role of those selected by the people.
because everyone knows the role of those selected by the people
1 1 1 2 0 1 1 0 1 0 0 0 0 0 0 0 1 0 0 0 0 0 0 0 0 0 0 0 0 1 1 0 0 0 0 0 0 0 0 0 0
0.359068086363 0.533216172812 0.488390100137 0.0784392711674 0.0 0.0769742087239 0.362975524779 0.0 0.248563000416 0.0 0.0 0.0 0.0 0.0 0.0 0.0 0.226651641468 0.0 0.0 0.0 0.0 0.0 0.0 0.0 0.0 0.0 0.0 0.0 0.0 0.425072166733 0.597234083425 0.0 0.0 0.0 0.0 0.0 0.0 0.0 0.0 0.0 0.0
a3lhs82826iskx
Because everyone knows the role of those selected by the people.
because everyone knows the role of those selected by the people
1 1 1 2 0 1 1 0 1 0 0 0 0 0 0 0 1 0 0 0 0 0 0 0 0 0 0 0 0 1 1 0 0 0 0 0 0 0 0 0 0
0.359068086363 0.533216172812 0.488390100137 0.0784392711674 0.0 0.0769742087239 0.362975524779 0.0 0.248563000416 0.0 0.0 0.0 0.0 0.0 0.0 0.0 0.226651641468 0.0 0.0 0.0 0.0 0.0 0.0 0.0 0.0 0.0 0.0 0.0 0.0 0.425072166733 0.597234083425 0.0 0.0 0.0 0.0 0.0 0.0 0.0 0.0 0.0 0.0
al2rcq9eyun61
This is because everyone knows the role of those selected by the people.
this is because everyone knows the role of those selected by the people
1 1 1 2 0 1 1 0 1 0 0 0 0 0 0 0 1 0 1 0 0 0 0 0 0 0 0 0 0 1 1 0 0 0 0 0 0 0 0 1 0
0.303826842307 0.451182915456 0.413253161654 0.0663716909878 0.0 0.0651320227664 0.307133136351 0.0 0.210322538814 0.0 0.0 0.0 0.0 0.0 0.0 0.0 0.191782158165 0.0 0.102032150947 0.0 0.0 0.0 0.0 0.0 0.0 0.0 0.0 0.0 0.0 0.359676448774 0.505351916745 0.0 0.0 0.0 0.0 0.0 0.0 0.0 0.0 0.133248874552 0.0
a6tw9zegog7ph
Because everyone knows about the character of those who have been elected by our own nation.
because everyone knows about the character of those who have been elected by our own nation
1 1 1 1 1 1 1 0 0 1 0 0 0 1 1 1 1 0 0 0 0 0 0 0 0 0 0 0 0 0 0 1 1 1 1 0 0 0 0 0 0
0.246859309375 0.366586118808 0.335768193844 0.0269634994638 0.438058848591 0.0529197684977 0.249545673285 0.0 0.0 0.304178066926 0.0 0.0 0.0 0.184991183016 0.1430181158 0.181590227078 0.155823003509 0.0 0.0 0.0 0.0 0.0 0.0 0.0 0.0 0.0 0.0 0.0 0.0 0.0 0.0 0.197104461789 0.211165089029 0.267666727338 0.296340487768 0.0 0.0 0.0 0.0 0.0 0.0
a280uzceezwu2x
Because everyone knows the character of those who have been elected in our own nation.
because everyone knows the character of those who have been elected in our own nation
1 1 1 1 1 1 1 0 0 1 0 0 0 1 1 1 0 0 0 0 0 0 0 0 0 0 0 0 0 0 0 0 1 1 1 0 0 0 0 0 1
0.263316596666 0.391025193396 0.3581527401 0.0287610660947 0.467262771831 0.0564477530642 0.266182051504 0.0 0.0 0.324456604721 0.0 0.0 0.0 0.19732392855 0.152552656854 0.193696242217 0.0 0.0 0.0 0.0 0.0 0.0 0.0 0.0 0.0 0.0 0.0 0.0 0.0 0.0 0.0 0.0 0.225242761631 0.285511175827 0.316096520285 0.0 0.0 0.0 0.0 0.0 0.068056317585
a3l62wt9zlhu7v
Everyone knows about the character of those who have been elected by our own nation.
everyone knows about the character of those who have been elected by our own nation
0 1 1 1 1 1 1 0 0 1 0 0 0 1 1 1 1 0 0 0 0 0 0 0 0 0 0 0 0 0 0 1 1 1 1 0 0 0 0 0 0
0.0 0.391025193396 0.3581527401 0.0287610660947 0.467262771831 0.0564477530642 0.266182051504 0.0 0.0 0.324456604721 0.0 0.0 0.0 0.19732392855 0.152552656854 0.193696242217 0.166211203743 0.0 0.0 0.0 0.0 0.0 0.0 0.0 0.0 0.0 0.0 0.0 0.0 0.0 0.0 0.210244759242 0.225242761631 0.285511175827 0.316096520285 0.0 0.0 0.0 0.0 0.0 0.0
a16mcti18dipwt
Those whom are elected by the public are very well known.
those whom are elected by the public are very well known
0 0 0 1 0 0 1 1 0 1 0 2 0 0 0 0 1 1 0 0 0 0 0 0 0 0 0 0 0 0 0 0 0 0 0 1 1 1 0 0 0
0.0 0.0 0.0 0.0392196355837 0.0 0.0 0.362975524779 0.59136694514 0.0 0.44244082462 0.0 0.384680827432 0.0 0.0 0.0 0.0 0.226651641468 0.417772171969 0.0 0.0 0.0 0.0 0.0 0.0 0.0 0.0 0.0 0.0 0.0 0.0 0.0 0.0 0.0 0.0 0.0 0.379611657582 0.412062999129 0.46822643034 0.0 0.0 0.0
