urd-ng-102-174502-11516165-post1__5
they say that the extremists who attacked mumbai undoubtedly used pakistani territory she says there is no doubt terrorists soil said was carried out attacks had attackers definitely it their claim without a land he whom mambae earth believed involved in responsible for satellite were from pakistan as base
They say that the extremists who attacked Mumbai undoubtedly used Pakistani territory.
they say that the extremists who attacked mumbai undoubtedly used pakistani territory
1 1 1 1 1 1 1 1 1 1 1 1 0 0 0 0 0 0 0 0 0 0 0 0 0 0 0 0 0 0 0 0 0 0 0 0 0 0 0 0 0 0 0 0 0 0 0 0 0
0.216119178718 0.329551261637 0.101572996689 0.0359513326184 0.428316287052 0.246654910688 0.509463127534 0.316647319867 0.672804359538 0.388817532506 0.302779730971 0.551253107646 0.0 0.0 0.0 0.0 0.0 0.0 0.0 0.0 0.0 0.0 0.0 0.0 0.0 0.0 0.0 0.0 0.0 0.0 0.0 0.0 0.0 0.0 0.0 0.0 0.0 0.0 0.0 0.0 0.0 0.0 0.0 0.0 0.0 0.0 0.0 0.0 0.0
She says that there is no doubt that the terrorists who attacked Mumbai used Pakistani soil.
she says that there is no doubt that the terrorists who attacked mumbai used pakistani soil
0 0 2 1 0 1 1 1 0 1 1 0 1 1 1 1 1 1 1 1 0 0 0 0 0 0 0 0 0 0 0 0 0 0 0 0 0 0 0 0 0 0 0 0 0 0 0 0 0
0.0 0.0 0.152359495033 0.0269634994638 0.0 0.184991183016 0.382097345651 0.2374854899 0.0 0.29161314938 0.227084798229 0.0 0.260352333152 0.27563066677 0.180147720042 0.0829011226443 0.209585582585 0.388584645256 0.29018100816 0.44025205608 0.0 0.0 0.0 0.0 0.0 0.0 0.0 0.0 0.0 0.0 0.0 0.0 0.0 0.0 0.0 0.0 0.0 0.0 0.0 0.0 0.0 0.0 0.0 0.0 0.0 0.0 0.0 0.0 0.0
She said that there was no doubt that the extremists who carried out the Mumbai attacks had used Pakistani territory.
she said that there was no doubt that the extremists who carried out the mumbai attacks had used pakistani territory
0 0 2 2 1 1 0 1 0 1 1 1 1 0 1 0 1 1 0 0 1 1 1 1 1 1 0 0 0 0 0 0 0 0 0 0 0 0 0 0 0 0 0 0 0 0 0 0 0
0.0 0.0 0.121887596026 0.0431415991421 0.256989772231 0.147992946413 0.0 0.18998839192 0.0 0.233290519504 0.181667838583 0.330751864588 0.208281866521 0.0 0.144118176033 0.0 0.167668466068 0.310867716205 0.0 0.0 0.110771674325 0.109058985828 0.278610818136 0.200231278011 0.160847275133 0.171319047622 0.0 0.0 0.0 0.0 0.0 0.0 0.0 0.0 0.0 0.0 0.0 0.0 0.0 0.0 0.0 0.0 0.0 0.0 0.0 0.0 0.0 0.0 0.0
She said that the Mumbai attackers had definitely used Pakistani soil.
she said that the mumbai attackers had definitely used pakistani soil
0 0 1 1 0 0 0 1 0 1 1 0 1 0 0 0 0 0 0 1 1 0 0 0 0 1 1 1 0 0 0 0 0 0 0 0 0 0 0 0 0 0 0 0 0 0 0 0 0
0.0 0.0 0.110806905479 0.0392196355837 0.0 0.0 0.0 0.345433439855 0.0 0.424164580916 0.33030516106 0.0 0.378694302766 0.0 0.0 0.0 0.0 0.0 0.0 0.640366627025 0.201403044227 0.0 0.0 0.0 0.0 0.311489177495 0.685729460309 0.566645698278 0.0 0.0 0.0 0.0 0.0 0.0 0.0 0.0 0.0 0.0 0.0 0.0 0.0 0.0 0.0 0.0 0.0 0.0 0.0 0.0 0.0
a3dd3acpmvdvca
It is their claim that without a doubt, the extremists who carried out the Mumbai attacks used Pakistani land.
it is their claim that without a doubt the extremists who carried out the mumbai attacks used pakistani land
0 0 1 2 1 1 0 1 0 1 1 0 0 0 0 1 0 1 0 0 0 0 1 1 1 0 0 0 1 1 1 1 1 1 0 0 0 0 0 0 0 0 0 0 0 0 0 0 0
0.0 0.0 0.0641513663297 0.0454122096232 0.270515549717 0.155782048856 0.0 0.199987780969 0.0 0.245568967899 0.191229303771 0.0 0.0 0.0 0.0 0.0698114717005 0.0 0.327229174952 0.0 0.0 0.0 0.0 0.293274545406 0.210769766327 0.169312921192 0.0 0.0 0.0 0.107309939103 0.157421393915 0.304803680462 0.250307186407 0.075242220976 0.279999558005 0.0 0.0 0.0 0.0 0.0 0.0 0.0 0.0 0.0 0.0 0.0 0.0 0.0 0.0 0.0
a353ocl6lm6m4o
He said that the extremists whom attacked Mambae used Pakistani earth.
he said that the extremists whom attacked mambae used pakistani earth
0 0 1 1 1 0 1 0 0 1 1 0 0 0 0 0 0 0 0 0 1 0 0 0 0 0 0 0 0 0 0 0 0 0 1 1 1 1 0 0 0 0 0 0 0 0 0 0 0
0.0 0.0 0.110806905479 0.0392196355837 0.467254131329 0.0 0.55577795731 0.0 0.0 0.424164580916 0.33030516106 0.0 0.0 0.0 0.0 0.0 0.0 0.0 0.0 0.0 0.201403044227 0.0 0.0 0.0 0.0 0.0 0.0 0.0 0.0 0.0 0.0 0.0 0.0 0.0 0.215140186337 0.59136694514 0.780407085293 0.640366627025 0.0 0.0 0.0 0.0 0.0 0.0 0.0 0.0 0.0 0.0 0.0
a2de039cxxjuga
he believed the terrorists involved in Mumbai Attacks used the Pakistani soil.
he believed the terrorists involved in mumbai attacks used the pakistani soil
0 0 0 2 0 0 0 1 0 1 1 0 0 0 0 0 0 0 1 1 0 0 0 0 1 0 0 0 0 0 0 0 0 0 1 0 0 0 1 1 1 0 0 0 0 0 0 0 0
0.0 0.0 0.0 0.0719026652368 0.0 0.0 0.0 0.316647319867 0.0 0.388817532506 0.302779730971 0.0 0.0 0.0 0.0 0.0 0.0 0.0 0.386908010879 0.58700274144 0.0 0.0 0.0 0.0 0.268078791888 0.0 0.0 0.0 0.0 0.0 0.0 0.0 0.0 0.0 0.197211837476 0.0 0.0 0.0 0.568407445497 0.423997531396 0.0850703969812 0.0 0.0 0.0 0.0 0.0 0.0 0.0 0.0
a8v7wa74iohz9
She says that no doubt the extremists responsible for Mumbai attacks used Pakistani soil.
she says that no doubt the extremists responsible for mumbai attacks used pakistani soil
0 0 1 1 1 0 0 1 0 1 1 0 1 1 0 0 1 1 0 1 0 0 0 0 1 0 0 0 0 0 0 0 0 0 0 0 0 0 0 0 0 1 1 0 0 0 0 0 0
0.0 0.0 0.0870625685903 0.0308154279586 0.367128246044 0.0 0.0 0.271411988457 0.0 0.33327217072 0.25952548369 0.0 0.297545523602 0.315006476309 0.0 0.0 0.239526380098 0.444096737435 0.0 0.503145206948 0.0 0.0 0.0 0.0 0.229781821618 0.0 0.0 0.0 0.0 0.0 0.0 0.0 0.0 0.0 0.0 0.0 0.0 0.0 0.0 0.0 0.0 0.380915163609 0.137849711215 0.0 0.0 0.0 0.0 0.0 0.0
a6tw9zegog7ph
It is their claim that without a doubt, the extremists who carried out the Mumbai attacks used Pakistani land.
it is their claim that without a doubt the extremists who carried out the mumbai attacks used pakistani land
0 0 1 2 1 1 0 1 0 1 1 0 0 0 0 1 0 1 0 0 0 0 1 1 1 0 0 0 1 1 1 1 1 1 0 0 0 0 0 0 0 0 0 0 0 0 0 0 0
0.0 0.0 0.0641513663297 0.0454122096232 0.270515549717 0.155782048856 0.0 0.199987780969 0.0 0.245568967899 0.191229303771 0.0 0.0 0.0 0.0 0.0698114717005 0.0 0.327229174952 0.0 0.0 0.0 0.0 0.293274545406 0.210769766327 0.169312921192 0.0 0.0 0.0 0.107309939103 0.157421393915 0.304803680462 0.250307186407 0.075242220976 0.279999558005 0.0 0.0 0.0 0.0 0.0 0.0 0.0 0.0 0.0 0.0 0.0 0.0 0.0 0.0 0.0
a230hf2okthmdz
It is their claim that without a doubt, the extremists who carried out the Mumbai attacks used Pakistani land.
it is their claim that without a doubt the extremists who carried out the mumbai attacks used pakistani land
0 0 1 2 1 1 0 1 0 1 1 0 0 0 0 1 0 1 0 0 0 0 1 1 1 0 0 0 1 1 1 1 1 1 0 0 0 0 0 0 0 0 0 0 0 0 0 0 0
0.0 0.0 0.0641513663297 0.0454122096232 0.270515549717 0.155782048856 0.0 0.199987780969 0.0 0.245568967899 0.191229303771 0.0 0.0 0.0 0.0 0.0698114717005 0.0 0.327229174952 0.0 0.0 0.0 0.0 0.293274545406 0.210769766327 0.169312921192 0.0 0.0 0.0 0.107309939103 0.157421393915 0.304803680462 0.250307186407 0.075242220976 0.279999558005 0.0 0.0 0.0 0.0 0.0 0.0 0.0 0.0 0.0 0.0 0.0 0.0 0.0 0.0 0.0
a1g9f1kosfkijh
It is their claim that, without a doubt, the extremists who carried out the Mumbai attacks used Pakistani land.
it is their claim that without a doubt the extremists who carried out the mumbai attacks used pakistani land
0 0 1 2 1 1 0 1 0 1 1 0 0 0 0 1 0 1 0 0 0 0 1 1 1 0 0 0 1 1 1 1 1 1 0 0 0 0 0 0 0 0 0 0 0 0 0 0 0
0.0 0.0 0.0641513663297 0.0454122096232 0.270515549717 0.155782048856 0.0 0.199987780969 0.0 0.245568967899 0.191229303771 0.0 0.0 0.0 0.0 0.0698114717005 0.0 0.327229174952 0.0 0.0 0.0 0.0 0.293274545406 0.210769766327 0.169312921192 0.0 0.0 0.0 0.107309939103 0.157421393915 0.304803680462 0.250307186407 0.075242220976 0.279999558005 0.0 0.0 0.0 0.0 0.0 0.0 0.0 0.0 0.0 0.0 0.0 0.0 0.0 0.0 0.0
a230hf2okthmdz
He said that the extremists who attacked Mumbai used Pakistani earth satellite.
he said that the extremists who attacked mumbai used pakistani earth satellite
0 0 1 1 1 1 1 1 0 1 1 0 0 0 0 0 0 0 0 0 1 0 0 0 0 0 0 0 0 0 0 0 0 0 1 0 0 1 0 0 0 0 0 1 0 0 0 0 0
0.0 0.0 0.101572996689 0.0359513326184 0.428316287052 0.246654910688 0.509463127534 0.316647319867 0.0 0.388817532506 0.302779730971 0.0 0.0 0.0 0.0 0.0 0.0 0.0 0.0 0.0 0.184619457208 0.0 0.0 0.0 0.0 0.0 0.0 0.0 0.0 0.0 0.0 0.0 0.0 0.0 0.197211837476 0.0 0.0 0.58700274144 0.0 0.0 0.0 0.0 0.0 0.864686450621 0.0 0.0 0.0 0.0 0.0
al2rcq9eyun61
He said that the extremists whom attacked Mambae used Pakistani earth.
he said that the extremists whom attacked mambae used pakistani earth
0 0 1 1 1 0 1 0 0 1 1 0 0 0 0 0 0 0 0 0 1 0 0 0 0 0 0 0 0 0 0 0 0 0 1 1 1 1 0 0 0 0 0 0 0 0 0 0 0
0.0 0.0 0.110806905479 0.0392196355837 0.467254131329 0.0 0.55577795731 0.0 0.0 0.424164580916 0.33030516106 0.0 0.0 0.0 0.0 0.0 0.0 0.0 0.0 0.0 0.201403044227 0.0 0.0 0.0 0.0 0.0 0.0 0.0 0.0 0.0 0.0 0.0 0.0 0.0 0.215140186337 0.59136694514 0.780407085293 0.640366627025 0.0 0.0 0.0 0.0 0.0 0.0 0.0 0.0 0.0 0.0 0.0
a6tw9zegog7ph
He said that the extremists whom attacked Mumbai used Pakistani earth.
he said that the extremists whom attacked mumbai used pakistani earth
0 0 1 1 1 0 1 1 0 1 1 0 0 0 0 0 0 0 0 0 1 0 0 0 0 0 0 0 0 0 0 0 0 0 1 1 0 1 0 0 0 0 0 0 0 0 0 0 0
0.0 0.0 0.110806905479 0.0392196355837 0.467254131329 0.0 0.55577795731 0.345433439855 0.0 0.424164580916 0.33030516106 0.0 0.0 0.0 0.0 0.0 0.0 0.0 0.0 0.0 0.201403044227 0.0 0.0 0.0 0.0 0.0 0.0 0.0 0.0 0.0 0.0 0.0 0.0 0.0 0.215140186337 0.59136694514 0.0 0.640366627025 0.0 0.0 0.0 0.0 0.0 0.0 0.0 0.0 0.0 0.0 0.0
a1dndzlo2d5d48
He believed the terrorists involved in the Mumbai Attacks were from Pakistan.
he believed the terrorists involved in the mumbai attacks were from pakistan
0 0 0 2 0 0 0 1 0 0 0 0 0 0 0 0 0 0 1 0 0 0 0 0 1 0 0 0 0 0 0 0 0 0 1 0 0 0 1 1 1 0 0 0 1 1 1 0 0
0.0 0.0 0.0 0.0719026652368 0.0 0.0 0.0 0.316647319867 0.0 0.0 0.0 0.0 0.0 0.0 0.0 0.0 0.0 0.0 0.386908010879 0.0 0.0 0.0 0.0 0.0 0.268078791888 0.0 0.0 0.0 0.0 0.0 0.0 0.0 0.0 0.0 0.197211837476 0.0 0.0 0.0 0.568407445497 0.423997531396 0.0850703969812 0.0 0.0 0.0 0.243267109861 0.197878952446 0.198102516184 0.0 0.0
a3edprdq0s0hp3
he believed the terrorists involved in Mumbai Attacks used the Pakistani soil.
he believed the terrorists involved in mumbai attacks used the pakistani soil
0 0 0 2 0 0 0 1 0 1 1 0 0 0 0 0 0 0 1 1 0 0 0 0 1 0 0 0 0 0 0 0 0 0 1 0 0 0 1 1 1 0 0 0 0 0 0 0 0
0.0 0.0 0.0 0.0719026652368 0.0 0.0 0.0 0.316647319867 0.0 0.388817532506 0.302779730971 0.0 0.0 0.0 0.0 0.0 0.0 0.0 0.386908010879 0.58700274144 0.0 0.0 0.0 0.0 0.268078791888 0.0 0.0 0.0 0.0 0.0 0.0 0.0 0.0 0.0 0.197211837476 0.0 0.0 0.0 0.568407445497 0.423997531396 0.0850703969812 0.0 0.0 0.0 0.0 0.0 0.0 0.0 0.0
a230hf2okthmdz
he believed the terrorists involved in Mumbai Attacks were from the Pakistani soil.
he believed the terrorists involved in mumbai attacks were from the pakistani soil
0 0 0 2 0 0 0 1 0 0 1 0 0 0 0 0 0 0 1 1 0 0 0 0 1 0 0 0 0 0 0 0 0 0 1 0 0 0 1 1 1 0 0 0 1 1 0 0 0
0.0 0.0 0.0 0.0663716909878 0.0 0.0 0.0 0.292289833723 0.0 0.0 0.279488982435 0.0 0.0 0.0 0.0 0.0 0.0 0.0 0.357145856196 0.541848684406 0.0 0.0 0.0 0.0 0.247457346358 0.0 0.0 0.0 0.0 0.0 0.0 0.0 0.0 0.0 0.182041696131 0.0 0.0 0.0 0.524683795843 0.391382336673 0.0785265202904 0.0 0.0 0.0 0.224554255256 0.182657494565 0.0 0.0 0.0
a1uw8x9v1s5a2y
She says that the extremists responsible for the attacks in Mumbai undoubtedly used Pakistan as a base.
she says that the extremists responsible for the attacks in mumbai undoubtedly used pakistan as a base
0 0 1 2 1 0 0 1 1 1 0 0 1 1 0 0 0 0 0 0 0 0 0 0 1 0 0 0 0 0 0 0 1 0 0 0 0 0 0 0 1 1 1 0 0 0 1 1 1
0.0 0.0 0.0716985858979 0.0507548225201 0.302340908507 0.0 0.0 0.2235157552 0.47492072438 0.27445943471 0.0 0.0 0.245037490025 0.259417098137 0.0 0.0 0.0 0.0 0.0 0.0 0.0 0.0 0.0 0.0 0.189232088391 0.0 0.0 0.0 0.0 0.0 0.0 0.0 0.0840942469732 0.0 0.0 0.0 0.0 0.0 0.0 0.0 0.0600496919867 0.313694840619 0.113523291589 0.0 0.0 0.0 0.139837070247 0.155780109726 0.488046815634
