urd-wl-72-174253-11359789-post1__2
he is smiling as if his smile an indication it appears from indicates seems looks that joy like i can tell way thinks america with government
He is smiling as if
he is smiling as if
1 1 1 1 1 0 0 0 0 0 0 0 0 0 0 0 0 0 0 0 0 0 0 0 0 0
0.473308409941 0.265283592462 1.3585436938 0.529652373069 0.603736241308 0.0 0.0 0.0 0.0 0.0 0.0 0.0 0.0 0.0 0.0 0.0 0.0 0.0 0.0 0.0 0.0 0.0 0.0 0.0 0.0 0.0
His smile is an indication
his smile is an indication
0 1 0 0 0 1 1 1 1 0 0 0 0 0 0 0 0 0 0 0 0 0 0 0 0 0
0.0 0.265283592462 0.0 0.0 0.0 0.533475561281 1.50860481268 0.586748936931 1.71689558764 0.0 0.0 0.0 0.0 0.0 0.0 0.0 0.0 0.0 0.0 0.0 0.0 0.0 0.0 0.0 0.0 0.0
It appears from his smile
it appears from his smile
0 0 0 0 0 1 1 0 0 1 1 1 0 0 0 0 0 0 0 0 0 0 0 0 0 0
0.0 0.0 0.0 0.0 0.0 0.533475561281 1.50860481268 0.0 0.0 0.407777768591 1.43963671542 0.47490948587 0.0 0.0 0.0 0.0 0.0 0.0 0.0 0.0 0.0 0.0 0.0 0.0 0.0 0.0
His smile indicates
his smile indicates
0 0 0 0 0 1 1 0 0 0 0 0 1 0 0 0 0 0 0 0 0 0 0 0 0 0
0.0 0.0 0.0 0.0 0.0 0.889125935468 2.51434135446 0.0 0.0 0.0 0.0 0.0 2.49528854985 0.0 0.0 0.0 0.0 0.0 0.0 0.0 0.0 0.0 0.0 0.0 0.0 0.0
a1wyssw33m2fz2
It seems from his smile
it seems from his smile
0 0 0 0 0 1 1 0 0 1 0 1 0 1 0 0 0 0 0 0 0 0 0 0 0 0
0.0 0.0 0.0 0.0 0.0 0.533475561281 1.50860481268 0.0 0.0 0.407777768591 0.0 0.47490948587 0.0 1.11774913293 0.0 0.0 0.0 0.0 0.0 0.0 0.0 0.0 0.0 0.0 0.0 0.0
a143bvgouf83je
it looks from his smile
it looks from his smile
0 0 0 0 0 1 1 0 0 1 0 1 0 0 1 0 0 0 0 0 0 0 0 0 0 0
0.0 0.0 0.0 0.0 0.0 0.533475561281 1.50860481268 0.0 0.0 0.407777768591 0.0 0.47490948587 0.0 0.0 1.33747159067 0.0 0.0 0.0 0.0 0.0 0.0 0.0 0.0 0.0 0.0 0.0
a3dd3acpmvdvca
It seems from his smile that
it seems from his smile that
0 0 0 0 0 1 1 0 0 1 0 1 0 1 0 1 0 0 0 0 0 0 0 0 0 0
0.0 0.0 0.0 0.0 0.0 0.444562967734 1.25717067723 0.0 0.0 0.339814807159 0.0 0.395757904892 0.0 0.931457610778 0.0 0.203145993377 0.0 0.0 0.0 0.0 0.0 0.0 0.0 0.0 0.0 0.0
a132zmwemnnusa
From his joy it looks like
from his joy it looks like
0 0 0 0 0 1 0 0 0 1 0 1 0 0 1 0 1 1 0 0 0 0 0 0 0 0
0.0 0.0 0.0 0.0 0.0 0.444562967734 0.0 0.0 0.0 0.339814807159 0.0 0.395757904892 0.0 0.0 1.11455965889 0.0 1.31522179294 0.635632218959 0.0 0.0 0.0 0.0 0.0 0.0 0.0 0.0
ajcv8bvciqxhp
It seems from his smile
it seems from his smile
0 0 0 0 0 1 1 0 0 1 0 1 0 1 0 0 0 0 0 0 0 0 0 0 0 0
0.0 0.0 0.0 0.0 0.0 0.533475561281 1.50860481268 0.0 0.0 0.407777768591 0.0 0.47490948587 0.0 1.11774913293 0.0 0.0 0.0 0.0 0.0 0.0 0.0 0.0 0.0 0.0 0.0 0.0
a16w65rrfhr02y
It seems from his smile
it seems from his smile
0 0 0 0 0 1 1 0 0 1 0 1 0 1 0 0 0 0 0 0 0 0 0 0 0 0
0.0 0.0 0.0 0.0 0.0 0.533475561281 1.50860481268 0.0 0.0 0.407777768591 0.0 0.47490948587 0.0 1.11774913293 0.0 0.0 0.0 0.0 0.0 0.0 0.0 0.0 0.0 0.0 0.0 0.0
a2kyfqwkbpwvxn
From his smile, I can tell
from his smile i can tell
0 0 0 0 0 1 1 0 0 0 0 1 0 0 0 0 0 0 1 1 1 0 0 0 0 0
0.0 0.0 0.0 0.0 0.0 0.444562967734 1.25717067723 0.0 0.0 0.0 0.0 0.395757904892 0.0 0.0 0.0 0.0 0.0 0.0 0.534481231797 0.531178278172 0.856632574103 0.0 0.0 0.0 0.0 0.0
awyd61x2s4f8p
It looks that way, from his smile.
it looks that way from his smile
0 0 0 0 0 1 1 0 0 1 0 1 0 0 1 1 0 0 0 0 0 1 0 0 0 0
0.0 0.0 0.0 0.0 0.0 0.381053972343 1.0775748662 0.0 0.0 0.291269834708 0.0 0.339221061336 0.0 0.0 0.955336850477 0.174125137181 0.0 0.0 0.0 0.0 0.0 0.629282223951 0.0 0.0 0.0 0.0
a2bk4fasw056jr
it looks from his smile
it looks from his smile
0 0 0 0 0 1 1 0 0 1 0 1 0 0 1 0 0 0 0 0 0 0 0 0 0 0
0.0 0.0 0.0 0.0 0.0 0.533475561281 1.50860481268 0.0 0.0 0.407777768591 0.0 0.47490948587 0.0 0.0 1.33747159067 0.0 0.0 0.0 0.0 0.0 0.0 0.0 0.0 0.0 0.0 0.0
a1u6t1v9680bs9
it looks from his smile
it looks from his smile
0 0 0 0 0 1 1 0 0 1 0 1 0 0 1 0 0 0 0 0 0 0 0 0 0 0
0.0 0.0 0.0 0.0 0.0 0.533475561281 1.50860481268 0.0 0.0 0.407777768591 0.0 0.47490948587 0.0 0.0 1.33747159067 0.0 0.0 0.0 0.0 0.0 0.0 0.0 0.0 0.0 0.0 0.0
a6tw9zegog7ph
It seems from his smile that he thinks that America is with his government.
it seems from his smile that he thinks that america is with his government
1 1 0 0 0 2 1 0 0 1 0 1 0 1 0 2 0 0 0 0 0 0 1 1 1 1
0.169038717836 0.0947441401649 0.0 0.0 0.0 0.381053972343 0.5387874331 0.0 0.0 0.145634917354 0.0 0.169610530668 0.0 0.399196118905 0.0 0.174125137181 0.0 0.0 0.0 0.0 0.0 0.0 0.514155969793 0.219073217268 0.16856567921 0.215438102461
a1nee8mf6oybf8
It seems from his smile that
it seems from his smile that
0 0 0 0 0 1 1 0 0 1 0 1 0 1 0 1 0 0 0 0 0 0 0 0 0 0
0.0 0.0 0.0 0.0 0.0 0.444562967734 1.25717067723 0.0 0.0 0.339814807159 0.0 0.395757904892 0.0 0.931457610778 0.0 0.203145993377 0.0 0.0 0.0 0.0 0.0 0.0 0.0 0.0 0.0 0.0
a1395pss402i1j
It seems from his smile that.
it seems from his smile that
0 0 0 0 0 1 1 0 0 1 0 1 0 1 0 1 0 0 0 0 0 0 0 0 0 0
0.0 0.0 0.0 0.0 0.0 0.444562967734 1.25717067723 0.0 0.0 0.339814807159 0.0 0.395757904892 0.0 0.931457610778 0.0 0.203145993377 0.0 0.0 0.0 0.0 0.0 0.0 0.0 0.0 0.0 0.0
a1r2gh6o4tugpg
From his joy it looks like
from his joy it looks like
0 0 0 0 0 1 0 0 0 1 0 1 0 0 1 0 1 1 0 0 0 0 0 0 0 0
0.0 0.0 0.0 0.0 0.0 0.444562967734 0.0 0.0 0.0 0.339814807159 0.0 0.395757904892 0.0 0.0 1.11455965889 0.0 1.31522179294 0.635632218959 0.0 0.0 0.0 0.0 0.0 0.0 0.0 0.0
