urd-ng-102-174502-11516146-post164__3
are those people so fearless that they keep 50 to 70 as hostages and our army watches the show brave hold fifty seventy them a spectator doing nothing these guys powerful can take men hostage keeps watching spectacle idly enough kidnap 5070 merely just it spectators or like an audience with hand on merciless putting looks at bahadur held respond of questionably clever stands by mercilessly while sits comfortably applauds
Are those people so fearless that they keep 50 to 70 people as hostages and our army watches the show?
are those people so fearless that they keep 50 to 70 people as hostages and our army watches the show
1 1 2 1 1 1 1 1 1 1 1 1 1 1 1 1 1 1 1 0 0 0 0 0 0 0 0 0 0 0 0 0 0 0 0 0 0 0 0 0 0 0 0 0 0 0 0 0 0 0 0 0 0 0 0 0 0 0 0 0 0 0 0 0 0 0 0 0 0 0
0.105787227544 0.199636538628 0.273419300458 0.177865667109 0.484154511344 0.0609437980132 0.129671507231 0.26202194852 0.278610818136 0.0536203346193 0.371589921414 0.132413093267 0.484154511344 0.0500318433304 0.168932071223 0.176945229638 0.386859003892 0.021570799571 0.246259947694 0.0 0.0 0.0 0.0 0.0 0.0 0.0 0.0 0.0 0.0 0.0 0.0 0.0 0.0 0.0 0.0 0.0 0.0 0.0 0.0 0.0 0.0 0.0 0.0 0.0 0.0 0.0 0.0 0.0 0.0 0.0 0.0 0.0 0.0 0.0 0.0 0.0 0.0 0.0 0.0 0.0 0.0 0.0 0.0 0.0 0.0 0.0 0.0 0.0 0.0 0.0
Are they so brave that they hold fifty, seventy people as hostages, and our army watches them as a spectator doing nothing.
are they so brave that they hold fifty seventy people as hostages and our army watches them as a spectator doing nothing
1 0 1 1 0 1 2 0 0 0 0 2 1 1 1 1 1 0 0 1 1 1 1 1 1 1 1 1 0 0 0 0 0 0 0 0 0 0 0 0 0 0 0 0 0 0 0 0 0 0 0 0 0 0 0 0 0 0 0 0 0 0 0 0 0 0 0 0 0 0
0.096170206858 0.0 0.124281500208 0.161696061008 0.0 0.0554034527393 0.235766376783 0.0 0.0 0.0 0.0 0.240751078668 0.440140464859 0.0454834939367 0.153574610203 0.160859299671 0.351690003538 0.0 0.0 0.284789251967 0.314113704757 0.337809019467 0.366984196112 0.156624665523 0.0649819181156 0.310040424816 0.213302620005 0.250047276557 0.0 0.0 0.0 0.0 0.0 0.0 0.0 0.0 0.0 0.0 0.0 0.0 0.0 0.0 0.0 0.0 0.0 0.0 0.0 0.0 0.0 0.0 0.0 0.0 0.0 0.0 0.0 0.0 0.0 0.0 0.0 0.0 0.0 0.0 0.0 0.0 0.0 0.0 0.0 0.0 0.0 0.0
Are these guys so powerful that they can take fifty to seventy men hostage and our army keeps watching the spectacle idly?
are these guys so powerful that they can take fifty to seventy men hostage and our army keeps watching the spectacle idly
1 0 0 1 0 1 1 0 0 1 0 0 0 1 1 1 0 1 0 0 0 1 1 0 0 0 0 0 1 1 1 1 1 1 1 1 1 1 1 0 0 0 0 0 0 0 0 0 0 0 0 0 0 0 0 0 0 0 0 0 0 0 0 0 0 0 0 0 0 0
0.096170206858 0.0 0.0 0.161696061008 0.0 0.0554034527393 0.117883188391 0.0 0.0 0.0487457587448 0.0 0.0 0.0 0.0454834939367 0.153574610203 0.160859299671 0.0 0.0196098177919 0.0 0.0 0.0 0.337809019467 0.366984196112 0.0 0.0 0.0 0.0 0.0 0.138986266313 0.421710232672 0.287081563496 0.144866803138 0.175997692451 0.242108245464 0.355058547727 0.292045167676 0.282607014731 0.440140464859 0.471647154884 0.0 0.0 0.0 0.0 0.0 0.0 0.0 0.0 0.0 0.0 0.0 0.0 0.0 0.0 0.0 0.0 0.0 0.0 0.0 0.0 0.0 0.0 0.0 0.0 0.0 0.0 0.0 0.0 0.0 0.0 0.0
Are they brave enough to kidnap 50-70 people? The army merely keeps watching as a spectator.
are they brave enough to kidnap 5070 people the army merely keeps watching as a spectator
1 0 1 0 0 0 1 0 0 1 0 1 0 0 0 1 0 1 0 1 0 0 0 0 1 1 0 0 0 0 0 0 0 0 0 1 1 0 0 1 1 1 1 0 0 0 0 0 0 0 0 0 0 0 0 0 0 0 0 0 0 0 0 0 0 0 0 0 0 0
0.13223403443 0.0 0.170887062786 0.0 0.0 0.0 0.162089384038 0.0 0.0 0.0670254182741 0.0 0.165516366584 0.0 0.0 0.0 0.221181537048 0.0 0.0269634994638 0.0 0.391585221455 0.0 0.0 0.0 0.0 0.089350137409 0.426305584123 0.0 0.0 0.0 0.0 0.0 0.0 0.0 0.0 0.0 0.401562105554 0.388584645256 0.0 0.0 0.380361122894 0.449886473569 0.536529871139 0.44252503384 0.0 0.0 0.0 0.0 0.0 0.0 0.0 0.0 0.0 0.0 0.0 0.0 0.0 0.0 0.0 0.0 0.0 0.0 0.0 0.0 0.0 0.0 0.0 0.0 0.0 0.0 0.0
a1wyssw33m2fz2
Are they so brave that they keep 50-70 people hostage and our army just watches it as spectators?
are they so brave that they keep 5070 people hostage and our army just watches it as spectators
1 0 1 1 0 1 2 1 0 0 0 1 0 1 1 1 1 0 0 1 0 0 0 0 0 0 0 0 0 0 0 0 0 0 1 0 0 0 0 0 0 1 0 1 1 1 0 0 0 0 0 0 0 0 0 0 0 0 0 0 0 0 0 0 0 0 0 0 0 0
0.117541363938 0.0 0.151899611365 0.19762851901 0.0 0.0677153311258 0.288158904957 0.291135498356 0.0 0.0 0.0 0.147125659186 0.0 0.0555909370338 0.187702301359 0.196605810709 0.429843337657 0.0 0.0 0.348075752404 0.0 0.0 0.0 0.0 0.0 0.0 0.0 0.0 0.0 0.0 0.0 0.0 0.0 0.0 0.433960447222 0.0 0.0 0.0 0.0 0.0 0.0 0.476915441012 0.0 0.253950135474 0.113271602386 0.419056892411 0.0 0.0 0.0 0.0 0.0 0.0 0.0 0.0 0.0 0.0 0.0 0.0 0.0 0.0 0.0 0.0 0.0 0.0 0.0 0.0 0.0 0.0 0.0 0.0
a3dd3acpmvdvca
Are these people so brave that they take 50 or 70 people hostage and our army watches like an audience, with hand on hand.
are these people so brave that they take 50 or 70 people hostage and our army watches like an audience with hand on hand
1 0 2 1 0 1 1 0 1 0 1 0 0 1 1 1 1 0 0 1 0 0 0 0 0 0 0 0 1 0 0 0 1 0 1 0 0 0 0 0 0 0 0 0 0 0 1 1 1 1 1 2 1 0 0 0 0 0 0 0 0 0 0 0 0 0 0 0 0 0
0.0881560229532 0.0 0.227849417048 0.148221389257 0.0 0.0507864983444 0.108059589359 0.0 0.23217568178 0.0 0.309658267845 0.0 0.0 0.0416932027753 0.140776726019 0.147454358032 0.322382503243 0.0 0.0 0.261056814303 0.0 0.0 0.0 0.0 0.0 0.0 0.0 0.0 0.127404077453 0.0 0.0 0.0 0.16133121808 0.0 0.325470335416 0.0 0.0 0.0 0.0 0.0 0.0 0.0 0.0 0.0 0.0 0.0 0.133877709025 0.15890805474 0.122239361861 0.351263635766 0.0983299795394 0.373486214432 0.0778536947859 0.0 0.0 0.0 0.0 0.0 0.0 0.0 0.0 0.0 0.0 0.0 0.0 0.0 0.0 0.0 0.0 0.0
a28z6a8uc4er3x
Are they so merciless that they kidnap fifty seventy men and our Army putting hand on hand looks at them like a spectator.
are they so merciless that they kidnap fifty seventy men and our army putting hand on hand looks at them like a spectator
1 0 0 1 0 1 2 0 0 0 0 0 0 1 1 1 0 0 0 0 0 1 1 1 1 1 0 0 0 0 0 0 0 1 0 0 0 0 0 0 1 0 0 0 0 0 0 1 0 0 0 2 1 1 1 1 1 0 0 0 0 0 0 0 0 0 0 0 0 0
0.0919888935164 0.0 0.0 0.154665797486 0.0 0.052994606968 0.225515664749 0.0 0.0 0.0 0.0 0.0 0.0 0.0435059507221 0.146897453238 0.153865417077 0.0 0.0 0.0 0.0 0.0 0.323121670795 0.351028361498 0.149814897456 0.062156617328 0.296560406346 0.0 0.0 0.0 0.0 0.0 0.0 0.0 0.231581800009 0.0 0.0 0.0 0.0 0.0 0.0 0.312964503352 0.0 0.0 0.0 0.0 0.0 0.0 0.165817100598 0.0 0.0 0.0 0.389724745494 0.0812386380375 0.325472419546 0.280191816292 0.290754693623 0.134678628919 0.0 0.0 0.0 0.0 0.0 0.0 0.0 0.0 0.0 0.0 0.0 0.0 0.0
alrghxunh1uv7
Are these people that they are so Bahadur 50 70 men are held hostage to our army and hand it to respond to keep the hand of spectators, questionably.
are these people that they are so bahadur 50 70 men are held hostage to our army and hand it to respond to keep the hand of spectators questionably
3 0 1 1 0 1 1 1 1 3 1 0 0 1 1 1 0 1 0 0 0 0 0 0 0 0 0 0 1 0 0 0 0 1 1 0 0 0 0 0 0 0 0 0 1 1 0 0 0 0 0 2 0 0 0 0 0 1 1 1 1 1 0 0 0 0 0 0 0 0
0.218870125953 0.0 0.0942825173992 0.122665977316 0.0 0.0420302055264 0.0894286256762 0.180704792083 0.192145391818 0.11093862335 0.25626891132 0.0 0.0 0.0345047195382 0.116504876706 0.122031192854 0.0 0.0148764134973 0.0 0.0 0.0 0.0 0.0 0.0 0.0 0.0 0.0 0.0 0.105437857203 0.0 0.0 0.0 0.0 0.183668324145 0.269354760344 0.0 0.0 0.0 0.0 0.0 0.0 0.0 0.0 0.0 0.070306511826 0.260104278048 0.0 0.0 0.0 0.0 0.0 0.30909203953 0.0 0.0 0.0 0.0 0.0 0.260104278048 0.17760312875 0.275115246022 0.0291971136539 0.333899662996 0.0 0.0 0.0 0.0 0.0 0.0 0.0 0.0
ah7pogjaytu4f
Are they so clever that they keep 50-70 people hostage and our army just watches it as spectators?
are they so clever that they keep 5070 people hostage and our army just watches it as spectators
1 0 1 1 0 1 2 1 0 0 0 1 0 1 1 1 1 0 0 0 0 0 0 0 0 0 0 0 0 0 0 0 0 0 1 0 0 0 0 0 0 1 0 1 1 1 0 0 0 0 0 0 0 0 0 0 0 0 0 0 0 0 1 0 0 0 0 0 0 0
0.117541363938 0.0 0.151899611365 0.19762851901 0.0 0.0677153311258 0.288158904957 0.291135498356 0.0 0.0 0.0 0.147125659186 0.0 0.0555909370338 0.187702301359 0.196605810709 0.429843337657 0.0 0.0 0.0 0.0 0.0 0.0 0.0 0.0 0.0 0.0 0.0 0.0 0.0 0.0 0.0 0.0 0.0 0.433960447222 0.0 0.0 0.0 0.0 0.0 0.0 0.476915441012 0.0 0.253950135474 0.113271602386 0.419056892411 0.0 0.0 0.0 0.0 0.0 0.0 0.0 0.0 0.0 0.0 0.0 0.0 0.0 0.0 0.0 0.0 0.433960447222 0.0 0.0 0.0 0.0 0.0 0.0 0.0
a2qxd8jqk5bvez
Are they so brave that they keep 50-70 people hostage and our army just watches it as spectators?
are they so brave that they keep 5070 people hostage and our army just watches it as spectators
1 0 1 1 0 1 2 1 0 0 0 1 0 1 1 1 1 0 0 1 0 0 0 0 0 0 0 0 0 0 0 0 0 0 1 0 0 0 0 0 0 1 0 1 1 1 0 0 0 0 0 0 0 0 0 0 0 0 0 0 0 0 0 0 0 0 0 0 0 0
0.117541363938 0.0 0.151899611365 0.19762851901 0.0 0.0677153311258 0.288158904957 0.291135498356 0.0 0.0 0.0 0.147125659186 0.0 0.0555909370338 0.187702301359 0.196605810709 0.429843337657 0.0 0.0 0.348075752404 0.0 0.0 0.0 0.0 0.0 0.0 0.0 0.0 0.0 0.0 0.0 0.0 0.0 0.0 0.433960447222 0.0 0.0 0.0 0.0 0.0 0.0 0.476915441012 0.0 0.253950135474 0.113271602386 0.419056892411 0.0 0.0 0.0 0.0 0.0 0.0 0.0 0.0 0.0 0.0 0.0 0.0 0.0 0.0 0.0 0.0 0.0 0.0 0.0 0.0 0.0 0.0 0.0 0.0
a6tw9zegog7ph
Are they so brave that they keep 50-70 people hostage and our army just watches it as spectators?
are they so brave that they keep 5070 people hostage and our army just watches it as spectators
1 0 1 1 0 1 2 1 0 0 0 1 0 1 1 1 1 0 0 1 0 0 0 0 0 0 0 0 0 0 0 0 0 0 1 0 0 0 0 0 0 1 0 1 1 1 0 0 0 0 0 0 0 0 0 0 0 0 0 0 0 0 0 0 0 0 0 0 0 0
0.117541363938 0.0 0.151899611365 0.19762851901 0.0 0.0677153311258 0.288158904957 0.291135498356 0.0 0.0 0.0 0.147125659186 0.0 0.0555909370338 0.187702301359 0.196605810709 0.429843337657 0.0 0.0 0.348075752404 0.0 0.0 0.0 0.0 0.0 0.0 0.0 0.0 0.0 0.0 0.0 0.0 0.0 0.0 0.433960447222 0.0 0.0 0.0 0.0 0.0 0.0 0.476915441012 0.0 0.253950135474 0.113271602386 0.419056892411 0.0 0.0 0.0 0.0 0.0 0.0 0.0 0.0 0.0 0.0 0.0 0.0 0.0 0.0 0.0 0.0 0.0 0.0 0.0 0.0 0.0 0.0 0.0 0.0
au2ar4vob7vlv
Are these people so brave that they can take 50 or 70 people hostage and our army watches them like an audience, with hand on hand?
are these people so brave that they can take 50 or 70 people hostage and our army watches them like an audience with hand on hand
1 0 2 1 0 1 1 0 1 0 1 0 0 1 1 1 1 0 0 1 0 0 0 1 0 0 0 0 1 0 0 1 1 0 1 0 0 0 0 0 0 0 0 0 0 0 1 1 1 1 1 2 1 0 0 0 0 0 0 0 0 0 0 0 0 0 0 0 0 0
0.0813747904183 0.0 0.210322538814 0.13681974393 0.0 0.0468798446256 0.0997473132542 0.0 0.214316013951 0.0 0.285838401088 0.0 0.0 0.0384860333311 0.129947747095 0.136111715106 0.297583849147 0.0 0.0 0.240975520895 0.0 0.0 0.0 0.132528563135 0.0 0.0 0.0 0.0 0.117603763803 0.0 0.0 0.122579602655 0.148921124381 0.0 0.300434155769 0.0 0.0 0.0 0.0 0.0 0.0 0.0 0.0 0.0 0.0 0.0 0.123579423716 0.146684358221 0.112836334025 0.324243356092 0.0907661349595 0.34475650563 0.0718649490331 0.0 0.0 0.0 0.0 0.0 0.0 0.0 0.0 0.0 0.0 0.0 0.0 0.0 0.0 0.0 0.0 0.0
acjl95je4qgk4
Are these people so brave that they take 50 or 70 people hostage and our army watches like an audience with hand on hand?
are these people so brave that they take 50 or 70 people hostage and our army watches like an audience with hand on hand
1 0 2 1 0 1 1 0 1 0 1 0 0 1 1 1 1 0 0 1 0 0 0 0 0 0 0 0 1 0 0 0 1 0 1 0 0 0 0 0 0 0 0 0 0 0 1 1 1 1 1 2 1 0 0 0 0 0 0 0 0 0 0 0 0 0 0 0 0 0
0.0881560229532 0.0 0.227849417048 0.148221389257 0.0 0.0507864983444 0.108059589359 0.0 0.23217568178 0.0 0.309658267845 0.0 0.0 0.0416932027753 0.140776726019 0.147454358032 0.322382503243 0.0 0.0 0.261056814303 0.0 0.0 0.0 0.0 0.0 0.0 0.0 0.0 0.127404077453 0.0 0.0 0.0 0.16133121808 0.0 0.325470335416 0.0 0.0 0.0 0.0 0.0 0.0 0.0 0.0 0.0 0.0 0.0 0.133877709025 0.15890805474 0.122239361861 0.351263635766 0.0983299795394 0.373486214432 0.0778536947859 0.0 0.0 0.0 0.0 0.0 0.0 0.0 0.0 0.0 0.0 0.0 0.0 0.0 0.0 0.0 0.0 0.0
a2bk4fasw056jr
Are these people so brave that they take 50 or 70 people hostage and our army watches like an audience, with hand on hand.
are these people so brave that they take 50 or 70 people hostage and our army watches like an audience with hand on hand
1 0 2 1 0 1 1 0 1 0 1 0 0 1 1 1 1 0 0 1 0 0 0 0 0 0 0 0 1 0 0 0 1 0 1 0 0 0 0 0 0 0 0 0 0 0 1 1 1 1 1 2 1 0 0 0 0 0 0 0 0 0 0 0 0 0 0 0 0 0
0.0881560229532 0.0 0.227849417048 0.148221389257 0.0 0.0507864983444 0.108059589359 0.0 0.23217568178 0.0 0.309658267845 0.0 0.0 0.0416932027753 0.140776726019 0.147454358032 0.322382503243 0.0 0.0 0.261056814303 0.0 0.0 0.0 0.0 0.0 0.0 0.0 0.0 0.127404077453 0.0 0.0 0.0 0.16133121808 0.0 0.325470335416 0.0 0.0 0.0 0.0 0.0 0.0 0.0 0.0 0.0 0.0 0.0 0.133877709025 0.15890805474 0.122239361861 0.351263635766 0.0983299795394 0.373486214432 0.0778536947859 0.0 0.0 0.0 0.0 0.0 0.0 0.0 0.0 0.0 0.0 0.0 0.0 0.0 0.0 0.0 0.0 0.0
a2rcbwy8ulhnj0
Are they so merciless that they kidnap fifty seventy men? And our Army stands by like a spectator.
are they so merciless that they kidnap fifty seventy men and our army stands by like a spectator
1 0 0 1 0 1 2 0 0 0 0 0 0 1 1 1 0 0 0 0 0 1 1 0 1 1 0 0 0 0 0 0 0 1 0 0 0 0 0 0 1 0 0 0 0 0 0 1 0 0 0 0 0 1 0 0 0 0 0 0 0 0 0 1 1 0 0 0 0 0
0.117541363938 0.0 0.0 0.19762851901 0.0 0.0677153311258 0.288158904957 0.0 0.0 0.0 0.0 0.0 0.0 0.0555909370338 0.187702301359 0.196605810709 0.0 0.0 0.0 0.0 0.0 0.41287769046 0.448536239692 0.0 0.0794223443636 0.378938296998 0.0 0.0 0.0 0.0 0.0 0.0 0.0 0.295910077789 0.0 0.0 0.0 0.0 0.0 0.0 0.399899087617 0.0 0.0 0.0 0.0 0.0 0.0 0.21187740632 0.0 0.0 0.0 0.0 0.0 0.415881424975 0.0 0.0 0.0 0.0 0.0 0.0 0.0 0.0 0.0 0.419056892411 0.138509336452 0.0 0.0 0.0 0.0 0.0
a3qu3km3iywhif
They mercilessly kidnap 50-70 men while our Army sits comfortably, watching them like spectators.
they mercilessly kidnap 5070 men while our army sits comfortably watching them like spectators
0 0 0 0 0 0 1 0 0 0 0 0 0 0 1 1 0 0 0 0 0 0 0 1 0 0 0 0 0 0 0 0 0 1 0 0 1 0 0 0 1 1 0 0 0 1 0 1 0 0 0 0 0 0 0 0 0 0 0 0 0 0 0 0 0 1 1 1 1 0
0.0 0.0 0.0 0.0 0.0 0.0 0.185245010329 0.0 0.0 0.0 0.0 0.0 0.0 0.0 0.241331530319 0.252778899483 0.0 0.0 0.0 0.0 0.0 0.0 0.0 0.246124474393 0.0 0.0 0.0 0.0 0.0 0.0 0.0 0.0 0.0 0.3804558143 0.0 0.0 0.444096737435 0.0 0.0 0.0 0.514155969793 0.613176995587 0.0 0.0 0.0 0.5387874331 0.0 0.272413808125 0.0 0.0 0.0 0.0 0.0 0.0 0.0 0.0 0.0 0.0 0.0 0.0 0.0 0.0 0.0 0.0 0.0 0.741159814818 0.283407758314 0.691649301921 0.741159814818 0.0
au2ar4vob7vlv
Are they so merciless that they kidnap fifty or seventy men and our Army applauds at them like a spectator?
are they so merciless that they kidnap fifty or seventy men and our army applauds at them like a spectator
1 0 0 1 0 1 2 0 0 0 0 0 0 1 1 1 0 0 0 0 0 1 1 1 1 1 0 0 0 0 0 0 0 1 0 0 0 0 0 0 1 0 0 0 0 0 1 1 0 0 0 0 0 1 0 0 1 0 0 0 0 0 0 0 0 0 0 0 0 1
0.105787227544 0.0 0.0 0.177865667109 0.0 0.0609437980132 0.259343014461 0.0 0.0 0.0 0.0 0.0 0.0 0.0500318433304 0.168932071223 0.176945229638 0.0 0.0 0.0 0.0 0.0 0.371589921414 0.403682615723 0.172287132075 0.0714801099272 0.341044467298 0.0 0.0 0.0 0.0 0.0 0.0 0.0 0.26631907001 0.0 0.0 0.0 0.0 0.0 0.0 0.359909178855 0.0 0.0 0.0 0.0 0.0 0.16065325083 0.190689665688 0.0 0.0 0.0 0.0 0.0 0.374293282478 0.0 0.0 0.154880423256 0.0 0.0 0.0 0.0 0.0 0.0 0.0 0.0 0.0 0.0 0.0 0.0 0.518811870372
a1rhjj60p0jwi3
Are these people that they are so Bahadur 50 70 men are held hostage to our army and hand it to respond to keep the hand of spectators, questionably.
are these people that they are so bahadur 50 70 men are held hostage to our army and hand it to respond to keep the hand of spectators questionably
3 0 1 1 0 1 1 1 1 3 1 0 0 1 1 1 0 1 0 0 0 0 0 0 0 0 0 0 1 0 0 0 0 1 1 0 0 0 0 0 0 0 0 0 1 1 0 0 0 0 0 2 0 0 0 0 0 1 1 1 1 1 0 0 0 0 0 0 0 0
0.218870125953 0.0 0.0942825173992 0.122665977316 0.0 0.0420302055264 0.0894286256762 0.180704792083 0.192145391818 0.11093862335 0.25626891132 0.0 0.0 0.0345047195382 0.116504876706 0.122031192854 0.0 0.0148764134973 0.0 0.0 0.0 0.0 0.0 0.0 0.0 0.0 0.0 0.0 0.105437857203 0.0 0.0 0.0 0.0 0.183668324145 0.269354760344 0.0 0.0 0.0 0.0 0.0 0.0 0.0 0.0 0.0 0.070306511826 0.260104278048 0.0 0.0 0.0 0.0 0.0 0.30909203953 0.0 0.0 0.0 0.0 0.0 0.260104278048 0.17760312875 0.275115246022 0.0291971136539 0.333899662996 0.0 0.0 0.0 0.0 0.0 0.0 0.0 0.0
