bbc_urd_20090123.0023__12
gary had hacked the american navy and nasa systems along with 97 computers has into including system garry those of he belonging to organizations such as us that gerry naval some from included his way government
Gary had hacked the American Navy and NASA systems along with 97 computers.
gary had hacked the american navy and nasa systems along with 97 computers
1 1 1 1 1 1 1 1 1 1 1 1 1 0 0 0 0 0 0 0 0 0 0 0 0 0 0 0 0 0 0 0 0 0 0 0
0.453761584075 0.263567765573 0.494230283759 0.0331858454939 0.242086425358 0.560399611853 0.0769720666622 0.575835819196 0.544646195496 0.379192310445 0.181532269919 0.575835819196 0.423746381307 0.0 0.0 0.0 0.0 0.0 0.0 0.0 0.0 0.0 0.0 0.0 0.0 0.0 0.0 0.0 0.0 0.0 0.0 0.0 0.0 0.0 0.0 0.0
Gary has hacked into 97 computers, including the American Navy and NASA system.
gary has hacked into 97 computers including the american navy and nasa system
1 0 1 1 1 1 1 1 0 0 0 1 1 1 1 1 1 0 0 0 0 0 0 0 0 0 0 0 0 0 0 0 0 0 0 0
0.453761584075 0.0 0.494230283759 0.0331858454939 0.242086425358 0.560399611853 0.0769720666622 0.575835819196 0.0 0.0 0.0 0.575835819196 0.423746381307 0.1575406089 0.352790556658 0.360192712973 0.467090178019 0.0 0.0 0.0 0.0 0.0 0.0 0.0 0.0 0.0 0.0 0.0 0.0 0.0 0.0 0.0 0.0 0.0 0.0 0.0
Garry had hacked into 97 computers, including those of American Navy and NASA.
garry had hacked into 97 computers including those of american navy and nasa
0 1 1 0 1 1 1 1 0 0 0 1 1 0 1 1 0 1 1 1 0 0 0 0 0 0 0 0 0 0 0 0 0 0 0 0
0.0 0.263567765573 0.494230283759 0.0 0.242086425358 0.560399611853 0.0769720666622 0.575835819196 0.0 0.0 0.0 0.575835819196 0.423746381307 0.0 0.352790556658 0.360192712973 0.0 0.648486712184 0.307133136351 0.0651320227664 0.0 0.0 0.0 0.0 0.0 0.0 0.0 0.0 0.0 0.0 0.0 0.0 0.0 0.0 0.0 0.0
He hacked into 97 computers belonging to organizations such as the US Navy and NASA.
he hacked into 97 computers belonging to organizations such as the us navy and nasa
0 0 1 1 0 1 1 1 0 0 0 1 1 0 1 0 0 0 0 0 1 1 1 1 1 1 1 0 0 0 0 0 0 0 0 0
0.0 0.0 0.428332912591 0.0287610660947 0.0 0.485679663606 0.0667091244405 0.49905770997 0.0 0.0 0.0 0.49905770997 0.3672468638 0.0 0.30575181577 0.0 0.0 0.0 0.0 0.0 0.15776946998 0.456658458856 0.0714937794924 0.335913288517 0.265176164861 0.176550791023 0.244625004723 0.0 0.0 0.0 0.0 0.0 0.0 0.0 0.0 0.0
a143bvgouf83je
Gary hacked 97 computers including that of American Navy and NASA.
gary hacked 97 computers including that of american navy and nasa
1 0 1 0 1 1 1 1 0 0 0 1 1 0 0 1 0 0 0 1 0 0 0 0 0 0 0 1 0 0 0 0 0 0 0 0
0.53626369027 0.0 0.584090335352 0.0 0.28610213906 0.662290450372 0.0909669878735 0.680533240869 0.0 0.0 0.0 0.680533240869 0.500791177909 0.0 0.0 0.42568229715 0.0 0.0 0.0 0.0769742087239 0.0 0.0 0.0 0.0 0.0 0.0 0.0 0.110806905479 0.0 0.0 0.0 0.0 0.0 0.0 0.0 0.0
a3dd3acpmvdvca
Gary hacked 97 computers, including those of the American Navy and NASA.
gary hacked 97 computers including those of the american navy and nasa
1 0 1 1 1 1 1 1 0 0 0 1 1 0 0 1 0 0 1 1 0 0 0 0 0 0 0 0 0 0 0 0 0 0 0 0
0.491575049414 0.0 0.535416140739 0.0359513326184 0.262260294138 0.607099579508 0.0833864055507 0.623822137463 0.0 0.0 0.0 0.623822137463 0.45905857975 0.0 0.0 0.390208772387 0.0 0.0 0.33272756438 0.0705596913302 0.0 0.0 0.0 0.0 0.0 0.0 0.0 0.0 0.0 0.0 0.0 0.0 0.0 0.0 0.0 0.0
alzgu09bjzsiw
Gerry has hacked 97 Computers Including American Navy and Nasa.
gerry has hacked 97 computers including american navy and nasa
0 0 1 0 1 1 1 1 0 0 0 1 1 1 0 1 0 0 0 0 0 0 0 0 0 0 0 0 1 0 0 0 0 0 0 0
0.0 0.0 0.642499368887 0.0 0.314712352966 0.728519495409 0.100063686661 0.748586564955 0.0 0.0 0.0 0.748586564955 0.550870295699 0.20480279157 0.0 0.468250526865 0.0 0.0 0.0 0.0 0.0 0.0 0.0 0.0 0.0 0.0 0.0 0.0 0.691050150465 0.0 0.0 0.0 0.0 0.0 0.0 0.0
a8v7wa74iohz9
Gary hacked 97 systems including American Naval and NASA.
gary hacked 97 systems including american naval and nasa
1 0 1 0 1 0 1 1 1 0 0 1 0 0 0 1 0 0 0 0 0 0 0 0 0 0 0 0 0 1 0 0 0 0 0 0
0.655433399219 0.0 0.713888187652 0.0 0.349680392184 0.0 0.111181874068 0.83176284995 0.786711171272 0.0 0.0 0.83176284995 0.0 0.0 0.0 0.520278363183 0.0 0.0 0.0 0.0 0.0 0.0 0.0 0.0 0.0 0.0 0.0 0.0 0.0 0.83176284995 0.0 0.0 0.0 0.0 0.0 0.0
a3m6cl5oao31z
Gary hacked 97 computers including that of American Navy and NASA.
gary hacked 97 computers including that of american navy and nasa
1 0 1 0 1 1 1 1 0 0 0 1 1 0 0 1 0 0 0 1 0 0 0 0 0 0 0 1 0 0 0 0 0 0 0 0
0.53626369027 0.0 0.584090335352 0.0 0.28610213906 0.662290450372 0.0909669878735 0.680533240869 0.0 0.0 0.0 0.680533240869 0.500791177909 0.0 0.0 0.42568229715 0.0 0.0 0.0 0.0769742087239 0.0 0.0 0.0 0.0 0.0 0.0 0.0 0.110806905479 0.0 0.0 0.0 0.0 0.0 0.0 0.0 0.0
ajh0yow6plss8
Gary hacked 97 computers, including some from the American Navy and NASA.
gary hacked 97 computers including some from the american navy and nasa
1 0 1 1 1 1 1 1 0 0 0 1 1 0 0 1 0 0 0 0 0 0 0 0 0 0 0 0 0 0 1 1 0 0 0 0
0.491575049414 0.0 0.535416140739 0.0359513326184 0.262260294138 0.607099579508 0.0833864055507 0.623822137463 0.0 0.0 0.0 0.623822137463 0.45905857975 0.0 0.0 0.390208772387 0.0 0.0 0.0 0.0 0.0 0.0 0.0 0.0 0.0 0.0 0.0 0.0 0.0 0.0 0.328876494118 0.197878952446 0.0 0.0 0.0 0.0
a3andctf0w1pqd
Gary hacked 97 computers including those of the American Navy and NASA.
gary hacked 97 computers including those of the american navy and nasa
1 0 1 1 1 1 1 1 0 0 0 1 1 0 0 1 0 0 1 1 0 0 0 0 0 0 0 0 0 0 0 0 0 0 0 0
0.491575049414 0.0 0.535416140739 0.0359513326184 0.262260294138 0.607099579508 0.0833864055507 0.623822137463 0.0 0.0 0.0 0.623822137463 0.45905857975 0.0 0.0 0.390208772387 0.0 0.0 0.33272756438 0.0705596913302 0.0 0.0 0.0 0.0 0.0 0.0 0.0 0.0 0.0 0.0 0.0 0.0 0.0 0.0 0.0 0.0
a2bk4fasw056jr
Gary hacked 97 computers, including those of the Navy and NASA.
gary hacked 97 computers including those of the navy and nasa
1 0 1 1 0 1 1 1 0 0 0 1 1 0 0 1 0 0 1 1 0 0 0 0 0 0 0 0 0 0 0 0 0 0 0 0
0.53626369027 0.0 0.584090335352 0.0392196355837 0.0 0.662290450372 0.0909669878735 0.680533240869 0.0 0.0 0.0 0.680533240869 0.500791177909 0.0 0.0 0.42568229715 0.0 0.0 0.362975524779 0.0769742087239 0.0 0.0 0.0 0.0 0.0 0.0 0.0 0.0 0.0 0.0 0.0 0.0 0.0 0.0 0.0 0.0
a1dndzlo2d5d48
Gary hacked 97 computers, including those of the American Navy and NASA.
gary hacked 97 computers including those of the american navy and nasa
1 0 1 1 1 1 1 1 0 0 0 1 1 0 0 1 0 0 1 1 0 0 0 0 0 0 0 0 0 0 0 0 0 0 0 0
0.491575049414 0.0 0.535416140739 0.0359513326184 0.262260294138 0.607099579508 0.0833864055507 0.623822137463 0.0 0.0 0.0 0.623822137463 0.45905857975 0.0 0.0 0.390208772387 0.0 0.0 0.33272756438 0.0705596913302 0.0 0.0 0.0 0.0 0.0 0.0 0.0 0.0 0.0 0.0 0.0 0.0 0.0 0.0 0.0 0.0
a3c1u2evw0nuff
Of the 97 computers Gary hacked, included the American Navy and NASA.
of the 97 computers gary hacked included the american navy and nasa
1 0 1 2 1 1 1 1 0 0 0 1 1 0 0 0 0 0 0 1 0 0 0 0 0 0 0 0 0 0 0 0 1 0 0 0
0.491575049414 0.0 0.535416140739 0.0719026652368 0.262260294138 0.607099579508 0.0833864055507 0.623822137463 0.0 0.0 0.0 0.623822137463 0.45905857975 0.0 0.0 0.0 0.0 0.0 0.0 0.0705596913302 0.0 0.0 0.0 0.0 0.0 0.0 0.0 0.0 0.0 0.0 0.0 0.0 0.427434444607 0.0 0.0 0.0
a291u81kgj6l9n
Gerry has hacked 97 computers, including the American Navy and NASA.
gerry has hacked 97 computers including the american navy and nasa
0 0 1 1 1 1 1 1 0 0 0 1 1 1 0 1 0 0 0 0 0 0 0 0 0 0 0 0 1 0 0 0 0 0 0 0
0.0 0.0 0.584090335352 0.0392196355837 0.28610213906 0.662290450372 0.0909669878735 0.680533240869 0.0 0.0 0.0 0.680533240869 0.500791177909 0.186184355973 0.0 0.42568229715 0.0 0.0 0.0 0.0 0.0 0.0 0.0 0.0 0.0 0.0 0.0 0.0 0.628227409514 0.0 0.0 0.0 0.0 0.0 0.0 0.0
a1fnqhv04k4cvd
Gerry hacked his way into 97 government computers belonging to the US Navy and NASA.
gerry hacked his way into 97 government computers belonging to the us navy and nasa
0 0 1 1 0 1 1 1 0 0 0 1 1 0 1 0 0 0 0 0 0 1 1 0 0 0 1 0 1 0 0 0 0 1 1 1
0.0 0.0 0.428332912591 0.0287610660947 0.0 0.485679663606 0.0667091244405 0.49905770997 0.0 0.0 0.0 0.49905770997 0.3672468638 0.0 0.30575181577 0.0 0.0 0.0 0.0 0.0 0.0 0.456658458856 0.0714937794924 0.0 0.0 0.0 0.244625004723 0.0 0.46070010031 0.0 0.0 0.0 0.0 0.177825187094 0.293665037844 0.201075562297
a230hf2okthmdz
Gerry hacked 97 Computers Including American Navy and Nasa.
gerry hacked 97 computers including american navy and nasa
0 0 1 0 1 1 1 1 0 0 0 1 1 0 0 1 0 0 0 0 0 0 0 0 0 0 0 0 1 0 0 0 0 0 0 0
0.0 0.0 0.713888187652 0.0 0.349680392184 0.80946610601 0.111181874068 0.83176284995 0.0 0.0 0.0 0.83176284995 0.612078106333 0.0 0.0 0.520278363183 0.0 0.0 0.0 0.0 0.0 0.0 0.0 0.0 0.0 0.0 0.0 0.0 0.767833500517 0.0 0.0 0.0 0.0 0.0 0.0 0.0
aonmraht4motn
Gary hacked 97 systems including the American Navy and NASA.
gary hacked 97 systems including the american navy and nasa
1 0 1 1 1 1 1 1 1 0 0 1 0 0 0 1 0 0 0 0 0 0 0 0 0 0 0 0 0 0 0 0 0 0 0 0
0.589890059297 0.0 0.642499368887 0.0431415991421 0.314712352966 0.728519495409 0.100063686661 0.748586564955 0.708040054145 0.0 0.0 0.748586564955 0.0 0.0 0.0 0.468250526865 0.0 0.0 0.0 0.0 0.0 0.0 0.0 0.0 0.0 0.0 0.0 0.0 0.0 0.0 0.0 0.0 0.0 0.0 0.0 0.0
